PHÂN NHÓM,SampleID,B?t trùng,-300,-299,-298,-297,-296,-295,-294,-293,-292,-291,-290,-289,-288,-287,-286,-285,-284,-283,-282,-281,-280,-279,-278,-277,-276,-275,-274,-273,-272,-271,-270,-269,-268,-267,-266,-265,-264,-263,-262,-261,-260,-259,-258,-257,-256,-255,-254,-253,-252,-251,-250,-249,-248,-247,-246,-245,-244,-243,-242,-241,-240,-239,-238,-237,-236,-235,-234,-233,-232,-231,-230,-229,-228,-227,-226,-225,-224,-223,-222,-221,-220,-219,-218,-217,-216,-215,-214,-213,-212,-211,-210,-209,-208,-207,-206,-205,-204,-203,-202,-201,-200,-199,-198,-197,-196,-195,-194,-193,-192,-191,-190,-189,-188,-187,-186,-185,-184,-183,-182,-181,-180,-179,-178,-177,-176,-175,-174,-173,-172,-171,-170,-169,-168,-167,-166,-165,-164,-163,-162,-161,-160,-159,-158,-157,-156,-155,-154,-153,-152,-151,-150,-149,-148,-147,-146,-145,-144,-143,-142,-141,-140,-139,-138,-137,-136,-135,-134,-133,-132,-131,-130,-129,-128,-127,-126,-125,-124,-123,-122,-121,-120,-119,-118,-117,-116,-115,-114,-113,-112,-111,-110,-109,-108,-107,-106,-105,-104,-103,-102,-101,-100,-99,-98,-97,-96,-95,-94,-93,-92,-91,-90,-89,-88,-87,-86,-85,-84,-83,-82,-81,-80,-79,-78,-77,-76,-75,-74,-73,-72,-71,-70,-69,-68,-67,-66,-65,-64,-63,-62,-61,-60,-59,-58,-57,-56,-55,-54,-53,-52,-51,-50,-49,-48,-47,-46,-45,-44,-43,-42,-41,-40,-39,-38,-37,-36,-35,-34,-33,-32,-31,-30,-29,-28,-27,-26,-25,-24,-23,-22,-21,-20,-19,-18,-17,-16,-15,-14,-13,-12,-11,-10,-9,-8,-7,-6,-5,-4,-3,-2,-1,0,1,2,3,4,5,6,7,8,9,10,11,12,13,14,15,16,17,18,19,20,21,22,23,24,25,26,27,28,29,30,31,32,33,34,35,36,37,38,39,40,41,42,43,44,45,46,47,48,49,50,51,52,53,54,55,56,57,58,59,60,61,62,63,64,65,66,67,68,69,70,71,72,73,74,75,76,77,78,79,80,81,82,83,84,85,86,87,88,89,90,91,92,93,94,95,96,97,98,99,100,101,102,103,104,105,106,107,108,109,110,111,112,113,114,115,116,117,118,119,120,121,122,123,124,125,126,127,128,129,130,131,132,133,134,135,136,137,138,139,140,141,142,143,144,145,146,147,148,149,150,151,152,153,154,155,156,157,158,159,160,161,162,163,164,165,166,167,168,169,170,171,172,173,174,175,176,177,178,179,180,181,182,183,184,185,186,187,188,189,190,191,192,193,194,195,196,197,198,199,200,201,202,203,204,205,206,207,208,209,210,211,212,213,214,215,216,217,218,219,220,221,222,223,224,225,226,227,228,229,230,231,232,233,234,235,236,237,238,239,240,241,242,243,244,245,246,247,248,249,250,251,252,253,254,255,256,257,258,259,260,261,262,263,264,265,266,267,268,269,270,271,272,273,274,275,276,277,278,279,280,281,282,283,284,285,286,287,288,289,290,291,292,293,294,295,296,297,298,299,300
CH?NG,HNGH001,HNGH001,7.65E-05,7.23E-05,7.83E-05,7.28E-05,7.44E-05,7.83E-05,8.47E-05,8.59E-05,8.44E-05,9.08E-05,9.01E-05,9.31E-05,9.52E-05,0.000100824,9.73E-05,9.80E-05,1.00E-04,0.00011325,0.000109554,0.000107077,0.000114312,0.000117065,0.000119385,0.000113919,0.000114273,0.000117772,0.000118795,0.000119699,0.000128861,0.000132165,0.000124339,0.000131142,0.000130356,0.00013417,0.000138928,0.000136647,0.000131693,0.000136058,0.000134209,0.000142978,0.000149781,0.000144237,0.00014404,0.00014286,0.000147854,0.000149978,0.000145849,0.000149703,0.000149781,0.000154775,0.000156152,0.000151905,0.000149309,0.000155758,0.000150646,0.00015277,0.000158157,0.000154972,0.000162247,0.000168892,0.000171173,0.000161814,0.000160202,0.000158393,0.00015796,0.000165904,0.000172589,0.000166415,0.000176324,0.00017192,0.000172471,0.000175499,0.000173454,0.000173218,0.000176875,0.00018179,0.000180571,0.000187807,0.000183245,0.000191228,0.00018879,0.000195042,0.000187492,0.000200115,0.000200311,0.000205187,0.000211912,0.000206682,0.000214428,0.000216748,0.000212973,0.000218125,0.000227955,0.000219658,0.00023468,0.000240381,0.000246477,0.000246712,0.00024801,0.00025497,0.000245454,0.000251942,0.00026661,0.000266217,0.000278367,0.00027998,0.000279901,0.000286153,0.000287805,0.00029736,0.000292484,0.000308607,0.000317572,0.000313915,0.000316353,0.000323786,0.000332476,0.000334009,0.000344627,0.000347143,0.00034911,0.000349778,0.000357053,0.000356345,0.000361457,0.00036244,0.000364524,0.000381354,0.000374237,0.000377579,0.000381276,0.000387017,0.000390202,0.000396651,0.000393584,0.000392797,0.00038859,0.000402746,0.000401527,0.000397162,0.000402628,0.000394842,0.000402117,0.000409549,0.000409549,0.000412144,0.000409785,0.000417807,0.000417256,0.000414464,0.000412577,0.000420953,0.000430036,0.000422643,0.0004298,0.000428739,0.000430862,0.000426694,0.000446041,0.000443367,0.000455478,0.000461534,0.00045709,0.000470382,0.000474393,0.000477656,0.000481707,0.000502626,0.00051812,0.000504475,0.000519378,0.000526456,0.000544191,0.000556617,0.000574352,0.000568257,0.000591418,0.000602192,0.000618826,0.000632196,0.000658778,0.000667744,0.000696135,0.000721184,0.000735183,0.000763928,0.00081721,0.000820828,0.000874504,0.000916973,0.000962666,0.001022476,0.001073282,0.001146304,0.001213311,0.001310281,0.001402061,0.001524434,0.001649835,0.001818885,0.001995013,0.002181364,0.002368266,0.002623237,0.002843642,0.003103646,0.003402933,0.003678548,0.003988413,0.004252899,0.004546563,0.004759851,0.005047184,0.005228385,0.005397041,0.005575803,0.005684099,0.005766166,0.005848784,0.005843514,0.005847132,0.005869703,0.005834627,0.00580541,0.005792473,0.005697705,0.005627867,0.005567231,0.005484299,0.005398417,0.005320361,0.005233064,0.005142543,0.005071879,0.004986234,0.004900156,0.00484821,0.004760323,0.004661033,0.004676054,0.004599571,0.004528475,0.004501539,0.004420533,0.004373503,0.004260882,0.004229502,0.004194662,0.004107758,0.004079092,0.004048538,0.004034893,0.003976262,0.00393631,0.003924316,0.003905717,0.003916963,0.003874848,0.003882359,0.003885111,0.003900329,0.003892819,0.003875399,0.003883774,0.003860141,0.003879095,0.00382711,0.003864467,0.003852552,0.003828919,0.00381897,0.003821448,0.003801275,0.003775322,0.003757154,0.003787826,0.003775911,0.003770092,0.003748189,0.00376207,0.003769974,0.003703046,0.003734898,0.003749093,0.003753497,0.003727544,0.003745279,0.003736077,0.003726286,0.003726482,0.003732027,0.003728685,0.00373883,0.003724831,0.003702456,0.003718185,0.003719876,0.003709416,0.003734583,0.003726325,0.003736785,0.00373997,0.003725971,0.003759042,0.0037069,0.003721567,0.00372546,0.003698917,0.003723258,0.003738909,0.003736864,0.0037452,0.003728252,0.003735684,0.003715905,0.003733049,0.003725539,0.003772254,0.003739813,0.003753891,0.003756958,0.00376321,0.00378763,0.003786686,0.003791483,0.003784995,0.003813032,0.00380678,0.003827896,0.00385558,0.003844216,0.003842839,0.003860102,0.003872528,0.003871506,0.003885269,0.003897852,0.00392935,0.003898992,0.003909295,0.003920738,0.003930254,0.003951725,0.003961791,0.00397351,0.00398043,0.004015113,0.004084676,0.004100365,0.004130487,0.004179955,0.00423894,0.004298711,0.004314401,0.004416168,0.004465715,0.004519509,0.004565399,0.004604801,0.004671335,0.004754032,0.004807393,0.004880337,0.004939321,0.005009552,0.005073138,0.005191972,0.005301329,0.005373762,0.005530149,0.005555906,0.005645248,0.005729124,0.005788501,0.005889444,0.005913116,0.00598024,0.006006272,0.006016378,0.006061796,0.006039186,0.006024872,0.005951023,0.00587686,0.005800338,0.005676274,0.00556031,0.005364324,0.005163541,0.004931771,0.004667088,0.004382744,0.004088962,0.003833992,0.003518346,0.003261645,0.002997041,0.00272355,0.002500746,0.002306215,0.002086635,0.001880347,0.001702017,0.001589868,0.00145849,0.001364233,0.001260263,0.001188341,0.001110992,0.001045166,0.000976665,0.000921023,0.000885121,0.000828614,0.000801009,0.000762001,0.0007388,0.000720987,0.000690944,0.000663772,0.000650166,0.000636403,0.000611984,0.000592833,0.000582767,0.000567903,0.000562673,0.000542736,0.0005274,0.000535422,0.000508289,0.000509429,0.000507738,0.000501604,0.000481589,0.000476398,0.000481077,0.000471601,0.000459135,0.000460669,0.000445215,0.000457838,0.000443367,0.000444507,0.000435738,0.000427244,0.000443367,0.000428699,0.000425042,0.000421739,0.00041643,0.000430076,0.000425711,0.000406049,0.00041588,0.000410453,0.000412184,0.000411712,0.000397831,0.000400741,0.000397359,0.000403886,0.000400623,0.000393269,0.000400426,0.00039901,0.000398696,0.000390202,0.000392325,0.000384107,0.000385562,0.000381748,0.000378798,0.000376793,0.000370737,0.000367591,0.000357446,0.000355047,0.00035375,0.000353828,0.000352295,0.000353317,0.000339711,0.000335504,0.000326656,0.000328426,0.000319617,0.000312578,0.000305815,0.000300152,0.000298068,0.000297242,0.000295827,0.000287294,0.000283715,0.000276834,0.000269795,0.000266885,0.000254656,0.000254852,0.000251824,0.000243449,0.000246083,0.000248049,0.000236135,0.000239162,0.000238651,0.000223905,0.00022127,0.000227444,0.000210929,0.000210614,0.00020621,0.00020971,0.000199918,0.000200311,0.000203968,0.000203496,0.000201058,0.000196379,0.000194649,0.000193115,0.00019111,0.000188278,0.0001847,0.000180532,0.000175066,0.000184307,0.000180964,0.00017833,0.00017483,0.00017892,0.000182341,0.000179313,0.000174201,0.000170662,0.000167241,0.000166494,0.000170937,0.000163977,0.000158118,0.000159061,0.000163033,0.000153084,0.000164921,0.000159887,0.000162876,0.000157567,0.000175302,0.000162719,0.00015855,0.000161224,0.000156938,0.000166258,0.000177701,0.000159927,0.000145613,0.00014927,0.000155719,0.000151118,0.00014463,0.000150725,0.000137395,0.000142389,0.000140147,0.000145928,0.000128665,0.000130749,0.00014522,0.000131299,0.000130159,0.000136647,0.000123002,0.000118952,0.000120604,0.000115531,0.000114862,0.000116042,0.000117969,0.000110458,0.000111087,0.000111245,0.00010456,0.000101965,9.73E-05,0.000100588,9.10E-05,8.58E-05,9.19E-05,8.77E-05,9.05E-05,9.33E-05,8.46E-05,8.32E-05,8.74E-05,8.44E-05,7.78E-05,7.16E-05,7.29E-05,7.26E-05,6.96E-05
CH?NG,HNGH002,HNGH002,6.98E-05,6.89E-05,7.64E-05,7.49E-05,7.29E-05,8.03E-05,8.11E-05,8.43E-05,8.43E-05,9.14E-05,9.04E-05,9.16E-05,9.04E-05,9.51E-05,9.64E-05,9.61E-05,9.81E-05,0.000108957,0.000110535,0.000105869,0.000111911,0.000110434,0.000116745,0.000110468,0.000114496,0.000113086,0.000114227,0.000117315,0.000123626,0.000131682,0.000122652,0.000127721,0.000127049,0.000138294,0.000134233,0.000137354,0.00012715,0.000140677,0.000132017,0.0001439,0.000146854,0.000141047,0.000144974,0.000144638,0.000148096,0.000146753,0.000147659,0.000145612,0.000142759,0.000149304,0.000156521,0.000151855,0.000149338,0.000154608,0.000153567,0.000148868,0.000155782,0.000156252,0.00015491,0.000160045,0.000169243,0.000167094,0.000161925,0.000156118,0.000154037,0.000162596,0.000164812,0.000163268,0.000168471,0.000167128,0.000169746,0.000172566,0.000172129,0.000174882,0.000178171,0.000170955,0.000181964,0.000181427,0.000187906,0.000187704,0.000190692,0.000192169,0.000184213,0.000192874,0.000198513,0.000201802,0.000204521,0.000205327,0.000209925,0.000216504,0.00021533,0.000212812,0.000219156,0.000225601,0.000234328,0.000239128,0.000243358,0.000244902,0.000243391,0.00025571,0.000250105,0.000255408,0.000264941,0.000267928,0.000271755,0.000273635,0.00028018,0.000276286,0.0002878,0.000286659,0.000294177,0.000298239,0.000309551,0.000305187,0.000316466,0.000319185,0.000330261,0.000332846,0.000335431,0.00034681,0.000347145,0.000349394,0.000352013,0.000352684,0.000358088,0.000360539,0.00036178,0.000384841,0.000377288,0.000378396,0.000387157,0.000382155,0.000394911,0.000395783,0.000385109,0.000394877,0.000392292,0.00039622,0.00040008,0.000399308,0.000400416,0.000401624,0.000399543,0.000405283,0.000404779,0.000416024,0.000406055,0.000416393,0.000416695,0.000416863,0.000413305,0.000413909,0.000429585,0.000423207,0.00042596,0.00043076,0.000431498,0.000436735,0.000441702,0.000445865,0.000454558,0.000458452,0.00046483,0.000466508,0.000476209,0.000480908,0.000495476,0.000499403,0.000511487,0.000509641,0.000529815,0.000526089,0.000540556,0.000549015,0.000571605,0.000584562,0.000581172,0.00060299,0.000617491,0.000626621,0.000649647,0.000669418,0.000697211,0.000712618,0.000738632,0.000774079,0.000802946,0.000832619,0.000872999,0.000912574,0.000964703,0.001038684,0.001068592,0.001157308,0.001224878,0.001302148,0.001408688,0.001535738,0.001660639,0.001805109,0.001976064,0.002171925,0.002364563,0.002586673,0.002837046,0.003119509,0.003393278,0.003660401,0.003947462,0.00425171,0.004498021,0.004772931,0.005045257,0.005219434,0.005405728,0.005564397,0.005707659,0.005782647,0.00584451,0.00584112,0.005870625,0.005859783,0.00582427,0.005797719,0.005763078,0.00569383,0.005638512,0.005572923,0.005499916,0.005389348,0.005345107,0.005222958,0.005144245,0.005067008,0.004995041,0.004905519,0.004853357,0.004772226,0.004720937,0.004664914,0.004599862,0.004524237,0.004474827,0.00442018,0.004361036,0.004291251,0.004240565,0.004179105,0.004161013,0.004086965,0.004031513,0.004007714,0.003964245,0.003931619,0.003930075,0.003888855,0.003892245,0.003879926,0.003881638,0.003906679,0.003897381,0.003885767,0.003884793,0.003868379,0.003884055,0.003857,0.003848038,0.003858108,0.003848541,0.003804401,0.00382575,0.003820547,0.003799702,0.003778287,0.003800138,0.003787618,0.003781308,0.003769291,0.003750863,0.00378886,0.003754219,0.003739819,0.003749554,0.003760127,0.00373032,0.003725386,0.003750997,0.003732435,0.003728306,0.003761503,0.003725822,0.003735959,0.003718706,0.003721022,0.003715517,0.003734314,0.003695847,0.003730924,0.003709408,0.003740692,0.003726963,0.003747707,0.003745593,0.003767646,0.003713402,0.0037418,0.003745156,0.003742673,0.003707058,0.003721156,0.003744485,0.003726225,0.003735791,0.003737638,0.003718471,0.003751568,0.003742706,0.003769593,0.003752675,0.003770197,0.003769861,0.003792955,0.003801112,0.003823266,0.003803059,0.003812256,0.003796245,0.00381615,0.003830214,0.003852066,0.003855725,0.003867104,0.003879658,0.003877375,0.003871568,0.003880665,0.003893118,0.003887613,0.003906377,0.003895333,0.003929336,0.003924201,0.003951154,0.003968374,0.003959177,0.003994288,0.004014897,0.004043228,0.004114288,0.004121337,0.004174574,0.004218344,0.004294306,0.004365232,0.00442884,0.004455761,0.004529104,0.004589423,0.004628058,0.004675924,0.004744601,0.004778537,0.004864635,0.004928412,0.005018974,0.005139915,0.00518768,0.005306035,0.005386293,0.005516129,0.005588733,0.005669091,0.005753041,0.005809031,0.005900164,0.005931817,0.005997977,0.005985087,0.006029361,0.006062458,0.006060075,0.00602144,0.005970754,0.005918256,0.005816818,0.005674831,0.00551351,0.005345879,0.005134108,0.004913844,0.004670553,0.004388762,0.004082467,0.00383253,0.003540736,0.003266094,0.002987123,0.002727317,0.002500743,0.002274001,0.002066324,0.001900942,0.001710821,0.001560376,0.001433695,0.001340313,0.001263748,0.00117154,0.001121023,0.001035428,0.000956983,0.000917676,0.000886124,0.000843394,0.000792037,0.000758839,0.000739169,0.000710671,0.000689659,0.000672003,0.000657032,0.000629843,0.000612456,0.000597384,0.000577211,0.000577714,0.000569222,0.000551331,0.000535991,0.000527129,0.000503196,0.000515415,0.000501552,0.000501048,0.000493026,0.000490441,0.000472718,0.000469898,0.000461473,0.0004606,0.000451605,0.000451269,0.000438447,0.000440662,0.000442709,0.00043707,0.000441132,0.000434049,0.000425255,0.000424617,0.000423879,0.000417031,0.000418844,0.000406693,0.000409378,0.000409982,0.000414178,0.000411728,0.000404309,0.000401859,0.000405048,0.00040639,0.000397596,0.000392897,0.000404108,0.000392729,0.000391051,0.000384471,0.000384304,0.000381719,0.000379504,0.000375912,0.00038088,0.000371112,0.000375006,0.000369165,0.00036366,0.000362116,0.00035255,0.000360102,0.000346743,0.000357786,0.000335867,0.000337176,0.000320024,0.000327576,0.000320124,0.000309887,0.000297668,0.000295017,0.000297064,0.00029552,0.000298407,0.000282664,0.000288639,0.000283033,0.000270782,0.000272091,0.000256214,0.000252823,0.000251179,0.000251447,0.000238994,0.000246546,0.000242586,0.000231811,0.000240907,0.000223587,0.000219693,0.000221707,0.000215128,0.000213853,0.000207509,0.000209892,0.000201399,0.000199788,0.000208616,0.000204018,0.000198848,0.000198211,0.000188208,0.000192269,0.000187033,0.000188006,0.000178608,0.000181092,0.000179346,0.000178473,0.000180118,0.00017985,0.000173841,0.00018042,0.000183878,0.000183911,0.000170115,0.000169041,0.000167967,0.000167934,0.000170518,0.000158568,0.000160717,0.000160784,0.000163637,0.000154171,0.000161388,0.000158803,0.000160213,0.000147592,0.000177433,0.000157595,0.000150949,0.000164812,0.000159609,0.000166289,0.00016837,0.000153064,0.000146686,0.000144907,0.000154876,0.000152023,0.000140745,0.000144773,0.000136213,0.000135441,0.000131984,0.000145243,0.000127687,0.000132118,0.000147089,0.000132319,0.000129198,0.000123391,0.000119228,0.000118121,0.000120202,0.000115771,0.000113925,0.000113891,0.000119262,0.000106809,0.000104358,0.000106876,0.000101875,0.000101539,9.47E-05,0.000102277,9.25E-05,9.01E-05,8.91E-05,8.65E-05,8.92E-05,8.90E-05,8.35E-05,8.26E-05,8.64E-05,8.10E-05,7.74E-05,7.48E-05,6.96E-05,7.57E-05,6.99E-05
,HNGH003,#N/A,7.32E-05,7.27E-05,7.98E-05,7.61E-05,7.86E-05,7.85E-05,8.51E-05,8.78E-05,8.70E-05,9.63E-05,8.77E-05,9.43E-05,9.27E-05,9.80E-05,9.52E-05,9.76E-05,9.98E-05,0.000114711,0.000116747,0.000105943,0.00011678,0.000115992,0.000121181,0.000115466,0.0001132,0.000117141,0.000117897,0.000121049,0.000131131,0.000131788,0.000129489,0.000135203,0.00013343,0.000138586,0.000133397,0.000140458,0.000133299,0.000138947,0.000141082,0.000143151,0.000154054,0.000150803,0.000147453,0.000144333,0.000150211,0.000145351,0.000148208,0.000148569,0.000148405,0.000160261,0.000160885,0.000154743,0.000151591,0.000151361,0.000151656,0.000149555,0.000159243,0.000154973,0.000161574,0.000167879,0.000171032,0.000170868,0.000164793,0.000163348,0.000159013,0.000164727,0.000168306,0.000168799,0.00017586,0.000171361,0.000170211,0.000174809,0.000176681,0.000175039,0.000180786,0.00017783,0.000182264,0.000181048,0.000191459,0.000190901,0.000191689,0.000203084,0.000193462,0.000203446,0.000201344,0.000208503,0.000212017,0.000209817,0.000217435,0.000217731,0.000219603,0.000222197,0.000227091,0.000226861,0.000239044,0.000240522,0.000250013,0.000244529,0.00024998,0.000259799,0.000256417,0.000260095,0.000274939,0.000276285,0.000279832,0.000288633,0.000282098,0.000288797,0.000289454,0.000301572,0.000302886,0.000307943,0.000324462,0.000313034,0.000322623,0.00032548,0.00033103,0.000334741,0.000345644,0.000348534,0.000358484,0.000354544,0.000362754,0.000359535,0.00036768,0.000365118,0.000374905,0.000384198,0.000379305,0.000378714,0.000396185,0.000388336,0.000395397,0.000397269,0.000391095,0.000400881,0.000402622,0.000404198,0.000407975,0.000403541,0.000409748,0.000409453,0.000402162,0.000408008,0.00041116,0.000423278,0.000406793,0.000429912,0.000420947,0.000423771,0.000422786,0.000424001,0.000426759,0.000425577,0.000437728,0.000434181,0.00044157,0.000446431,0.000453918,0.000453064,0.000465544,0.000462096,0.00046088,0.000469025,0.000489451,0.000483737,0.000498515,0.000511356,0.000524755,0.00050817,0.000530009,0.000532275,0.000536709,0.000551191,0.000574442,0.000579697,0.000587316,0.000606527,0.000623407,0.000626297,0.000664687,0.000676707,0.000697954,0.000734801,0.000735425,0.000771385,0.000817657,0.000832238,0.000883962,0.000907935,0.000967934,0.001004453,0.001080511,0.001134829,0.001211149,0.001300475,0.001392132,0.001510554,0.00164983,0.001788153,0.001974489,0.002150972,0.002343285,0.002574579,0.002815988,0.00308252,0.003345899,0.003618966,0.00387686,0.004185034,0.00447081,0.004725026,0.004962593,0.00516745,0.005335691,0.005485344,0.005607674,0.005692402,0.005712927,0.005789609,0.00579621,0.005790299,0.005754241,0.00574337,0.00571828,0.00565769,0.005579465,0.005525015,0.005455361,0.00537349,0.005317202,0.00520814,0.005132443,0.005050933,0.004969686,0.004896026,0.004851527,0.004780296,0.00470125,0.004647326,0.004575373,0.004536326,0.004491039,0.00446989,0.004379941,0.004307298,0.004251765,0.004202505,0.004165888,0.004111997,0.004062933,0.004018829,0.003986941,0.003950652,0.003942147,0.00389732,0.003931047,0.003882279,0.003929438,0.003919914,0.003929832,0.003920045,0.003908551,0.003895251,0.003876499,0.003855219,0.0038698,0.003857879,0.003884315,0.003855678,0.003863166,0.003829538,0.003847567,0.003809012,0.003826352,0.003807469,0.003801952,0.003802477,0.003788192,0.003790655,0.003780803,0.003752888,0.00376031,0.003774432,0.003756205,0.003760146,0.003750655,0.003758734,0.003745499,0.003750819,0.003719227,0.003752067,0.003741624,0.003759522,0.003757486,0.003745762,0.003728751,0.003752658,0.003737749,0.003752823,0.003740015,0.003749506,0.00377141,0.003774596,0.003742544,0.003752527,0.003760245,0.003742051,0.003748783,0.00375325,0.003747174,0.00375059,0.003747207,0.00376146,0.003746714,0.003761066,0.003742938,0.003780934,0.003784973,0.003761263,0.003809833,0.003798602,0.003813446,0.003840933,0.003832822,0.003830523,0.003855416,0.003843987,0.003873609,0.003864414,0.003888749,0.003881392,0.003879488,0.003905103,0.003895218,0.00390021,0.003911638,0.003936892,0.003962311,0.003942048,0.003934758,0.003938239,0.003974297,0.003968485,0.003997056,0.003999552,0.004030323,0.004072917,0.004129402,0.004159714,0.004195871,0.004246051,0.004302273,0.004367264,0.004425129,0.00447659,0.004524733,0.00458112,0.004623911,0.004686866,0.004746865,0.004781643,0.004845583,0.004912905,0.005013725,0.005101277,0.005181211,0.005275922,0.005376643,0.005445805,0.005543275,0.005616377,0.005668363,0.00578245,0.005813878,0.005863172,0.005905437,0.005938507,0.005983039,0.005993383,0.005997653,0.005933713,0.005859953,0.005842318,0.005731318,0.005602748,0.005448268,0.005272506,0.005045876,0.004794089,0.004568936,0.004327232,0.004023427,0.003778274,0.003479165,0.003233848,0.002949057,0.002698978,0.002477208,0.002255175,0.002061548,0.001879121,0.001695051,0.001557746,0.001434923,0.001341821,0.001250098,0.001169771,0.001110757,0.001043368,0.000971612,0.000915554,0.00089539,0.000839332,0.000793848,0.00076439,0.000754801,0.000712733,0.000692043,0.000670763,0.0006505,0.000639039,0.000610895,0.000602553,0.000591289,0.000577825,0.000572176,0.000554935,0.000543408,0.000535362,0.000509878,0.00051152,0.000506594,0.000505379,0.0004929,0.000496775,0.000480158,0.000475626,0.000465905,0.000467383,0.000448303,0.000455757,0.000449091,0.000443442,0.000442556,0.00043914,0.000437597,0.000433032,0.000439534,0.000429058,0.000421439,0.000425971,0.000418385,0.00040873,0.000416842,0.000416579,0.000413558,0.00041809,0.000408829,0.000402852,0.000411095,0.000406825,0.000402819,0.000406694,0.000405709,0.000394642,0.000391358,0.000388796,0.000389289,0.000393853,0.000381965,0.000377827,0.000386858,0.000377236,0.000384264,0.000382392,0.000366465,0.000367121,0.000358977,0.000356711,0.000349125,0.000364429,0.000340554,0.000349716,0.000327286,0.000327844,0.000324593,0.000318321,0.000310538,0.000306761,0.000306827,0.000300291,0.000296351,0.000284134,0.000291195,0.00028085,0.000266663,0.000275202,0.000262394,0.000260653,0.00025819,0.000254808,0.00024998,0.000248765,0.000246565,0.00024466,0.000241245,0.000226598,0.000225744,0.000224693,0.000219275,0.000211229,0.000205777,0.000217994,0.000204792,0.000203544,0.000210802,0.000205449,0.000207649,0.000203741,0.000197337,0.000201114,0.000193823,0.000192575,0.000189521,0.00018696,0.000177961,0.000183216,0.000185974,0.000181475,0.000182493,0.000183873,0.000187321,0.000192116,0.000174973,0.000173988,0.000174382,0.00017274,0.00017251,0.000164858,0.000159965,0.000168832,0.000168405,0.000155335,0.000163676,0.000165679,0.00016072,0.000157403,0.000183216,0.000163249,0.00015829,0.00016742,0.000157633,0.000167847,0.000181344,0.000160622,0.000152674,0.000155991,0.000158947,0.000155499,0.000145154,0.000150737,0.000138652,0.000140392,0.000138816,0.000147847,0.000134054,0.000136944,0.000148241,0.000130343,0.00013169,0.000129489,0.000122724,0.000122166,0.000123085,0.000115499,0.000117897,0.000114514,0.000117929,0.000114908,0.000108439,0.000109719,0.000104596,0.000104202,9.97E-05,0.000105089,9.59E-05,9.12E-05,8.93E-05,8.45E-05,8.89E-05,9.27E-05,8.72E-05,8.35E-05,9.01E-05,8.39E-05,7.82E-05,7.68E-05,7.56E-05,7.17E-05,7.15E-05
CH?NG,HNGH004,HNGH004,7.58E-05,7.13E-05,8.13E-05,7.74E-05,7.57E-05,7.82E-05,8.48E-05,8.59E-05,8.66E-05,8.83E-05,9.47E-05,9.68E-05,0.000101378,0.000101148,9.76E-05,9.84E-05,0.000103781,0.000113294,0.000113919,0.000109508,0.000115663,0.000114709,0.000121193,0.000115301,0.000114182,0.000113195,0.000123036,0.000123991,0.000129586,0.000137519,0.000125472,0.000134655,0.00013561,0.000135182,0.000140679,0.000142687,0.000134754,0.000136202,0.000140185,0.000143115,0.000153582,0.000153483,0.000147558,0.000146373,0.00014927,0.00015108,0.000151245,0.000148414,0.000146636,0.000153647,0.000159539,0.000153713,0.00015289,0.000155359,0.00015447,0.000156741,0.000162304,0.000161053,0.000161909,0.00016553,0.000175931,0.000170763,0.000164641,0.000161942,0.000160691,0.000167505,0.000167636,0.000174384,0.000177149,0.000171323,0.000170533,0.000176589,0.00017468,0.000180341,0.000181197,0.000176622,0.000180539,0.000182349,0.000188142,0.000186332,0.000187319,0.000197194,0.000189624,0.000198412,0.000202757,0.000205884,0.00021115,0.0002098,0.000215923,0.000222275,0.000221946,0.000219774,0.000227509,0.000225633,0.000240411,0.000240872,0.000245118,0.000248706,0.000249661,0.000258877,0.000249101,0.000259963,0.000273952,0.000273195,0.000276453,0.000281292,0.000288303,0.000283102,0.000288994,0.000299494,0.000300317,0.000300251,0.000315326,0.000309401,0.000320461,0.000318288,0.000336425,0.000334022,0.000351203,0.000351598,0.00035647,0.000353804,0.000354561,0.000358906,0.000364567,0.000373289,0.000369175,0.000390339,0.000377437,0.000379938,0.000391788,0.000386982,0.000398864,0.000397284,0.000395639,0.000397976,0.000394783,0.000405645,0.000410813,0.000396067,0.000413084,0.000412458,0.000404789,0.000409463,0.000406929,0.000418646,0.000415454,0.00041993,0.000423353,0.000420753,0.000421345,0.000421115,0.000428126,0.000418877,0.000431319,0.000432043,0.000432109,0.000437474,0.00044014,0.000448862,0.00045347,0.000456959,0.000464168,0.000471047,0.000478387,0.000482041,0.000493923,0.000499486,0.000518478,0.000509722,0.000522395,0.000530492,0.000539247,0.000548266,0.000565151,0.000584472,0.000588488,0.000602279,0.000615182,0.000636281,0.00065626,0.000666529,0.000698128,0.000712248,0.000728936,0.000765801,0.000809414,0.000819354,0.000871689,0.000904637,0.000962403,0.001016581,0.001067435,0.001136095,0.001207718,0.001301625,0.001395992,0.001505172,0.001660366,0.001786595,0.001976679,0.002151162,0.002334894,0.002575305,0.002822497,0.003078576,0.003363192,0.003641983,0.003920115,0.004210162,0.004467854,0.00474513,0.004990709,0.005182373,0.005384373,0.005545722,0.005702892,0.005733568,0.00576961,0.005788767,0.005846072,0.005813914,0.005807331,0.005761513,0.00576836,0.005675144,0.005606154,0.005555235,0.005456918,0.005387138,0.005321505,0.005227105,0.005138465,0.005080468,0.004963554,0.004891964,0.004826068,0.004742201,0.004705895,0.004658794,0.004556955,0.004529635,0.004466965,0.004415157,0.004346726,0.004314371,0.004246796,0.004188438,0.004127776,0.004060695,0.004052598,0.004008919,0.003959152,0.003943583,0.003912775,0.003896153,0.003902044,0.003883842,0.00390685,0.003897074,0.003871071,0.003870545,0.003886838,0.003889965,0.003879135,0.003886838,0.003853198,0.003861691,0.003826702,0.003831211,0.003835029,0.003813997,0.003830125,0.003816926,0.00380139,0.003801226,0.003793392,0.003801917,0.003773379,0.003783715,0.003752873,0.003796552,0.003764723,0.003790265,0.003770845,0.003758502,0.003759621,0.003744809,0.003761135,0.00377259,0.00377361,0.003748627,0.003731874,0.003760477,0.003744974,0.003758107,0.00375916,0.003733585,0.003753598,0.003752808,0.003763571,0.003774235,0.003761958,0.003795301,0.003743032,0.003760938,0.003743163,0.003732433,0.003738786,0.003777296,0.003770582,0.003759292,0.003733881,0.003756,0.003750964,0.003753532,0.003761991,0.003784966,0.003798033,0.003770549,0.003776506,0.003785426,0.003798132,0.003820382,0.003820909,0.003829236,0.003825747,0.003834404,0.003854614,0.003840526,0.003884007,0.003864653,0.003888648,0.00389895,0.00386699,0.003893848,0.003893585,0.003902999,0.003927257,0.003901584,0.003906949,0.003928409,0.003954116,0.003967447,0.003967447,0.003968566,0.004020111,0.004046508,0.004106743,0.004132186,0.004155227,0.004239456,0.004283826,0.004335404,0.00441779,0.004451528,0.00452111,0.00455893,0.004614819,0.00468743,0.004737987,0.004814482,0.004847562,0.004930178,0.005015,0.005109335,0.005181221,0.005299847,0.005393523,0.005493552,0.005557572,0.0056655,0.005710791,0.005772507,0.005845875,0.00589551,0.005952914,0.006001036,0.005996987,0.005994453,0.006047907,0.005977798,0.005949787,0.005886097,0.005757629,0.005678765,0.005507179,0.005313573,0.005121711,0.004874585,0.004613964,0.004328854,0.004038378,0.003795235,0.003496498,0.003211849,0.002965217,0.002703246,0.00243489,0.002251586,0.002046097,0.001858317,0.001703649,0.00156748,0.001425451,0.001321506,0.001239054,0.001178786,0.001108348,0.001032215,0.000956017,0.000907369,0.0008787,0.000824686,0.00079368,0.000757342,0.00072028,0.000710998,0.000685883,0.000666233,0.00065287,0.000624398,0.000617684,0.000599745,0.000583847,0.000562222,0.000556725,0.000544217,0.000525192,0.000530459,0.000505443,0.00051749,0.000501921,0.00050021,0.000496293,0.000487142,0.000479671,0.000474339,0.000462752,0.000453964,0.000447941,0.000447414,0.000444419,0.000444353,0.000436782,0.000434939,0.000438297,0.000430167,0.000426118,0.00042727,0.000419041,0.000422728,0.000422695,0.000407949,0.000416276,0.000413117,0.000413347,0.000417198,0.000408838,0.000404559,0.000410187,0.000409233,0.000401267,0.000409134,0.00040762,0.000390998,0.0003908,0.00038741,0.000386785,0.00039294,0.000381255,0.000383789,0.000384086,0.00036641,0.000380794,0.000381024,0.000366278,0.000367332,0.000357786,0.000361637,0.000348011,0.000365489,0.000343238,0.00033886,0.000333232,0.000327274,0.00032869,0.00031526,0.000311672,0.000307426,0.000304464,0.000299165,0.000294886,0.000286887,0.000285275,0.000281687,0.000274149,0.000271154,0.000261477,0.000257231,0.000252787,0.000247356,0.00024706,0.000243571,0.000246468,0.000240872,0.000237482,0.000227245,0.000220366,0.000229549,0.000219675,0.000208978,0.000208945,0.000212829,0.000202493,0.000201275,0.000204139,0.000208089,0.000202625,0.000207233,0.000194067,0.000194232,0.000195153,0.000186102,0.00018541,0.000186562,0.000178399,0.00018179,0.000184258,0.000180473,0.000185443,0.00018416,0.000185575,0.000183041,0.000173791,0.000176227,0.000173693,0.000173923,0.000177346,0.000164016,0.000168953,0.000164674,0.000170697,0.000160197,0.000166715,0.000162403,0.000165201,0.000160922,0.000182349,0.000166287,0.000157334,0.000165168,0.000162337,0.000175964,0.000182646,0.00015865,0.000154009,0.000151607,0.000157136,0.000157038,0.000148249,0.000157103,0.000138638,0.000136992,0.000138309,0.000149862,0.000134359,0.000137618,0.000148315,0.000131858,0.000130014,0.000133997,0.000126723,0.000122477,0.000121292,0.000118461,0.000116585,0.000112833,0.000116783,0.000108225,0.000108685,0.000105756,0.000106283,0.000102596,9.57E-05,0.000103518,9.48E-05,9.14E-05,8.82E-05,8.79E-05,8.65E-05,9.21E-05,8.49E-05,8.07E-05,8.46E-05,8.11E-05,7.68E-05,7.48E-05,7.49E-05,7.70E-05,6.89E-05
CH?NG,HNGH005,HNGH005,7.23E-05,7.01E-05,8.04E-05,7.53E-05,7.67E-05,8.30E-05,8.38E-05,8.67E-05,8.25E-05,9.16E-05,9.07E-05,9.23E-05,9.32E-05,9.92E-05,9.66E-05,0.000101365,9.90E-05,0.000109478,0.000118148,0.000107144,0.000115073,0.00011422,0.000116147,0.000112998,0.000113368,0.000115591,0.00011648,0.000114813,0.000127595,0.000126261,0.000126224,0.00013193,0.000133597,0.000135042,0.000134523,0.000132893,0.000132004,0.000134449,0.000138895,0.000141673,0.000151047,0.000146304,0.00014749,0.00014171,0.000143526,0.00014586,0.000147453,0.000150565,0.000148898,0.000153047,0.000154455,0.000149713,0.000149342,0.000157345,0.000149454,0.000149528,0.000158679,0.000157826,0.000165162,0.000166162,0.000167126,0.00016557,0.000164458,0.000160012,0.000158827,0.000166199,0.000163606,0.000160976,0.000170571,0.00016783,0.000174943,0.000179055,0.000176536,0.000179574,0.000177759,0.000169534,0.000179944,0.00018213,0.000185724,0.000189318,0.000187169,0.000192282,0.000190429,0.000201284,0.000200062,0.000205397,0.000213918,0.000204582,0.000217882,0.000218438,0.000211806,0.000216363,0.000219846,0.00022581,0.000233665,0.000236517,0.000242556,0.000244594,0.000253634,0.000249966,0.000254004,0.000254486,0.000261155,0.000267119,0.000273899,0.000282198,0.000283865,0.00028168,0.00028557,0.000293202,0.000297018,0.000302093,0.000320988,0.000314282,0.000323544,0.000324619,0.000325434,0.00033377,0.000340772,0.00034581,0.000348848,0.000350034,0.000356221,0.000362556,0.000360741,0.000358703,0.000372893,0.000387453,0.000376672,0.00037782,0.000379339,0.000380599,0.000394937,0.000404014,0.000392084,0.000390417,0.000390269,0.000404792,0.000401383,0.000402606,0.00040983,0.000406014,0.000396863,0.000407348,0.000401605,0.000415202,0.000406199,0.000422649,0.000414461,0.000412201,0.000417907,0.000421612,0.000429021,0.000427873,0.00042891,0.000425687,0.000437468,0.00043795,0.000441321,0.000449509,0.000455548,0.000454029,0.000460364,0.000468145,0.000467885,0.00048578,0.000487002,0.000498858,0.000509157,0.000501266,0.000525347,0.000523124,0.000531905,0.000540611,0.000564915,0.000571325,0.000580142,0.000596555,0.000616857,0.00063427,0.000654647,0.000664501,0.000704773,0.000709812,0.000739302,0.000770053,0.00080925,0.000835147,0.000887311,0.000916172,0.000973745,0.001019426,0.001078889,0.001137351,0.001225119,0.001301772,0.001415178,0.001527805,0.001671924,0.001813671,0.002013399,0.002175079,0.002387255,0.002642816,0.002852251,0.00313293,0.003423946,0.00370644,0.003981822,0.004274245,0.00455937,0.00482386,0.00505971,0.00528289,0.005448423,0.005604915,0.005763446,0.005834097,0.005871627,0.005896894,0.005903082,0.005876147,0.005887151,0.005834801,0.005763594,0.005733622,0.00566134,0.005581019,0.00550218,0.00541482,0.005322643,0.00525088,0.005147293,0.005065675,0.005006879,0.004914776,0.004834085,0.004759432,0.004661809,0.004646064,0.004557036,0.00454381,0.004471862,0.004397395,0.004334857,0.004291251,0.004225008,0.004151096,0.004130534,0.004062847,0.004020278,0.00398712,0.003915542,0.003921989,0.00388268,0.003885051,0.00387001,0.00386323,0.003866194,0.003878827,0.003875382,0.003856265,0.003819216,0.003845965,0.003859488,0.003834147,0.003832739,0.003817067,0.003839889,0.00380988,0.003773943,0.00379369,0.003768793,0.003755789,0.003754196,0.003757308,0.003741229,0.00376042,0.00375075,0.003746268,0.003744897,0.003720334,0.003722482,0.003743489,0.003716518,0.003710775,0.003719037,0.003711924,0.003713443,0.003728744,0.003718592,0.00372163,0.003733597,0.003720556,0.00369414,0.003688768,0.003690621,0.003695104,0.003702699,0.003707848,0.003720926,0.003735783,0.003719185,0.003760828,0.003702291,0.003700735,0.00369829,0.00372678,0.003708812,0.003709664,0.003713332,0.003725261,0.003726076,0.003710256,0.003700068,0.00372163,0.003721112,0.003713591,0.003743563,0.003753751,0.003751825,0.003754122,0.003774091,0.003788799,0.003807953,0.003775684,0.00379143,0.00378754,0.003822699,0.00382344,0.003850596,0.003829997,0.003851226,0.00384904,0.003825181,0.003856153,0.003857895,0.003900352,0.003887793,0.003893646,0.003895054,0.003905872,0.003901204,0.003945588,0.003965335,0.003979488,0.004007682,0.004033171,0.00410486,0.004114011,0.004144761,0.004224304,0.004252016,0.00434297,0.004386873,0.004470417,0.004502872,0.004579228,0.004619537,0.004674999,0.00474365,0.004792072,0.004879358,0.004939377,0.005014548,0.005128583,0.005196938,0.005322458,0.005416339,0.005505033,0.005578426,0.005685051,0.005763631,0.005818426,0.005894449,0.005947873,0.006045348,0.006069059,0.006074394,0.006117296,0.006136079,0.006061575,0.006034492,0.005953986,0.005853066,0.005741328,0.00557235,0.005385329,0.005198938,0.004959049,0.004705971,0.004430516,0.004137018,0.003834295,0.003555653,0.003276197,0.003028157,0.002761445,0.002501661,0.002298191,0.002082495,0.00189829,0.001727756,0.001588639,0.001440704,0.001331078,0.001265428,0.001175919,0.001115159,0.001039247,0.00096804,0.00091569,0.000883384,0.000840889,0.000797135,0.000760827,0.000745971,0.000712664,0.000683322,0.000667799,0.00064946,0.000636493,0.000614856,0.000596036,0.000576326,0.000572473,0.000557542,0.000552467,0.000535721,0.000530015,0.000517715,0.000503785,0.000504304,0.00050134,0.000485631,0.000485705,0.000471812,0.000463439,0.000463551,0.000459512,0.000447397,0.000444285,0.000441692,0.000437542,0.000438358,0.000428466,0.000435097,0.000431689,0.00042402,0.000417759,0.000421315,0.000409645,0.000423612,0.000409126,0.000412424,0.00039853,0.000410831,0.000410793,0.000403273,0.000392232,0.000395159,0.000401605,0.000392306,0.000402643,0.000399938,0.00039075,0.000394233,0.000388416,0.000378672,0.00037908,0.000376301,0.000375042,0.000382563,0.000370485,0.000378784,0.000363408,0.00036804,0.000367039,0.00035711,0.000354998,0.000347144,0.000348145,0.000334362,0.000343995,0.000330584,0.000321877,0.000325397,0.000321173,0.000309799,0.000299833,0.000301908,0.000300389,0.000286125,0.00028468,0.000283199,0.000279345,0.000270083,0.000269417,0.000258043,0.000255264,0.000251856,0.000251189,0.000247039,0.00024967,0.000247928,0.00023874,0.000234035,0.000220587,0.000224254,0.000220624,0.0002164,0.000215215,0.000207657,0.000208101,0.000205508,0.00020147,0.000209398,0.000205878,0.000208138,0.000199691,0.000200506,0.000193282,0.000190096,0.000190244,0.000184168,0.000184168,0.000179352,0.000182353,0.000172683,0.000180241,0.000182093,0.00017661,0.000185872,0.000182723,0.000174165,0.000164977,0.000168608,0.00017146,0.000162791,0.000159716,0.000155381,0.000163236,0.000167126,0.000157197,0.000165829,0.000159901,0.000159864,0.000152862,0.000182316,0.000160494,0.000153825,0.000162124,0.000163791,0.000172757,0.000181278,0.000156752,0.000150491,0.000150935,0.000157901,0.000153825,0.00015075,0.000157567,0.000138043,0.000141155,0.00013519,0.000151565,0.00013356,0.000134449,0.000149305,0.00013104,0.000132078,0.000121927,0.000121667,0.000119111,0.000120408,0.000113183,0.000114146,0.000112479,0.000117184,0.000108033,0.000112961,0.000104773,0.000100698,0.000104106,9.67E-05,0.000104254,9.02E-05,8.93E-05,8.99E-05,8.62E-05,8.86E-05,9.15E-05,8.60E-05,7.91E-05,8.70E-05,8.32E-05,7.69E-05,7.41E-05,7.47E-05,7.34E-05,6.69E-05
CH?NG,HNGH006,HNGH006,7.35E-05,7.15E-05,7.75E-05,7.38E-05,7.39E-05,7.63E-05,8.50E-05,8.56E-05,8.46E-05,9.07E-05,9.27E-05,9.34E-05,9.30E-05,0.000100048,9.64E-05,9.70E-05,9.86E-05,0.000112182,0.000113372,0.000106885,0.000112885,0.000112128,0.000115723,0.000114371,0.000117182,0.000116993,0.000118128,0.000121857,0.000126182,0.000130073,0.000125992,0.000124317,0.000133424,0.00013483,0.000131884,0.000136938,0.000133668,0.00013737,0.000139316,0.000149559,0.000148045,0.000146829,0.000148748,0.00014164,0.000149288,0.00014564,0.000141991,0.000147099,0.000147721,0.000155828,0.000157882,0.000154639,0.000146424,0.000155747,0.000147613,0.000149964,0.000159639,0.00015645,0.000162585,0.000165612,0.000172719,0.000167179,0.000162882,0.000154774,0.000157558,0.000164287,0.000165179,0.000169476,0.000170044,0.00016799,0.000172098,0.000177233,0.000175746,0.000174341,0.000179124,0.000177314,0.000178935,0.000179151,0.000185313,0.000187718,0.000189745,0.000191934,0.000187475,0.000198934,0.000197529,0.000205312,0.000203798,0.000204285,0.000216798,0.000219635,0.000216581,0.000218906,0.000227905,0.000226257,0.000231743,0.00023604,0.000241256,0.000244634,0.00024639,0.000257363,0.000252363,0.000254336,0.000266524,0.00026893,0.000274416,0.000282091,0.000285794,0.000279875,0.000288037,0.000300252,0.000299036,0.000307765,0.000312873,0.000307441,0.000320927,0.000321359,0.000330602,0.000332656,0.000343925,0.000354087,0.000362194,0.000356519,0.000357411,0.000362383,0.000361789,0.00037168,0.000371599,0.000385869,0.000376545,0.000379707,0.000387571,0.000392328,0.000394111,0.000399408,0.000395084,0.000392976,0.00039776,0.000406219,0.000401516,0.000399597,0.000401759,0.000411759,0.000401111,0.00040003,0.000409056,0.000421569,0.000416056,0.00042338,0.000419083,0.000419083,0.000414164,0.000419515,0.000423028,0.000430055,0.000427325,0.000434839,0.000433379,0.000440163,0.000443649,0.000454945,0.000460837,0.000458972,0.000465188,0.000471566,0.000473431,0.00048289,0.000494619,0.000507023,0.000511618,0.000506186,0.000526779,0.000530319,0.000542913,0.000549805,0.000580992,0.000574235,0.000589667,0.000600072,0.000628016,0.000627232,0.000659392,0.00067731,0.000707579,0.000717038,0.000734334,0.000771278,0.000804168,0.000838463,0.000876731,0.000920188,0.000959347,0.001015182,0.001067287,0.00114139,0.001215332,0.001289652,0.001394753,0.001519232,0.001638712,0.001802404,0.001987907,0.002150464,0.002349155,0.00256452,0.002830558,0.003087245,0.003351743,0.00363178,0.003915249,0.004194016,0.004471378,0.004724227,0.004955186,0.005141202,0.005346703,0.005500694,0.005638253,0.0057186,0.005744598,0.005811351,0.005799865,0.005786406,0.005759786,0.005741977,0.005750327,0.005658225,0.00557496,0.005526746,0.005466047,0.00538862,0.00530857,0.005222008,0.005142094,0.005070477,0.004974996,0.004917783,0.004829167,0.004787034,0.00467442,0.004659339,0.004611532,0.004543779,0.004489377,0.004420597,0.004394734,0.004305847,0.004244932,0.004218826,0.004158397,0.004092644,0.004072564,0.004021594,0.003984164,0.003939599,0.003922168,0.003926465,0.003926843,0.003898953,0.003929411,0.003910979,0.003923141,0.00389017,0.003899088,0.003889008,0.003882576,0.003868468,0.003885062,0.003880468,0.003865333,0.003856766,0.003865766,0.003833227,0.003815499,0.00381558,0.003793311,0.003800473,0.003785717,0.003801418,0.00378269,0.003788446,0.003796013,0.003774447,0.003764204,0.003791041,0.003751124,0.003762042,0.003765258,0.003739503,0.00376661,0.00375634,0.003732017,0.003761745,0.003757989,0.003741422,0.003759799,0.0037438,0.003739665,0.003754962,0.00373399,0.003742044,0.003783636,0.003771042,0.00375434,0.003812688,0.003751773,0.003756637,0.003758637,0.003747205,0.003763259,0.003764448,0.003763664,0.003772771,0.003755502,0.003768934,0.003766826,0.003765177,0.003769582,0.003807634,0.003765312,0.003784933,0.003801608,0.003801202,0.003815147,0.00381985,0.003826552,0.003830984,0.003865712,0.003836605,0.003868549,0.003864874,0.003905872,0.003858361,0.003886711,0.003887927,0.003901115,0.003882278,0.003887819,0.003921925,0.00394895,0.003921357,0.00394368,0.003941383,0.003962598,0.003985786,0.003984651,0.004001839,0.004029242,0.004069672,0.004092482,0.00416545,0.004204232,0.004258256,0.004294875,0.004360087,0.004429218,0.004474621,0.004517861,0.004562886,0.004642097,0.004677257,0.004766063,0.004796926,0.004854571,0.004915702,0.005037046,0.005086989,0.005183146,0.00528695,0.005371621,0.005471939,0.005535557,0.005638064,0.005675521,0.0057583,0.005826836,0.00586678,0.00592156,0.005963747,0.005966476,0.005993988,0.005979503,0.005930316,0.005866158,0.005831214,0.005723897,0.005650523,0.005469128,0.005296463,0.005087962,0.004857246,0.004620828,0.004342386,0.00403935,0.003774393,0.003493356,0.003215562,0.002980874,0.00272197,0.002468877,0.002264836,0.002047119,0.001870454,0.001696978,0.001558311,0.001438534,0.001342081,0.00125287,0.001178415,0.001126283,0.001035289,0.000974454,0.000910377,0.000890351,0.000848813,0.0008006,0.000766548,0.000750711,0.000709038,0.00070012,0.000673878,0.000661311,0.00063661,0.000614801,0.000607504,0.000585856,0.0005751,0.000563615,0.000545372,0.000532643,0.000534508,0.00051659,0.000514969,0.000511834,0.000502861,0.000494051,0.000486268,0.000480809,0.000469863,0.00046208,0.000468107,0.000450648,0.000453378,0.000445432,0.000438649,0.000439,0.000439325,0.000433758,0.00042792,0.000429812,0.000427596,0.000424758,0.000422515,0.000422947,0.000408948,0.000413272,0.000410732,0.000410948,0.000414218,0.000412137,0.000405948,0.000403111,0.000403003,0.000399787,0.000402651,0.000405975,0.000400084,0.000390463,0.000386301,0.000385328,0.000383625,0.000385328,0.000380707,0.000380653,0.000372302,0.000375518,0.000375248,0.000366599,0.000370978,0.000354276,0.000357546,0.000349573,0.000350168,0.000340844,0.000334142,0.000333088,0.000323602,0.000325413,0.000314657,0.0003119,0.000307954,0.000301766,0.000296685,0.000292009,0.000288334,0.000285685,0.000277199,0.000270362,0.000266524,0.000256957,0.000252931,0.000257552,0.000251363,0.000244147,0.000247634,0.000245066,0.00023804,0.000239175,0.000226689,0.00022377,0.000226419,0.000215527,0.000212744,0.000210285,0.000212987,0.000203961,0.000201258,0.00021169,0.000203285,0.000200609,0.000197177,0.000196934,0.000193664,0.00019134,0.000186043,0.000185421,0.00018334,0.000179989,0.000180962,0.000178665,0.000181286,0.000176422,0.000181719,0.000181611,0.000182313,0.000170395,0.000171936,0.000167611,0.000168449,0.000170017,0.000162855,0.000161963,0.000158044,0.000166557,0.00015745,0.000164179,0.000164449,0.000160152,0.000156585,0.000179476,0.000160774,0.000152937,0.000161342,0.000163206,0.000161639,0.000167017,0.000154396,0.000151991,0.000146099,0.000157504,0.000155639,0.000146153,0.000148423,0.000139181,0.000133749,0.000135478,0.000142235,0.000133559,0.000134938,0.000146613,0.000131776,0.000128235,0.000133154,0.000124236,0.000120182,0.000118723,0.00011275,0.000114858,0.000111939,0.000115615,0.000112777,0.000109183,0.00010394,0.00010394,0.000103588,9.90E-05,0.000101751,9.29E-05,8.85E-05,9.00E-05,8.69E-05,9.21E-05,9.57E-05,8.69E-05,8.40E-05,8.97E-05,8.33E-05,7.89E-05,7.62E-05,7.49E-05,7.44E-05,6.78E-05
,HNGH007,#N/A,7.64E-05,7.09E-05,8.14E-05,7.34E-05,7.63E-05,7.78E-05,8.63E-05,8.78E-05,8.33E-05,9.29E-05,8.98E-05,9.87E-05,9.61E-05,0.000104118,9.96E-05,0.00010391,9.96E-05,0.000112399,0.000118285,0.000115941,0.000114847,0.000118676,0.000116879,0.000115837,0.00011628,0.00011779,0.000123025,0.000124665,0.00013451,0.000132791,0.000124874,0.00013253,0.000133546,0.000137973,0.000139926,0.000141593,0.000136905,0.000138702,0.000143885,0.000149901,0.000157609,0.000154536,0.000156672,0.000147817,0.000153182,0.000147322,0.000148625,0.000153781,0.00015076,0.000161984,0.000158104,0.000156489,0.000155604,0.000164745,0.000150005,0.000151698,0.000166255,0.000161646,0.000168729,0.000171724,0.000177792,0.000168573,0.000166438,0.00016563,0.000161229,0.000167375,0.000175943,0.000171438,0.000178886,0.000177115,0.000172818,0.000178573,0.000181777,0.000182636,0.000185397,0.000181021,0.000181152,0.000183964,0.000190787,0.000193886,0.000192949,0.000201908,0.000192949,0.000208366,0.00020683,0.000213549,0.000213627,0.000210554,0.000220163,0.000217429,0.000213731,0.000225815,0.000232377,0.000228523,0.00024131,0.000248446,0.000247039,0.000252222,0.00025217,0.000260712,0.000259175,0.000260633,0.000275582,0.000272144,0.000282197,0.000291416,0.000283733,0.000285244,0.000286285,0.000303734,0.000300088,0.000307406,0.000317797,0.000316963,0.000322094,0.000322016,0.000332927,0.000336287,0.000346391,0.000353735,0.000357121,0.000360428,0.000362303,0.00036259,0.000365481,0.000370455,0.000368059,0.000385273,0.000378007,0.000379231,0.000385169,0.000381653,0.000397669,0.000400351,0.000392409,0.000403815,0.000393711,0.000409206,0.000404961,0.000405586,0.000414128,0.000407722,0.00040319,0.000404779,0.000409987,0.000423972,0.00040905,0.000422644,0.000416003,0.000420196,0.000414388,0.000421628,0.000427566,0.0004228,0.000432488,0.000431238,0.000433347,0.000432071,0.000440978,0.000442879,0.000450379,0.000452306,0.000458947,0.000471708,0.000473687,0.000475666,0.000491787,0.000501579,0.000509183,0.000510069,0.000522777,0.000526814,0.000533455,0.00055283,0.000565461,0.000575513,0.000588118,0.000600983,0.000617312,0.000623614,0.000656089,0.000674162,0.000697835,0.000711221,0.000731847,0.000769947,0.000796588,0.000824636,0.000873023,0.000911618,0.00096675,0.001015007,0.001067535,0.001139672,0.001204154,0.001299078,0.001381633,0.001503877,0.001628568,0.001793652,0.001963423,0.002138272,0.002333305,0.002560656,0.002792382,0.003076506,0.003360421,0.003644258,0.003905335,0.004206985,0.00450788,0.004733408,0.004989146,0.005196184,0.005385903,0.005541924,0.005660209,0.005783104,0.005804875,0.005835501,0.005864252,0.005831334,0.005833262,0.00578313,0.00578451,0.005698596,0.005629739,0.005574399,0.005513121,0.00543791,0.005349522,0.005246888,0.005177407,0.005108863,0.005025709,0.004931175,0.004894637,0.004775389,0.004726247,0.004666531,0.004603196,0.004538975,0.004487307,0.004464519,0.004370063,0.004318707,0.004236804,0.004213365,0.004141723,0.0040837,0.00405922,0.003989738,0.003959138,0.00394268,0.003915361,0.003887209,0.003874735,0.00388549,0.003876662,0.003869735,0.003878954,0.003868563,0.003840723,0.003861974,0.003831817,0.003852599,0.003848979,0.003845124,0.003820696,0.003830827,0.003798873,0.003803769,0.003784836,0.003775174,0.003792857,0.003772283,0.003767726,0.003766059,0.003741215,0.003743012,0.003735251,0.003738194,0.003723141,0.003758194,0.003722803,0.003726709,0.003723376,0.003710745,0.003721735,0.003731631,0.003712542,0.003724704,0.003718766,0.003713037,0.003731918,0.003725459,0.003729548,0.003737621,0.003724495,0.003727412,0.003722777,0.003741058,0.003732907,0.003774159,0.003726865,0.003709,0.003717334,0.00371999,0.003721292,0.003731996,0.003702698,0.003719209,0.003734001,0.003740121,0.00370413,0.003737907,0.003713896,0.003736944,0.003750772,0.003758663,0.003766085,0.00376158,0.003761814,0.003792649,0.003813665,0.003806686,0.003792753,0.003803847,0.003807389,0.003827884,0.00386338,0.003857547,0.003868719,0.003880803,0.003870281,0.00388049,0.003865854,0.003913642,0.003904892,0.003915022,0.003924059,0.00393656,0.003942497,0.003968045,0.003967029,0.004007682,0.004025104,0.004037683,0.004120993,0.00415602,0.00419649,0.004242898,0.004303707,0.00433488,0.004432018,0.004488713,0.004531032,0.004589003,0.004641921,0.00471096,0.004767133,0.00480203,0.004896877,0.004940785,0.005060372,0.00513139,0.005233711,0.005328141,0.005424342,0.005532965,0.005578826,0.005661381,0.005727243,0.005830345,0.005866049,0.005931103,0.005992407,0.006012095,0.006051967,0.006074467,0.006059701,0.006003475,0.005945114,0.005893628,0.0057799,0.005667918,0.005510725,0.005322099,0.005104019,0.004879767,0.004612858,0.004366495,0.004037162,0.003778742,0.003480581,0.003218542,0.002960695,0.002699566,0.002452475,0.002237052,0.002044754,0.001853159,0.001679533,0.001559972,0.001423041,0.001329184,0.001239389,0.001170767,0.001103317,0.001036257,0.000965917,0.000904639,0.000877528,0.000824584,0.000783619,0.000759321,0.000736717,0.000706481,0.000686064,0.000668954,0.000644552,0.000630515,0.000613952,0.000598978,0.000582102,0.000569367,0.00056093,0.000545252,0.000527491,0.000527048,0.000509079,0.000511371,0.000501813,0.000498974,0.000496266,0.000485276,0.000474651,0.000475823,0.000464442,0.000457905,0.000448192,0.000443947,0.000446889,0.00043517,0.000441785,0.00043728,0.000440431,0.000432332,0.000429415,0.000424988,0.000422774,0.000420743,0.000417748,0.000407591,0.000412722,0.000413477,0.000411524,0.000419363,0.000408737,0.000405169,0.00041142,0.000408242,0.00040207,0.000398633,0.000402643,0.000396367,0.000388789,0.000390221,0.000392148,0.000387825,0.000384934,0.000383684,0.000386601,0.000377512,0.000376731,0.000378606,0.000373554,0.000371106,0.000362616,0.000360428,0.0003516,0.000362017,0.00034173,0.000345141,0.000329724,0.000334386,0.000334594,0.000317797,0.000318005,0.000309307,0.000301025,0.000299072,0.000289957,0.000290869,0.00028316,0.000281363,0.000274775,0.000271076,0.000264071,0.000255477,0.000258342,0.000253993,0.000248628,0.000248367,0.00024894,0.000242482,0.000236648,0.000231023,0.000221778,0.000232351,0.000219486,0.000213731,0.000209512,0.000211856,0.0002086,0.000209408,0.000212898,0.000210892,0.000213028,0.000201595,0.000197897,0.0001961,0.000192975,0.000191204,0.000193131,0.000189043,0.000184746,0.000186595,0.000183522,0.000181673,0.000184251,0.000183964,0.000191126,0.000189537,0.000172532,0.000173651,0.000176568,0.000179745,0.000172141,0.000168339,0.000169328,0.000163964,0.000170657,0.000161516,0.000170709,0.000166412,0.000166438,0.00016201,0.000185084,0.000167193,0.000165318,0.000164302,0.00016886,0.000176855,0.000185605,0.00016425,0.000156411,0.000157349,0.000165474,0.000158338,0.000151698,0.000153182,0.000144067,0.000141307,0.000146906,0.000151828,0.000136515,0.000138859,0.000147583,0.000135681,0.000131619,0.000131749,0.000125264,0.000126306,0.000125811,0.000117348,0.000118103,0.000115681,0.000118233,0.0001118,0.000113285,0.000111358,0.000106019,0.00010555,9.90E-05,0.000104847,9.53E-05,9.31E-05,9.22E-05,8.72E-05,9.26E-05,9.09E-05,8.69E-05,8.31E-05,8.63E-05,8.46E-05,8.10E-05,7.42E-05,7.69E-05,7.45E-05,6.87E-05
CH?NG,HNGH008,HNGH008,7.58E-05,7.30E-05,8.20E-05,7.75E-05,7.94E-05,8.13E-05,8.74E-05,8.78E-05,8.72E-05,9.42E-05,9.22E-05,9.73E-05,9.86E-05,0.000105545,0.000100022,0.000103444,0.000104075,0.00011353,0.000114131,0.000114251,0.000116472,0.000116562,0.000120945,0.000118574,0.000117823,0.000119864,0.000120195,0.000125868,0.000129921,0.000136615,0.000130881,0.000136285,0.000132982,0.000138686,0.000133523,0.000140367,0.000131782,0.000140937,0.000143519,0.000147782,0.000151294,0.000152344,0.000155256,0.000147992,0.000150333,0.000154176,0.000149283,0.000151654,0.000148712,0.000156517,0.00016105,0.000152044,0.000152615,0.000158348,0.000151354,0.000154176,0.000164592,0.000157928,0.000165553,0.000169905,0.000176149,0.000169065,0.000165373,0.00016141,0.000158468,0.000165613,0.000174168,0.000174498,0.000179061,0.000175039,0.000173658,0.000178491,0.000179782,0.000176389,0.000182423,0.000179902,0.000184014,0.000181553,0.000187346,0.000192119,0.000188157,0.000199474,0.000186926,0.000203496,0.000203436,0.000206438,0.000216524,0.000207639,0.000218385,0.000217665,0.000219106,0.000227031,0.000227691,0.000228021,0.000238858,0.000246333,0.000247353,0.00024189,0.000246423,0.000255759,0.0002572,0.00025858,0.000279053,0.000270588,0.000276772,0.000288089,0.000282355,0.000287128,0.000294122,0.000302107,0.000305049,0.000314535,0.000317477,0.000310423,0.000320569,0.00032297,0.000331255,0.00033804,0.000352509,0.000356561,0.000361034,0.000352899,0.000364756,0.000362715,0.000369409,0.000373492,0.000375683,0.000389492,0.000388981,0.000380876,0.000393814,0.00038643,0.000398707,0.000399338,0.000393934,0.000395976,0.000399728,0.000404351,0.000409694,0.000406752,0.000412786,0.000407173,0.000400028,0.000409964,0.000413206,0.000424013,0.000415278,0.000423172,0.000417649,0.000411675,0.000421551,0.000422722,0.000426835,0.000424823,0.000438542,0.000438602,0.000439473,0.000442715,0.000448148,0.000450039,0.000453581,0.000459615,0.000462437,0.000464658,0.000476906,0.000491735,0.000492666,0.000506354,0.000514099,0.000514849,0.000524966,0.000535622,0.000542797,0.000558076,0.000572815,0.00058011,0.000583982,0.000616793,0.000617003,0.000626489,0.000662481,0.00067683,0.000703997,0.000721648,0.000739599,0.000771208,0.000816837,0.000825482,0.000888551,0.000911485,0.000972513,0.001019042,0.001082081,0.001135394,0.001218246,0.001302028,0.001407783,0.001512548,0.001646431,0.00180604,0.001977116,0.002152545,0.002363216,0.002599942,0.00282193,0.003091798,0.003382648,0.003652695,0.003939553,0.004238809,0.004515641,0.004767107,0.004994888,0.005193791,0.005370331,0.005556896,0.005686066,0.005777593,0.005784738,0.005862546,0.005858253,0.00582064,0.005848677,0.00578771,0.005744183,0.005683305,0.005616874,0.00554699,0.005474075,0.005424094,0.005326654,0.005230114,0.005149784,0.005065251,0.004958475,0.004890993,0.004857523,0.004774941,0.004695122,0.004657569,0.004582252,0.004548211,0.004473795,0.004428437,0.004366358,0.004285308,0.004228663,0.00419261,0.004141429,0.004080641,0.004071425,0.00399905,0.003973504,0.00393376,0.003926915,0.003908454,0.003894015,0.003879546,0.003877745,0.003877325,0.003871801,0.00388519,0.003877085,0.00385364,0.003852559,0.00385286,0.003851239,0.003838601,0.00383803,0.003825933,0.003811794,0.003796184,0.003794443,0.00378883,0.003799727,0.003753468,0.003759892,0.003744462,0.003745063,0.00375659,0.003738759,0.003727262,0.003734376,0.00377337,0.003719997,0.003743051,0.003731344,0.003722098,0.003735006,0.003737768,0.003735667,0.003723479,0.003694481,0.003710992,0.003714564,0.003716245,0.003714264,0.003727892,0.003721948,0.003750496,0.003725431,0.003751997,0.003738128,0.003776012,0.003725671,0.00372498,0.003719727,0.003710601,0.003720567,0.003714804,0.003729363,0.003712222,0.003709461,0.003723209,0.003718706,0.003726181,0.003731404,0.003738158,0.00375686,0.003759802,0.003770579,0.003765685,0.00377235,0.003800417,0.003816747,0.003807411,0.003794653,0.003806361,0.003849527,0.003829505,0.003862556,0.003826263,0.003861535,0.003852319,0.003864177,0.00387036,0.003866698,0.003907644,0.00390131,0.003873332,0.003915929,0.003921302,0.003935441,0.003967651,0.003964499,0.003987673,0.00399845,0.00403129,0.004120536,0.004122337,0.004174599,0.004230794,0.004286749,0.004345135,0.004407844,0.004488114,0.004512909,0.004586244,0.004622057,0.004677141,0.004744022,0.004795534,0.004861725,0.004943196,0.005044148,0.00509467,0.005219217,0.005297085,0.005381948,0.005478818,0.0055297,0.005647463,0.005741991,0.005790982,0.005875034,0.005922253,0.005953172,0.005990846,0.006000902,0.006051543,0.006058568,0.005993487,0.005931739,0.005862936,0.005775822,0.005655778,0.005537714,0.005320049,0.005139217,0.004888682,0.004648083,0.004382028,0.004089857,0.003827434,0.003518812,0.003259542,0.002980519,0.002727341,0.002462127,0.002264695,0.002068223,0.00187016,0.001705598,0.001568203,0.001444376,0.001341622,0.001255018,0.00117634,0.001124617,0.001040625,0.000970922,0.000920551,0.000883298,0.000831876,0.000800026,0.000767036,0.000746653,0.000721257,0.000691809,0.00067701,0.000650413,0.000633453,0.000615202,0.000603945,0.000585063,0.000579359,0.000561858,0.000545558,0.000528448,0.000530069,0.000511637,0.000510557,0.000509776,0.000498459,0.000491675,0.000480328,0.000473003,0.000479517,0.000464568,0.000466669,0.000451,0.000446107,0.000448058,0.000443315,0.00045094,0.000438572,0.000442414,0.000432208,0.000428606,0.000426985,0.000425754,0.00041969,0.000425454,0.000409994,0.00041963,0.000407833,0.000422932,0.000411705,0.00040357,0.000400088,0.000400929,0.000407563,0.000397537,0.000413506,0.000400028,0.000394685,0.000389131,0.000388801,0.000390812,0.000384088,0.000385199,0.000381477,0.000388021,0.000372831,0.000378115,0.000379766,0.000369589,0.000366077,0.000367068,0.000360644,0.000353379,0.000360404,0.000340501,0.000341942,0.000328134,0.000330835,0.000325582,0.000317297,0.000314115,0.00030679,0.000308201,0.000304959,0.000294092,0.000284336,0.000283406,0.000279173,0.000275961,0.00027332,0.000259631,0.00025831,0.000259691,0.000251406,0.000251706,0.000252457,0.000249485,0.00024114,0.000238228,0.000228652,0.000230873,0.000233665,0.000218475,0.000214963,0.000212742,0.000215984,0.000208509,0.000203856,0.00021004,0.000205177,0.000206408,0.000200314,0.000202085,0.000198903,0.000198603,0.000190828,0.000188187,0.000188187,0.000185155,0.000182543,0.000183684,0.000182423,0.000185095,0.000182183,0.000192539,0.000186476,0.000173087,0.000176029,0.000175069,0.00017669,0.00017768,0.000163842,0.000168284,0.000165793,0.000170986,0.000164892,0.000166063,0.000164232,0.000165042,0.000158859,0.000182063,0.00016171,0.00016063,0.000170206,0.000163421,0.000171196,0.00017759,0.000159489,0.000158949,0.000153725,0.000159609,0.000159129,0.000149523,0.000152795,0.000141178,0.000141808,0.000139767,0.000150423,0.000138986,0.000134874,0.000149132,0.000134093,0.000131842,0.000134093,0.000124637,0.000122206,0.000122206,0.000116712,0.000120104,0.000111309,0.000120014,0.000109268,0.000112029,0.000111549,0.000104165,0.000103294,0.000102994,0.000104975,9.46E-05,9.40E-05,9.19E-05,8.90E-05,9.22E-05,9.63E-05,8.92E-05,8.44E-05,8.86E-05,8.55E-05,7.98E-05,7.50E-05,7.57E-05,7.72E-05,7.05E-05
CH?NG,HNGH009,HNGH009,7.21E-05,7.13E-05,8.17E-05,7.63E-05,7.24E-05,8.35E-05,8.97E-05,8.61E-05,8.51E-05,9.38E-05,9.45E-05,9.56E-05,9.53E-05,0.000108556,0.000101136,0.000103993,0.00010927,0.000115658,0.000109032,0.000114031,0.00011784,0.000114269,0.00012157,0.000116015,0.000121173,0.000119943,0.000116213,0.000124823,0.000127839,0.000133909,0.000128235,0.00013506,0.000130656,0.000142122,0.000138274,0.000146368,0.000134147,0.000140059,0.000145614,0.0001522,0.000155533,0.000154859,0.000153192,0.000149264,0.00016077,0.000157795,0.000149939,0.000153589,0.000152835,0.000162595,0.000160413,0.000155454,0.000157041,0.000161048,0.000156565,0.000157279,0.000164222,0.000158152,0.000167595,0.000175332,0.000177157,0.000171523,0.000169539,0.000159183,0.000164738,0.00017065,0.000172594,0.000176125,0.000176482,0.000172356,0.000176443,0.00017918,0.000182791,0.000183029,0.000185251,0.000181997,0.000183664,0.000185251,0.000192909,0.000198463,0.00019275,0.00020501,0.000195408,0.00020259,0.000201241,0.000210168,0.000210128,0.000207708,0.000223023,0.00021608,0.000217786,0.000218381,0.0002333,0.000227903,0.000244131,0.000247821,0.000248139,0.0002504,0.00025528,0.000261986,0.00025167,0.000259367,0.00027619,0.000271945,0.000277976,0.000283887,0.000282538,0.000285355,0.000293529,0.000301067,0.000301623,0.000308328,0.000325588,0.000313685,0.000326699,0.000332134,0.000339078,0.000338086,0.000347053,0.000350703,0.000360503,0.000352965,0.000362884,0.000357845,0.000368399,0.000372922,0.000377049,0.000389904,0.000382921,0.000384428,0.000394467,0.000383913,0.000401688,0.00039899,0.000390578,0.000401331,0.000395617,0.000408155,0.000396014,0.000401886,0.000417598,0.00040875,0.000395855,0.000409941,0.000406766,0.000425018,0.000412678,0.000431802,0.000415535,0.000426248,0.000428866,0.000420455,0.000431842,0.000426367,0.000430414,0.000430017,0.000433231,0.000443071,0.000450927,0.000456323,0.000463147,0.000460648,0.00046398,0.000471955,0.000480446,0.000480089,0.000491397,0.000505919,0.00051191,0.000513933,0.000529407,0.000533891,0.000542342,0.000552063,0.000564323,0.000576821,0.000587534,0.000609713,0.000622489,0.000635146,0.000656056,0.000668157,0.000707199,0.000723546,0.000737393,0.000782228,0.000805042,0.000825872,0.000886022,0.000919549,0.000981485,0.001023225,0.001083454,0.001154356,0.001217482,0.001303502,0.001395274,0.001530215,0.001671662,0.001811602,0.001994235,0.002154846,0.002368307,0.002590617,0.002844032,0.003104907,0.003394786,0.003650026,0.003938001,0.004225895,0.004514861,0.004785259,0.005063512,0.005232019,0.005404534,0.00557443,0.005731352,0.00584205,0.005819156,0.005891329,0.005873434,0.005881806,0.005854786,0.005802929,0.005825981,0.005731034,0.005658584,0.005595141,0.005516184,0.005416913,0.00534486,0.005261261,0.00516445,0.005082835,0.00502939,0.004962812,0.004853185,0.004790932,0.004703405,0.004675552,0.004590803,0.004570171,0.00448677,0.004443245,0.004355916,0.004289775,0.004232164,0.004174435,0.004134004,0.004108174,0.004056912,0.003988033,0.003959902,0.003932287,0.003902728,0.003879081,0.003872732,0.003857258,0.003881144,0.003851902,0.003870193,0.003841427,0.003827659,0.003841427,0.003827223,0.003817383,0.003818018,0.003832579,0.003816629,0.003817582,0.003781198,0.003816748,0.003777667,0.003732395,0.003730293,0.003733943,0.003712517,0.003721008,0.003735768,0.003726999,0.003697797,0.003712716,0.003711486,0.003724341,0.003691965,0.003692124,0.003685378,0.003690735,0.003673594,0.00370609,0.003683474,0.003679903,0.003677522,0.003677959,0.003680736,0.003712994,0.003668635,0.003687521,0.003708034,0.003672761,0.003702479,0.003718429,0.003688394,0.003721564,0.00368641,0.003694187,0.003678832,0.003695813,0.003684466,0.003725531,0.00370113,0.003685101,0.003684625,0.003703312,0.00367165,0.003685815,0.003689941,0.003720373,0.003709899,0.003736403,0.003726206,0.003749576,0.003748901,0.003787387,0.003778262,0.003754059,0.003766875,0.003765922,0.003811709,0.003814447,0.003839364,0.00380548,0.003791077,0.003833214,0.003824803,0.003856147,0.00389142,0.003872216,0.0038865,0.003878089,0.003904275,0.00390741,0.003916535,0.00397609,0.003945698,0.003968115,0.004009974,0.00403747,0.004096628,0.004129758,0.004187171,0.004235537,0.004276761,0.004339569,0.004430191,0.004479628,0.004501054,0.004592469,0.004652341,0.004677655,0.004741614,0.004799027,0.004889212,0.004938332,0.005046372,0.005149452,0.005187343,0.005331449,0.005447583,0.005525151,0.005591055,0.005707308,0.005754801,0.005831575,0.005891606,0.005965484,0.006008494,0.006061264,0.006064914,0.006082412,0.006122803,0.006052416,0.005972745,0.005913508,0.00581745,0.005734923,0.005540149,0.005367912,0.005159331,0.004902147,0.004666903,0.004389403,0.004074647,0.003828929,0.003522743,0.003255401,0.002992265,0.00272151,0.002464365,0.002280661,0.002082039,0.001865642,0.001689398,0.001564059,0.001440069,0.00135155,0.001264142,0.001178202,0.001133844,0.001051713,0.000975017,0.000920978,0.000892688,0.000832776,0.000799606,0.000762628,0.000745725,0.000709104,0.000682679,0.000680497,0.000657524,0.00063102,0.000630623,0.000608682,0.000583606,0.000583884,0.000565593,0.000550555,0.000534208,0.000523694,0.000511394,0.000518377,0.000513616,0.00049719,0.000493063,0.000492627,0.000477272,0.000474058,0.000470011,0.000461441,0.000454696,0.000462552,0.000445729,0.000445055,0.000441404,0.000431326,0.000440373,0.000427676,0.000434223,0.000426129,0.000429462,0.000420177,0.000421367,0.000411091,0.000412996,0.000406846,0.000414821,0.000414741,0.000406766,0.000391451,0.000403235,0.000409226,0.000406528,0.000398593,0.000409187,0.000398077,0.000397601,0.000391689,0.000387603,0.000384825,0.000380659,0.000379747,0.000382286,0.000385777,0.000376652,0.000378755,0.000363757,0.000366217,0.000364074,0.000359948,0.000342966,0.000355742,0.000342054,0.000349553,0.000334713,0.000338998,0.000322374,0.000317494,0.000315907,0.000301147,0.000304837,0.000306146,0.000298012,0.000285514,0.00028599,0.000277301,0.000275079,0.000272976,0.000266033,0.000257106,0.000263613,0.000264446,0.000252503,0.000247186,0.000244647,0.000242981,0.000237347,0.00022707,0.000232308,0.000233815,0.000211438,0.000217905,0.000211239,0.000217389,0.000207827,0.000205803,0.000206994,0.00020497,0.00021481,0.000206597,0.00020251,0.000203701,0.000195329,0.000194337,0.00019275,0.000186283,0.000184219,0.000183942,0.00019156,0.000184338,0.000183307,0.000186759,0.000195289,0.000188862,0.000175411,0.000180172,0.000176125,0.000178665,0.000178466,0.000166087,0.000162675,0.000163984,0.000172911,0.000159659,0.000165254,0.000167436,0.000172673,0.000160056,0.000189377,0.000168983,0.000160532,0.000175054,0.000164421,0.000170928,0.000182751,0.000161643,0.000157557,0.000155216,0.000165135,0.000165373,0.000153549,0.000157477,0.000146566,0.000142955,0.000138908,0.000150018,0.000137163,0.000142479,0.000149661,0.00013875,0.000135338,0.000136806,0.00012518,0.000126847,0.000124387,0.000113872,0.0001178,0.00011665,0.000123514,0.000114825,0.000110024,0.000110222,0.000104112,0.000102842,0.000100343,0.000112642,9.70E-05,9.30E-05,9.30E-05,8.76E-05,9.13E-05,9.72E-05,8.65E-05,8.36E-05,9.24E-05,8.94E-05,7.81E-05,7.52E-05,7.55E-05,7.47E-05,7.30E-05
,HNGH010,#N/A,7.43E-05,7.24E-05,7.74E-05,7.19E-05,7.37E-05,7.77E-05,8.80E-05,8.51E-05,8.53E-05,9.02E-05,9.25E-05,9.10E-05,9.50E-05,9.76E-05,9.48E-05,9.94E-05,0.000101194,0.000107731,0.000113287,0.000106841,0.000115742,0.00011387,0.00011611,0.000112274,0.000114913,0.000115435,0.000117307,0.000119671,0.000126822,0.000131764,0.000126024,0.000130014,0.000131579,0.000134096,0.000132868,0.000138792,0.000130996,0.000136245,0.000137135,0.000141278,0.000154875,0.000146189,0.000148245,0.000145084,0.000150977,0.000148123,0.000145299,0.000146527,0.000149228,0.000156932,0.000155949,0.00015509,0.000152082,0.000151867,0.000150455,0.000153555,0.000161842,0.000157054,0.000160093,0.000168902,0.000178907,0.000166722,0.000162917,0.000160523,0.000160093,0.000164543,0.000169147,0.000161658,0.000170897,0.000169209,0.000172892,0.000176544,0.000174273,0.000174365,0.000181394,0.000174242,0.000178294,0.000180074,0.000185077,0.000188729,0.000191246,0.000202602,0.000193885,0.000203308,0.000201006,0.000205242,0.000211012,0.000205948,0.000213529,0.000216844,0.000214664,0.000222153,0.000226665,0.000225008,0.000232589,0.000239863,0.000246339,0.000247444,0.00025257,0.000252294,0.000250575,0.000257788,0.000267333,0.000266351,0.000277277,0.000279334,0.000282342,0.000283385,0.000289248,0.000297995,0.000297166,0.0003084,0.00031506,0.000310241,0.000317485,0.000328473,0.000333875,0.000333875,0.000353303,0.000348484,0.00034962,0.000345753,0.000357968,0.000361774,0.000361252,0.000371596,0.000373867,0.000385592,0.000375555,0.000384702,0.000374972,0.000383136,0.00039259,0.000398452,0.000393234,0.000397316,0.000395014,0.000404683,0.000413583,0.000399895,0.000412233,0.000410361,0.000402411,0.000404468,0.000410637,0.000417113,0.000408642,0.000416131,0.000417205,0.000421379,0.000411189,0.000418556,0.000427211,0.000423835,0.000429758,0.000432367,0.00043559,0.000432306,0.000442619,0.000451673,0.000455632,0.000464564,0.000459162,0.000470365,0.000479174,0.000483808,0.000483962,0.000503359,0.00050649,0.00051137,0.000522021,0.000531014,0.000533714,0.000540528,0.000569072,0.000572357,0.000583774,0.000593565,0.00061548,0.000627419,0.00066158,0.000663422,0.000692518,0.000706269,0.000733738,0.000763449,0.000800955,0.000823422,0.000871303,0.000898312,0.000969212,0.001020531,0.001068933,0.001135597,0.00120395,0.001293358,0.001389579,0.001503848,0.001645249,0.001788184,0.001980566,0.002142777,0.002323219,0.002556421,0.002801564,0.003068129,0.003367383,0.003632567,0.003927155,0.004188963,0.004480912,0.004737042,0.004965181,0.005170852,0.00535289,0.005525874,0.005664605,0.005753429,0.005760396,0.005827429,0.005803765,0.005849436,0.005806251,0.00578007,0.005735228,0.005684094,0.00562409,0.005565068,0.005464611,0.005401262,0.005314647,0.005235337,0.005148907,0.005080493,0.004988446,0.004931081,0.004842379,0.004789128,0.004716202,0.00465632,0.004599508,0.004541162,0.004486099,0.004409981,0.004383708,0.004300316,0.004243167,0.004200013,0.004167172,0.004090133,0.00404655,0.003997042,0.003997288,0.003943514,0.003943484,0.003908555,0.00390346,0.003903522,0.003894099,0.003908555,0.003897966,0.003907021,0.003870036,0.003900391,0.003871908,0.003866322,0.003870957,0.003859171,0.003849564,0.003839497,0.00385248,0.003850055,0.003809633,0.003823015,0.003812211,0.003796589,0.003776792,0.003803924,0.003809418,0.003779953,0.00377759,0.003758929,0.003763625,0.003786706,0.003756166,0.003757241,0.003766326,0.003729218,0.003741802,0.003775656,0.003763287,0.003745577,0.003754693,0.003745762,0.003762796,0.003756964,0.003734774,0.003745086,0.003744933,0.003765067,0.003761016,0.00374567,0.003760126,0.003812948,0.003738794,0.003747419,0.00374656,0.003746222,0.003754202,0.003759819,0.003773139,0.003727592,0.003738518,0.003754233,0.003756197,0.003749997,0.003753005,0.003784711,0.003766356,0.003766571,0.003783421,0.003774521,0.003806195,0.003825317,0.003811597,0.003818104,0.003829583,0.00383563,0.003871847,0.003840786,0.00388216,0.003873504,0.00389324,0.00388483,0.003874302,0.00388661,0.003904105,0.003929273,0.003920863,0.003927155,0.003946553,0.003936885,0.003961776,0.00398851,0.003987405,0.004020645,0.004021535,0.00405054,0.00410729,0.004153176,0.004177484,0.004231197,0.004281041,0.004369037,0.004430423,0.004481219,0.004512403,0.004567158,0.004627592,0.004690942,0.004742904,0.004803123,0.004857541,0.004932923,0.005014903,0.005112597,0.005194608,0.005327292,0.005389905,0.005472653,0.005567861,0.005667674,0.005736026,0.005807019,0.005834151,0.005898298,0.005987583,0.005989364,0.006009682,0.006043014,0.00601315,0.00596441,0.005927825,0.005846766,0.005743362,0.005612151,0.005470167,0.005311455,0.005097957,0.004855393,0.004609545,0.004355287,0.004048759,0.003737597,0.003476035,0.003226534,0.002930657,0.002687172,0.002438439,0.002245167,0.002040724,0.001860926,0.001702092,0.001552895,0.001421039,0.001326536,0.001247533,0.001173104,0.001102572,0.001028633,0.000968691,0.000921608,0.000879559,0.000830789,0.000798684,0.00075243,0.000741258,0.000703169,0.000693623,0.000670389,0.000655748,0.000631471,0.000615602,0.000595744,0.000578925,0.000575518,0.00056054,0.000542953,0.000530277,0.00052598,0.000510511,0.000514439,0.000506582,0.000503574,0.000495011,0.000488412,0.000477056,0.000470426,0.000462385,0.000465208,0.000456768,0.000448696,0.000445258,0.000441729,0.00043737,0.000433288,0.000433104,0.000430863,0.000420367,0.000431477,0.000423589,0.000418372,0.000413768,0.000405542,0.000418494,0.000416131,0.000419384,0.000419814,0.000408458,0.000404713,0.000402473,0.000402043,0.000398329,0.00040281,0.000401767,0.000394186,0.000382891,0.000390349,0.000384732,0.000383014,0.000385561,0.000373806,0.000384088,0.000376138,0.000373008,0.000375371,0.000361989,0.000363125,0.000361559,0.000357815,0.000348454,0.000359841,0.000345077,0.000344157,0.00033277,0.000323992,0.000327337,0.00031374,0.000311285,0.000309198,0.000301647,0.000292746,0.00029554,0.000288051,0.000282802,0.000281912,0.000275651,0.000264663,0.000260243,0.000254319,0.000252877,0.000246401,0.000248242,0.00024591,0.000242012,0.000237776,0.00023971,0.000224854,0.000226604,0.000226389,0.000219882,0.000208741,0.000211871,0.000211472,0.000209232,0.000204198,0.00020604,0.000203124,0.000204659,0.000205365,0.000194776,0.000197415,0.000192903,0.000188606,0.000183082,0.000185752,0.000181977,0.000180902,0.000181946,0.000183358,0.000179429,0.000178877,0.000184279,0.000183941,0.000174119,0.000172462,0.00017458,0.000176698,0.00017326,0.000162364,0.000165771,0.000162917,0.000163623,0.000157914,0.000162456,0.000162978,0.000161965,0.000155642,0.000182621,0.000160338,0.000155121,0.0001666,0.000162088,0.000170314,0.000178294,0.000157607,0.000156195,0.000150148,0.000157852,0.000154138,0.00014625,0.000150241,0.000139099,0.00013916,0.000142291,0.000146803,0.000128234,0.000133452,0.000145422,0.000134956,0.00013692,0.000126791,0.000125103,0.000120745,0.000122832,0.000115773,0.000117,0.000110893,0.000111598,0.000112028,0.000108284,0.000109051,0.000104877,0.000103987,0.000102299,0.000100365,9.46E-05,9.07E-05,8.83E-05,8.76E-05,8.78E-05,9.06E-05,8.63E-05,8.26E-05,8.77E-05,8.05E-05,7.69E-05,7.34E-05,7.58E-05,7.22E-05,6.92E-05
CH?NG,HNGH011,HNGH011,7.24E-05,7.16E-05,8.15E-05,7.66E-05,7.71E-05,7.98E-05,8.49E-05,8.68E-05,8.47E-05,9.07E-05,8.91E-05,9.57E-05,9.23E-05,0.000101492,9.48E-05,9.78E-05,9.97E-05,0.000107837,0.000118958,0.00010872,0.000114411,0.000115622,0.000117748,0.000114902,0.000115687,0.000112514,0.00011657,0.000118892,0.000128835,0.000131027,0.000124126,0.000125957,0.000127854,0.000129915,0.000132401,0.000137863,0.000131485,0.000135148,0.000137078,0.000141722,0.000150161,0.000144666,0.000144274,0.00014169,0.000149965,0.000148231,0.000145026,0.000146171,0.000141755,0.000150717,0.000154347,0.000149114,0.000147381,0.0001516,0.000148329,0.000145353,0.000153464,0.000150815,0.000155787,0.000163931,0.00017358,0.000168641,0.000159679,0.00016066,0.000155721,0.000158501,0.000169066,0.000167267,0.000174528,0.00016658,0.000164847,0.000175607,0.000171486,0.000176589,0.000174528,0.00017044,0.000182247,0.000179696,0.000189018,0.000191176,0.000187121,0.000194218,0.000187448,0.000202199,0.000198928,0.000200073,0.000207596,0.000204357,0.000214104,0.000214791,0.000217048,0.000225945,0.000219828,0.000225225,0.000239747,0.000236902,0.000248611,0.000247008,0.000246518,0.000254302,0.000251522,0.000254727,0.0002631,0.000263395,0.000273436,0.000284459,0.000278538,0.000284262,0.000286192,0.000292995,0.000295121,0.000310298,0.000315629,0.000306667,0.000315596,0.00032253,0.000333782,0.000329366,0.000346145,0.000343986,0.00034886,0.000347421,0.000350593,0.000348991,0.000359981,0.000359523,0.000365574,0.00037568,0.000373194,0.000380586,0.00038353,0.000384675,0.000392655,0.000391543,0.000388534,0.000392786,0.000398477,0.000403122,0.000404201,0.000395239,0.000405379,0.000406491,0.000397921,0.000403351,0.000406393,0.000417284,0.000410939,0.000418887,0.000411201,0.000418789,0.000411855,0.000418298,0.000424676,0.000426279,0.000431349,0.000433442,0.000436288,0.000435306,0.000439362,0.000451464,0.000454211,0.000461276,0.000463991,0.000465005,0.000472495,0.000485251,0.000486526,0.000502259,0.00050481,0.000502815,0.000529602,0.000534312,0.000545335,0.000557469,0.00057052,0.000576342,0.000591616,0.000597896,0.000626842,0.000629001,0.000650981,0.000672797,0.000699257,0.000713943,0.000735595,0.000773634,0.000812982,0.000822925,0.000877972,0.000908128,0.000970273,0.001014134,0.001084423,0.001145684,0.001220814,0.001316582,0.001401818,0.001533826,0.001666325,0.001811547,0.001997588,0.002174634,0.002376735,0.002596563,0.002846646,0.003124661,0.003377459,0.003684191,0.00395802,0.004249478,0.004522685,0.00477123,0.00502285,0.005201827,0.00540988,0.005557163,0.005686096,0.005786509,0.005794719,0.005826445,0.005840182,0.005841883,0.005786836,0.005753899,0.005752002,0.005636773,0.005605439,0.005526941,0.005466105,0.005371318,0.005306524,0.005214419,0.005146027,0.005041919,0.004957337,0.004901178,0.004813456,0.004781272,0.004710132,0.004647072,0.004590357,0.004523372,0.00444906,0.004416647,0.004366964,0.004302889,0.004232535,0.004184455,0.004168788,0.004083127,0.004040901,0.00401758,0.003946343,0.003943236,0.003930513,0.003907879,0.003932279,0.003879063,0.003883544,0.003903071,0.003911738,0.003885899,0.003884984,0.003870494,0.003864116,0.003848743,0.003844034,0.003869088,0.003862677,0.003836086,0.003832324,0.003832488,0.003820942,0.003804228,0.003791243,0.003780646,0.003775478,0.003778095,0.003760335,0.003770834,0.003760106,0.003757489,0.003727398,0.003787122,0.003756933,0.003730276,0.003758536,0.003740252,0.003758732,0.003749083,0.00371703,0.003741331,0.00375798,0.003734823,0.003722852,0.003750326,0.003727071,0.003699335,0.003745649,0.003731519,0.003729459,0.003737341,0.003750522,0.003787874,0.003726384,0.00374035,0.003725403,0.003711011,0.003722753,0.003748854,0.003735869,0.003736523,0.003736818,0.003752289,0.003744079,0.003737276,0.003718207,0.003757358,0.003768969,0.003770278,0.003757162,0.003762134,0.003811031,0.003802495,0.00380642,0.003805766,0.003807957,0.003800794,0.003831605,0.003849463,0.003878704,0.00387769,0.00385064,0.003864737,0.003877003,0.00388554,0.003895613,0.003918345,0.003904837,0.003920962,0.003944937,0.003930349,0.003923317,0.003972902,0.003972869,0.00398955,0.004010254,0.00404633,0.004111746,0.004141248,0.004172222,0.004243787,0.004289741,0.004344984,0.004419787,0.004478562,0.004522554,0.004563308,0.004640629,0.004674481,0.004734827,0.004782678,0.004850187,0.004911415,0.00501765,0.005128136,0.005193944,0.005275681,0.005366837,0.005477094,0.005541986,0.005630232,0.005696334,0.00580561,0.005857027,0.005912597,0.005953809,0.005979648,0.006016705,0.006030999,0.006048694,0.005998782,0.00594923,0.005891337,0.00581274,0.005681223,0.0055535,0.005356894,0.005145929,0.004938432,0.00467749,0.004411708,0.004124207,0.003837884,0.003550417,0.00326501,0.003014371,0.002744958,0.00249687,0.002299512,0.002074909,0.001881018,0.001714863,0.001573827,0.001441786,0.001341341,0.001246882,0.001183167,0.00112933,0.001062737,0.000972988,0.000917515,0.000889943,0.000848666,0.000795581,0.000773798,0.000739324,0.000708383,0.00068673,0.000676264,0.000652845,0.000631389,0.000621053,0.000596326,0.000585369,0.000575884,0.000557796,0.000551746,0.000525481,0.000531794,0.000511777,0.000512856,0.000517272,0.000503306,0.000497713,0.000484172,0.000476354,0.000471252,0.000468603,0.000466542,0.000449076,0.000451039,0.000439983,0.000439983,0.00043583,0.000430498,0.000439198,0.000433638,0.00042605,0.00041892,0.000425919,0.000418102,0.000416728,0.000407407,0.000413687,0.0004095,0.000416892,0.000411855,0.000401879,0.000397038,0.000403613,0.00040479,0.000395534,0.000398085,0.000402729,0.000390562,0.000387749,0.000381241,0.000382222,0.000381175,0.000378558,0.000369695,0.000380521,0.000375255,0.000375386,0.000372082,0.000365345,0.000366849,0.000365672,0.00035864,0.000346112,0.000348893,0.000343005,0.000345949,0.000321418,0.000329693,0.000323675,0.000312195,0.000303233,0.00030248,0.000299766,0.000297607,0.000294402,0.000281907,0.000279814,0.000274221,0.000278604,0.000262839,0.000261269,0.000256068,0.000247957,0.000249036,0.000242691,0.000244555,0.000242625,0.000238897,0.000237458,0.00022637,0.000224375,0.000220057,0.000215315,0.000211913,0.000207138,0.000211324,0.000204685,0.000196377,0.000201152,0.000203016,0.000207694,0.000196835,0.000189639,0.000192354,0.000190359,0.000187873,0.000188658,0.000186728,0.000178715,0.000175673,0.000180415,0.000176229,0.000182738,0.000179663,0.000181789,0.000180415,0.000171225,0.000171715,0.000168216,0.000167823,0.000173056,0.000164585,0.000165403,0.000160169,0.000160954,0.000157586,0.000164847,0.000162034,0.000158207,0.000153235,0.000173481,0.000159221,0.000154969,0.000161543,0.000157913,0.000166482,0.000175509,0.000150324,0.000149278,0.000149703,0.000153072,0.000147871,0.000148558,0.000149409,0.000137045,0.000137405,0.000139923,0.000144633,0.000133055,0.00013191,0.000148002,0.000130046,0.000129457,0.000130111,0.000123112,0.000117715,0.000118958,0.000115425,0.000112416,0.000112253,0.000116014,0.000110879,0.000110421,0.000108099,0.000106823,0.000102735,9.88E-05,9.97E-05,9.14E-05,9.25E-05,9.22E-05,8.69E-05,8.94E-05,9.14E-05,8.45E-05,8.24E-05,8.87E-05,8.32E-05,7.81E-05,7.87E-05,7.51E-05,7.48E-05,6.83E-05
CH?NG,HNGH012,HNGH012,7.49E-05,7.65E-05,7.91E-05,7.56E-05,7.91E-05,7.83E-05,8.82E-05,8.85E-05,8.45E-05,9.11E-05,9.37E-05,9.58E-05,9.66E-05,0.000106187,0.000100454,0.000103232,0.000105744,0.000111714,0.000115674,0.00011201,0.000121556,0.000118275,0.000120669,0.000117093,0.000116531,0.000115615,0.000123536,0.000127259,0.000130392,0.000134086,0.000127939,0.000132668,0.000136067,0.000137485,0.000134618,0.000145317,0.000132845,0.000139288,0.000141652,0.000143869,0.000145169,0.000152351,0.000152262,0.000147061,0.000151908,0.000152085,0.000147829,0.000152321,0.000147977,0.00015569,0.000161187,0.000158912,0.000153119,0.000160478,0.000151819,0.000154213,0.000162104,0.000157493,0.000164025,0.000168576,0.000175758,0.000172122,0.000164172,0.000159473,0.00016033,0.000167098,0.000168871,0.000173334,0.000175226,0.000172773,0.000178388,0.000179275,0.000183176,0.000180752,0.00018025,0.000177324,0.000182673,0.000182851,0.000191746,0.000190328,0.000188288,0.000200642,0.000189707,0.000205075,0.000202504,0.000207912,0.000217251,0.000207587,0.000219675,0.000220768,0.000217902,0.000221034,0.000229339,0.000227152,0.00024187,0.000245712,0.000247988,0.000252953,0.000255878,0.000257888,0.000256706,0.00025978,0.000276625,0.000273404,0.000279344,0.000288417,0.000286024,0.000283689,0.000290723,0.000303874,0.000302662,0.000307539,0.000320483,0.000316021,0.000318562,0.000328522,0.000334758,0.000337654,0.000346964,0.000355209,0.000360204,0.000356569,0.000361416,0.000362539,0.000370016,0.000379207,0.000375956,0.000386271,0.000379237,0.000379296,0.000393541,0.000395698,0.000402171,0.000409589,0.000388133,0.000398151,0.000400013,0.000409116,0.000409057,0.000397797,0.000415145,0.000416534,0.000405067,0.000409234,0.000410357,0.000424957,0.000419519,0.000430365,0.000422238,0.000424691,0.000418071,0.000425223,0.000435448,0.00043403,0.000437813,0.0004327,0.000445142,0.000443044,0.000443162,0.000457348,0.000458501,0.000468638,0.000473514,0.000475731,0.000476854,0.000485661,0.000490212,0.000517313,0.000518495,0.000512052,0.000531676,0.000535016,0.000542345,0.000555585,0.000572845,0.000582332,0.000584312,0.000611974,0.000615876,0.000637568,0.000654,0.000667566,0.000705158,0.000719581,0.000745293,0.000767872,0.000806322,0.00083162,0.000877222,0.000908756,0.000963431,0.001012697,0.001067786,0.001134075,0.001220314,0.001286544,0.001393855,0.001514021,0.001647487,0.001806783,0.001981122,0.002126853,0.002328677,0.002546933,0.002802694,0.00307595,0.00333041,0.003610877,0.003902929,0.00417722,0.004445866,0.004718176,0.004975857,0.005119992,0.005319186,0.005514509,0.00562108,0.005734715,0.005760605,0.00578673,0.005806384,0.005792464,0.005789538,0.005754901,0.0057119,0.005672947,0.005603318,0.005530822,0.005449312,0.005385919,0.005308192,0.005212792,0.005143429,0.005083966,0.004998496,0.004891658,0.00483855,0.004779796,0.004681175,0.004655167,0.004599547,0.004535208,0.004466642,0.004422045,0.004366661,0.004316685,0.004252967,0.004170304,0.004153163,0.004090154,0.00404003,0.003990084,0.003979622,0.003930474,0.003941763,0.003931183,0.00393207,0.003903432,0.003916938,0.003889719,0.003934789,0.003906505,0.00388632,0.003899383,0.003883631,0.003870509,0.003865278,0.003862677,0.003836847,0.003841723,0.003845683,0.003837024,0.00384261,0.003810603,0.003806583,0.003796565,0.003773513,0.003797097,0.003772005,0.003807086,0.003769198,0.003775404,0.003780931,0.003780339,0.003727083,0.003745229,0.003737545,0.00376373,0.003756283,0.003755928,0.003730955,0.003765533,0.003746589,0.003729448,0.003745141,0.003745614,0.003705863,0.003738609,0.0037306,0.003753593,0.003743722,0.003762164,0.003750608,0.00377963,0.003742126,0.00374585,0.003738196,0.003749603,0.003732876,0.003746973,0.003759711,0.003726729,0.003752411,0.003745288,0.003734442,0.003753593,0.003748658,0.003771414,0.003780458,0.003782615,0.00378232,0.00380484,0.003813942,0.003826148,0.003829606,0.003802741,0.003830906,0.003827389,0.003860135,0.003868469,0.003886084,0.003895275,0.003880912,0.003871188,0.003884754,0.003913273,0.003898733,0.003905471,0.003915519,0.003922051,0.00392211,0.00393603,0.003956363,0.003963456,0.00397117,0.003978144,0.004018101,0.004060511,0.004099818,0.004144947,0.004195455,0.00424014,0.00432431,0.004354928,0.004436586,0.004495989,0.00452841,0.004569401,0.004634272,0.004669146,0.004761562,0.004801814,0.004855336,0.004907351,0.005016169,0.005109796,0.005180578,0.005289012,0.005411217,0.005471035,0.005548259,0.00562374,0.005711072,0.00578076,0.005861413,0.005907429,0.005909704,0.005944312,0.006002356,0.005990889,0.006011843,0.005950785,0.005879648,0.005819535,0.005755078,0.005621051,0.005464001,0.00527187,0.0050837,0.00482992,0.004572475,0.004324428,0.004001994,0.00376837,0.003464969,0.003212223,0.002946887,0.002693846,0.002454961,0.002261146,0.002041796,0.001872097,0.001700359,0.001558145,0.001427103,0.0013312,0.001236628,0.001182603,0.001123968,0.001029868,0.000973627,0.000916735,0.000887152,0.000832122,0.000791929,0.000765094,0.000742337,0.000714468,0.000693928,0.000672797,0.000651843,0.000633933,0.000625628,0.000602547,0.000588597,0.000573761,0.000563713,0.00055659,0.000536434,0.000528957,0.000517668,0.000519204,0.000513412,0.000503334,0.000497748,0.000481878,0.000479513,0.000479779,0.000467337,0.000459417,0.000455338,0.000458235,0.000448925,0.000448511,0.000447802,0.000445704,0.000441182,0.000436217,0.000435271,0.000427971,0.000432375,0.000430897,0.000424839,0.000411185,0.000422858,0.000419992,0.000415795,0.00041417,0.000415234,0.000406367,0.000401107,0.000406486,0.000409382,0.000407461,0.000408791,0.000397383,0.000396083,0.000384113,0.000389078,0.000383611,0.000392832,0.000384497,0.000386034,0.000385768,0.000382517,0.000382281,0.000366322,0.000364844,0.000361445,0.000361268,0.000349949,0.000361386,0.00034392,0.000345989,0.000330916,0.000335852,0.000323971,0.000319745,0.000312859,0.000307096,0.000306564,0.000302071,0.000296574,0.000283541,0.000287028,0.000279669,0.00027104,0.000274882,0.000257888,0.000256085,0.000258538,0.000252982,0.000251268,0.00024716,0.000253869,0.000238974,0.00024122,0.000225911,0.000224817,0.000225586,0.000218966,0.00021468,0.000207883,0.000216335,0.000207233,0.000204307,0.000212345,0.000210218,0.000208769,0.000207351,0.000195854,0.000199667,0.000195973,0.000188407,0.000189471,0.000185008,0.000185244,0.000185067,0.000182585,0.000184919,0.000188288,0.000184003,0.000191333,0.000185688,0.000173837,0.000176467,0.000172536,0.000177058,0.000172004,0.000163966,0.000166625,0.000163434,0.000172625,0.000157759,0.000171206,0.000166093,0.000165532,0.000159,0.000181196,0.000166093,0.000158823,0.000172861,0.000164527,0.000169876,0.000188288,0.000160951,0.000151701,0.000145169,0.000163759,0.000157227,0.000148302,0.000153976,0.000139258,0.00013849,0.000142657,0.000149041,0.000130717,0.000137869,0.000149425,0.000132284,0.000136214,0.000131279,0.000127023,0.000119339,0.000123536,0.000117625,0.00012061,0.000114551,0.000120462,0.000109025,0.00011133,0.000109734,0.00010403,0.000104562,9.96E-05,0.000107606,9.31E-05,9.06E-05,9.10E-05,8.50E-05,9.18E-05,9.32E-05,8.67E-05,8.35E-05,9.19E-05,8.79E-05,8.10E-05,7.61E-05,7.48E-05,7.58E-05,6.84E-05
CH?NG,HNGH013,HNGH013,6.85E-05,6.85E-05,7.70E-05,7.61E-05,7.67E-05,8.16E-05,8.32E-05,8.46E-05,8.38E-05,9.07E-05,9.16E-05,9.12E-05,9.10E-05,9.56E-05,9.38E-05,9.66E-05,9.93E-05,0.000105328,0.00011048,0.000105812,0.000112001,0.000113696,0.000115148,0.000113627,0.000115425,0.000114526,0.000115494,0.000116047,0.000123654,0.000129948,0.000125868,0.000131054,0.000128392,0.000133509,0.000134581,0.000140564,0.000133682,0.000142085,0.000140633,0.00014295,0.000153773,0.000148448,0.00014416,0.000147549,0.000149105,0.000150868,0.000147272,0.000152182,0.00015073,0.000155675,0.000158406,0.00015519,0.000146926,0.000156193,0.000155018,0.00015443,0.000161069,0.000158994,0.000160965,0.000163974,0.00017127,0.00016878,0.000165184,0.000163904,0.000161311,0.000163386,0.000164492,0.000170959,0.000171581,0.000171616,0.000173379,0.00017784,0.000174244,0.000176284,0.000173241,0.000175108,0.000179396,0.000176664,0.000184341,0.000189078,0.000186519,0.000195925,0.000190565,0.000200351,0.000200938,0.000201526,0.000207543,0.000206471,0.000209134,0.000218021,0.000216188,0.000222481,0.000225905,0.000221375,0.000237592,0.00023576,0.000242433,0.000251839,0.000247897,0.000252115,0.000250767,0.000255677,0.000262697,0.000270408,0.000277323,0.000284585,0.000280608,0.000283928,0.000289945,0.000293437,0.000297898,0.000299489,0.000309586,0.000311522,0.000317228,0.000323314,0.000328016,0.000330713,0.000343058,0.000352809,0.000352602,0.000349559,0.000353536,0.000361316,0.000366676,0.000374732,0.000375632,0.000378709,0.000376219,0.000374525,0.000383723,0.000378536,0.000396448,0.000401082,0.000390881,0.000397278,0.00039707,0.00040658,0.000395238,0.000395791,0.000407479,0.000402672,0.000404747,0.000403571,0.000405992,0.000411525,0.000411179,0.000419374,0.000417783,0.000423765,0.000416469,0.000417403,0.000428157,0.000421241,0.000424734,0.000435142,0.000436733,0.000441228,0.000435903,0.000449907,0.00044887,0.000461145,0.00045748,0.000465053,0.000474527,0.000485662,0.000482619,0.000495828,0.000506306,0.000510282,0.000514397,0.000525289,0.000535041,0.000541023,0.000561839,0.000571176,0.000580962,0.000603023,0.000621557,0.000637083,0.000651468,0.00067104,0.000693862,0.00070759,0.000739817,0.000764818,0.000797219,0.000825331,0.000866619,0.000912159,0.000962471,0.001023331,0.001077585,0.00113917,0.001223577,0.001308365,0.001397925,0.00150588,0.001650282,0.00181021,0.001988741,0.002156069,0.002360604,0.002570325,0.002850588,0.003131335,0.003385974,0.003660151,0.003955871,0.004258852,0.004534896,0.004795829,0.005067723,0.005220493,0.005424198,0.005583573,0.005728666,0.005788246,0.005819816,0.005890496,0.005871961,0.005878912,0.005857438,0.005814699,0.005796406,0.005691805,0.005622163,0.005575861,0.005496606,0.005406079,0.005341554,0.005244526,0.005155623,0.005066375,0.005006726,0.004897076,0.004845588,0.004761872,0.004709001,0.004682098,0.004587871,0.004515808,0.004478152,0.00440851,0.004356918,0.004270124,0.004213,0.004179043,0.004134644,0.004088308,0.004044116,0.003989654,0.00395096,0.003938304,0.003905558,0.003881906,0.003899126,0.003898608,0.003898469,0.003881387,0.003880419,0.003886367,0.003851027,0.003889444,0.003862819,0.003866899,0.003854278,0.003839512,0.00383353,0.003817728,0.003802305,0.003812714,0.003793038,0.003786226,0.003776267,0.003757698,0.003753929,0.003756315,0.003747256,0.003758978,0.003749884,0.003739959,0.00373045,0.00374487,0.003745181,0.003742311,0.003721978,0.003717414,0.003744939,0.003737781,0.003728168,0.003739475,0.003718486,0.003718209,0.003724295,0.003726474,0.003712435,0.003723949,0.003728133,0.003757111,0.003704101,0.003750195,0.003717587,0.003770908,0.003711259,0.003747359,0.003727027,0.003717137,0.003708838,0.003741412,0.003718382,0.003721563,0.003715962,0.00373906,0.003718935,0.003727476,0.003741896,0.003749642,0.003746806,0.003749123,0.003761675,0.003740755,0.003787229,0.003785431,0.003784601,0.003817313,0.003818281,0.003819491,0.003845425,0.003845564,0.003829519,0.003863061,0.003831144,0.003878725,0.003845633,0.003869907,0.003868213,0.003900544,0.00390089,0.003889514,0.003917073,0.00390912,0.003958257,0.003954799,0.003942696,0.003988375,0.003994184,0.004009848,0.004099892,0.004144222,0.004151415,0.00422078,0.004290803,0.004352457,0.004418192,0.004480053,0.00451975,0.004574765,0.00462041,0.00467539,0.004754541,0.004807655,0.004855028,0.004924808,0.005057384,0.005131072,0.005208529,0.005325959,0.005410436,0.005525065,0.00558499,0.005667945,0.005754981,0.005828599,0.0058721,0.005940566,0.00598258,0.006031198,0.006064428,0.00608521,0.006087803,0.006036004,0.005998417,0.005905019,0.005824104,0.005703216,0.005569637,0.005357737,0.005174469,0.00491561,0.004667644,0.004387209,0.0040927,0.00381095,0.003494379,0.003253813,0.00296743,0.002726691,0.002477999,0.002287089,0.002062083,0.00185945,0.001707994,0.001570854,0.001441563,0.001339071,0.00125048,0.001168943,0.001109017,0.001034257,0.000978516,0.00091292,0.000878929,0.000825055,0.000782522,0.000755689,0.00073961,0.000713537,0.000678613,0.000669553,0.000653508,0.000616509,0.000620209,0.000593652,0.000584177,0.000570415,0.000560698,0.000551777,0.000528056,0.00052567,0.00051087,0.000515089,0.000502364,0.000502882,0.000488428,0.000483691,0.00047017,0.000468545,0.000462771,0.000465502,0.000450288,0.000448835,0.00044389,0.000444409,0.000444271,0.000437839,0.000437078,0.000430128,0.000428572,0.000421622,0.00041927,0.000418267,0.000413011,0.000415397,0.000421691,0.000408758,0.000407755,0.000414982,0.000408689,0.000399284,0.0004053,0.000407064,0.000397243,0.000406199,0.000400113,0.000390812,0.000389636,0.000388668,0.00038355,0.000382789,0.000388357,0.000379193,0.000383688,0.000372277,0.000385244,0.000377775,0.000374905,0.000366088,0.000360071,0.000356406,0.000349109,0.000355507,0.000330921,0.000342885,0.000326184,0.000323798,0.000325077,0.000311764,0.000309689,0.00030146,0.000299004,0.000297137,0.000296653,0.000285553,0.000286418,0.000277808,0.000268125,0.000267641,0.000260864,0.000255366,0.000250559,0.0002517,0.000246479,0.000245718,0.000243747,0.00023614,0.000235172,0.000226631,0.00022051,0.000223415,0.000213352,0.000207751,0.000206298,0.000205468,0.000202218,0.000198967,0.000201492,0.000200385,0.000198068,0.000199832,0.000195095,0.000195164,0.000188075,0.000184168,0.00018071,0.000183995,0.000182197,0.00018109,0.000179707,0.00017656,0.000179811,0.000188317,0.000192467,0.000179914,0.000173102,0.000169022,0.000170059,0.000173206,0.000173517,0.000160377,0.000162902,0.000168019,0.000168227,0.000155951,0.000163317,0.000156919,0.000155536,0.00015398,0.000178047,0.000161207,0.00015526,0.000162625,0.000160516,0.000170371,0.000181436,0.000152943,0.000151836,0.000151525,0.000157058,0.000156366,0.000147272,0.000157404,0.000140252,0.00013548,0.000138904,0.000143434,0.000132749,0.000131331,0.000147929,0.000136172,0.000128703,0.000127458,0.000122963,0.000118468,0.000123689,0.000118848,0.00011373,0.000115494,0.000114906,0.000111621,0.000108405,0.000107195,0.000103322,0.000100901,9.60E-05,9.99E-05,9.40E-05,8.75E-05,9.09E-05,8.44E-05,8.62E-05,9.23E-05,8.49E-05,8.36E-05,8.79E-05,8.09E-05,8.05E-05,7.19E-05,7.55E-05,7.48E-05,6.92E-05
,HNGH014,#N/A,7.32E-05,7.65E-05,8.25E-05,7.64E-05,7.81E-05,8.17E-05,8.54E-05,8.77E-05,8.27E-05,9.11E-05,9.09E-05,9.47E-05,9.84E-05,0.000102145,9.87E-05,0.000100558,0.000104399,0.000107319,0.000115477,0.000108747,0.000112176,0.000112461,0.000113667,0.000116365,0.000116937,0.000113604,0.000115318,0.000123253,0.000126428,0.000131348,0.000122714,0.000131411,0.000127761,0.00013249,0.000134522,0.000138997,0.000134871,0.000139251,0.000141124,0.000142203,0.000144806,0.000145504,0.000144997,0.000146076,0.000147028,0.000147631,0.000146996,0.000148901,0.000148171,0.000156836,0.000159249,0.00015363,0.000149885,0.000155186,0.000149726,0.000152297,0.000164327,0.000156424,0.000165946,0.000164391,0.000174485,0.000167279,0.000165375,0.000160868,0.000158201,0.000166581,0.000168581,0.000169882,0.000170644,0.000169565,0.000174866,0.000177405,0.000181658,0.00017969,0.000181373,0.000179849,0.000179913,0.000183499,0.000189689,0.000192673,0.000191213,0.000201687,0.000189435,0.000200386,0.000203624,0.000207338,0.000214257,0.000208544,0.000218892,0.000219685,0.000219717,0.000216638,0.000220352,0.000229969,0.000236096,0.000242063,0.000244348,0.000253173,0.000255204,0.000259648,0.000253681,0.000257712,0.000268885,0.000267425,0.000277646,0.000284692,0.000287422,0.000286375,0.000288787,0.000304658,0.000303452,0.000304055,0.000314974,0.000308213,0.000325988,0.000329099,0.000337701,0.000334083,0.000348747,0.000346843,0.000356397,0.00035135,0.000362142,0.000358365,0.000370998,0.000370363,0.000378108,0.000382362,0.000381156,0.000380235,0.000392773,0.000383949,0.000394519,0.000402328,0.000400899,0.000410009,0.000394519,0.000407311,0.000412009,0.000408073,0.000419722,0.000414358,0.000404962,0.000418516,0.000411374,0.000427626,0.000422737,0.000425213,0.000423753,0.000424864,0.000426864,0.00042388,0.00043664,0.00043353,0.000441941,0.000441084,0.00043845,0.000438894,0.000451781,0.000458637,0.000462605,0.000466351,0.000464605,0.000480381,0.000487872,0.000489141,0.000492411,0.000507171,0.000520185,0.000514344,0.000528184,0.000543388,0.000538119,0.000557291,0.000572686,0.000571638,0.000583891,0.000603158,0.00063509,0.000636138,0.000661563,0.000675529,0.000707493,0.000715048,0.000733204,0.00076574,0.000807099,0.000824621,0.000866742,0.000912863,0.000964316,0.001011675,0.0010657,0.001123121,0.001199745,0.001278624,0.001383943,0.001512275,0.001633497,0.001790365,0.001957232,0.002115846,0.00230928,0.002530711,0.002760014,0.00303128,0.003292229,0.003569558,0.003839585,0.004115771,0.004362944,0.004625512,0.0048651,0.005036188,0.005208641,0.005386999,0.005520124,0.005626649,0.005642393,0.005695402,0.005706893,0.005694894,0.005689498,0.00564471,0.005635442,0.005544025,0.005504634,0.005459402,0.005371953,0.005297804,0.005240637,0.005144364,0.005081642,0.005014826,0.004934741,0.00486929,0.004798696,0.004750988,0.004674458,0.004659667,0.004606118,0.004545237,0.004488515,0.004452329,0.004384306,0.004311078,0.004271433,0.004235596,0.004180143,0.004124944,0.004101582,0.004037114,0.004004039,0.00398601,0.003963823,0.003943381,0.003954935,0.003940207,0.003938715,0.003961823,0.003980709,0.003950047,0.00391967,0.00396833,0.003929605,0.003927161,0.003930018,0.003936429,0.003925828,0.003936175,0.003894403,0.003925542,0.003901386,0.003864788,0.003878088,0.003861582,0.003843331,0.003848822,0.00385498,0.003858503,0.003839014,0.003825365,0.003851933,0.003849838,0.00381124,0.003829904,0.003831237,0.003820223,0.003813716,0.003836538,0.003804161,0.003808161,0.003818604,0.003823873,0.003810573,0.003825587,0.003811017,0.003799749,0.003805748,0.003815842,0.003827904,0.003816477,0.003792004,0.003876723,0.003810732,0.003795051,0.003802352,0.003807716,0.003794194,0.003820127,0.00382565,0.003816382,0.003805399,0.003800924,0.003803653,0.003844664,0.003803717,0.003821683,0.003846187,0.003855551,0.003831681,0.003856281,0.003867454,0.003896752,0.003882119,0.003892086,0.003892499,0.003889642,0.003920146,0.003930938,0.003943063,0.003917575,0.003964902,0.003919162,0.003944746,0.003950777,0.003967124,0.003999469,0.003978138,0.003993914,0.003982772,0.003970393,0.004012419,0.004024703,0.004017085,0.004038098,0.004057048,0.00409517,0.004134117,0.004184523,0.004212583,0.004271052,0.0043339,0.004365769,0.004439378,0.004502926,0.004525811,0.004574249,0.004625481,0.004677664,0.004723023,0.004782698,0.004829739,0.00487932,0.004964356,0.005067073,0.005147887,0.005246541,0.005302629,0.005413186,0.005466607,0.005529932,0.005616143,0.005680007,0.005708099,0.005767488,0.005823353,0.005867855,0.005862935,0.005865792,0.005897566,0.00582694,0.005766853,0.005718605,0.005635061,0.005521044,0.005348083,0.005171186,0.004984512,0.004710454,0.004490927,0.004253562,0.003974996,0.003704016,0.003417133,0.003146026,0.002909582,0.002657139,0.00241825,0.002228783,0.002025445,0.001833725,0.001675428,0.00153113,0.001419272,0.001322269,0.001232439,0.001159909,0.001116931,0.001029006,0.00096711,0.00091537,0.000877725,0.000837698,0.000793895,0.000762724,0.000746377,0.000706001,0.000689972,0.000670705,0.000648993,0.000639185,0.000630615,0.000610236,0.000572813,0.000579891,0.000570083,0.000560465,0.000539198,0.00053431,0.000523105,0.000516471,0.000503997,0.000505838,0.000501298,0.000488189,0.000483714,0.000483047,0.000469493,0.000472921,0.000454543,0.000454575,0.000451559,0.00044921,0.000446988,0.000447401,0.000442037,0.000439275,0.000435847,0.000429943,0.000430578,0.000426356,0.000419563,0.000415627,0.000427848,0.000425721,0.000419722,0.000423658,0.000416453,0.00041166,0.000412421,0.000414866,0.000403788,0.000406549,0.000414421,0.0003929,0.000391884,0.000385663,0.000393186,0.000393694,0.000387885,0.000380521,0.000390202,0.000368427,0.000381727,0.000376648,0.000370522,0.000367792,0.000362111,0.000363253,0.000349382,0.000373252,0.000347795,0.000341002,0.000335416,0.000330147,0.000331512,0.000319577,0.000319291,0.000304912,0.000295897,0.000308848,0.000293866,0.000291739,0.000278979,0.000280693,0.000278947,0.000269075,0.000259712,0.000254474,0.000260632,0.000252982,0.000246443,0.000251586,0.000249554,0.000239111,0.000237461,0.000224986,0.000225049,0.000228478,0.000222669,0.000219082,0.000215622,0.000212162,0.00021102,0.000204957,0.000210829,0.000206385,0.000203719,0.000201687,0.000192609,0.000201561,0.000193435,0.000191181,0.000186578,0.000183277,0.000183023,0.000184356,0.000185912,0.000185975,0.000182135,0.000186261,0.000185277,0.00018734,0.000169628,0.000175278,0.000171406,0.00017477,0.000169406,0.000161121,0.000166327,0.000158931,0.000166264,0.000156963,0.000165692,0.000161915,0.000163153,0.000157312,0.000177754,0.000163375,0.000155408,0.000161915,0.000160582,0.000169057,0.000175374,0.000160296,0.00014998,0.00014906,0.000158709,0.000155503,0.000146933,0.000153154,0.000138807,0.000137696,0.000141378,0.000148647,0.000134903,0.000133443,0.000152964,0.000134014,0.000129888,0.000126205,0.000124809,0.000126555,0.00012319,0.000113414,0.000119349,0.000111319,0.000119794,0.000111477,0.000108811,0.000108557,0.000109827,0.000107573,9.84E-05,0.000105478,9.41E-05,9.05E-05,8.93E-05,8.79E-05,8.82E-05,9.50E-05,8.62E-05,8.39E-05,9.02E-05,8.39E-05,7.93E-05,7.72E-05,7.88E-05,7.14E-05,6.82E-05
CH?NG,HNGH015,HNGH015,7.57E-05,7.35E-05,7.59E-05,7.53E-05,7.52E-05,8.09E-05,8.13E-05,8.78E-05,8.80E-05,9.15E-05,8.83E-05,9.28E-05,9.17E-05,0.000100206,9.64E-05,9.77E-05,9.93E-05,0.000107186,0.000114166,0.000104729,0.00011277,0.00011344,0.000118549,0.000114278,0.000114724,0.000115478,0.000115757,0.00012123,0.000122626,0.000127289,0.000122989,0.000129299,0.000130108,0.000132621,0.000134883,0.000136502,0.000130081,0.00013868,0.000136418,0.000137814,0.000145576,0.000139853,0.000141332,0.000144097,0.000147279,0.000144041,0.000143063,0.000147335,0.000146191,0.000146554,0.000151914,0.000148452,0.000148089,0.000149792,0.00014513,0.000148424,0.000153478,0.000154762,0.00015761,0.000159844,0.000169476,0.000161826,0.000159816,0.000159313,0.000160849,0.000159173,0.000162133,0.000166656,0.000167885,0.000166154,0.000170202,0.000170453,0.000170928,0.000178048,0.00017305,0.00017291,0.000178578,0.000178857,0.000180616,0.000183352,0.00018687,0.000194688,0.000189551,0.000197341,0.000194269,0.000199462,0.000200942,0.000206666,0.000211021,0.000214009,0.000214651,0.000217694,0.000226685,0.000223558,0.000236094,0.000236736,0.000242153,0.000244637,0.000243241,0.000246927,0.000244135,0.000260329,0.000265354,0.00026326,0.000271022,0.000275406,0.000275713,0.000279538,0.000287663,0.00029992,0.000293693,0.000302544,0.000309887,0.000310585,0.000315527,0.000313573,0.000327309,0.000330939,0.000340376,0.000345318,0.000351963,0.000353191,0.000353052,0.000353834,0.000360227,0.000365811,0.000366258,0.000376812,0.00038516,0.000373182,0.000382536,0.000379576,0.000395602,0.000394821,0.000387617,0.000394486,0.000393648,0.000399483,0.000400349,0.000394653,0.000409283,0.000408027,0.000403643,0.000402024,0.000402638,0.000415956,0.000407469,0.000427069,0.000418078,0.000424779,0.000423606,0.000417492,0.00043067,0.000430196,0.000438041,0.000435333,0.0004355,0.000438265,0.000441224,0.000452281,0.000454933,0.000465124,0.000462136,0.000467525,0.000482742,0.000483244,0.000492765,0.000510997,0.000508009,0.000516497,0.000521942,0.000534506,0.000548019,0.000557484,0.000564018,0.000585907,0.000595595,0.000598946,0.000632562,0.00063164,0.000656936,0.000683209,0.000697504,0.000715122,0.000749883,0.000768171,0.00080885,0.000832052,0.000879852,0.000913886,0.000974836,0.001024535,0.001080878,0.001146965,0.001224053,0.001308009,0.001417959,0.001539496,0.001662066,0.001823362,0.001992698,0.002181327,0.002358537,0.002614148,0.002832261,0.003130673,0.003377711,0.003674895,0.003941422,0.004237572,0.004508706,0.004757783,0.004995747,0.00518393,0.005356701,0.005521793,0.005671641,0.005740158,0.005775644,0.005808423,0.005814593,0.005807083,0.005777794,0.005747473,0.005732898,0.005631827,0.005586708,0.005515092,0.005452188,0.00541578,0.005293992,0.005218719,0.005129178,0.005042653,0.004964309,0.004904783,0.004831883,0.004778751,0.004686949,0.004651909,0.004586324,0.004526491,0.004466798,0.004443149,0.004372678,0.004316168,0.004251728,0.004195552,0.004173942,0.00409462,0.004068236,0.004020994,0.004002846,0.003947788,0.003915177,0.003927769,0.003929919,0.003905684,0.003912273,0.003932766,0.003913864,0.003884353,0.003892617,0.003874999,0.003876982,0.003882566,0.003867824,0.003857102,0.003879467,0.003862072,0.003824519,0.003833649,0.003825497,0.003793584,0.003812235,0.003792327,0.003777948,0.003788474,0.003772337,0.003798135,0.003764966,0.003750782,0.00375349,0.003802686,0.003776022,0.003740982,0.003749805,0.003751955,0.003749414,0.003782555,0.003750587,0.003750531,0.003746482,0.003725682,0.00373833,0.003753239,0.003727943,0.003746678,0.003726938,0.003746091,0.003748213,0.003742881,0.003738553,0.003797967,0.003734895,0.003721801,0.003759521,0.003751201,0.003760694,0.003744193,0.003747683,0.003733332,0.003726826,0.00375846,0.003729786,0.003757092,0.003740424,0.003779596,0.003772727,0.003768623,0.003792942,0.0037782,0.003796906,0.003824743,0.003822788,0.003832951,0.003835325,0.003824464,0.003854813,0.003864613,0.003889015,0.003874022,0.003883264,0.003892394,0.003890998,0.003891361,0.00390627,0.003939523,0.003944465,0.003927713,0.00392534,0.003935195,0.003955438,0.003999273,0.003978137,0.004007872,0.004019263,0.004062428,0.004124886,0.00415758,0.004178297,0.004257033,0.004311421,0.004352659,0.004424107,0.004502787,0.004515044,0.004581997,0.004598218,0.004682621,0.004733492,0.004783609,0.004861423,0.004913047,0.005020066,0.005101481,0.005193646,0.005292847,0.005337687,0.005466511,0.00550747,0.005618984,0.005701544,0.005784132,0.005809651,0.00587585,0.005926218,0.005945204,0.00599507,0.00599024,0.006012576,0.005964134,0.005917675,0.005850554,0.005757077,0.00564749,0.005504092,0.005310744,0.005115441,0.004870832,0.004621029,0.004383595,0.004089455,0.003819941,0.003521054,0.003257515,0.002977837,0.002727169,0.002494816,0.00228748,0.002083495,0.0018799,0.001716427,0.001581014,0.001459281,0.001352486,0.001255966,0.001176588,0.001116253,0.001043046,0.000980002,0.000916706,0.000879042,0.000846012,0.000800028,0.000775904,0.000745276,0.00071529,0.000692674,0.000662995,0.000652469,0.000633204,0.000618993,0.00060802,0.000586661,0.000582892,0.00056466,0.000555614,0.000546232,0.000531127,0.000509992,0.000514291,0.000517642,0.00050223,0.00049363,0.000489275,0.000488689,0.000473165,0.000460517,0.000466213,0.000451918,0.000454738,0.000452616,0.000439242,0.000445747,0.000435138,0.000435556,0.000429972,0.000426985,0.000432597,0.000422545,0.000419363,0.000414784,0.000413388,0.000417687,0.000415426,0.000409283,0.000413583,0.000408781,0.00040906,0.000400851,0.000409926,0.000393006,0.000407496,0.00039563,0.000398785,0.000391666,0.000388706,0.000391051,0.000383038,0.00038463,0.000376812,0.000385076,0.000370027,0.000372289,0.000374411,0.000363522,0.000359641,0.000353582,0.000353527,0.000343336,0.000351963,0.000333145,0.000338031,0.000324154,0.000323959,0.00032421,0.000316085,0.000299305,0.000298635,0.000295313,0.000294615,0.000295145,0.000283475,0.000286015,0.000275406,0.000276913,0.000268202,0.000261948,0.000252288,0.000255303,0.00024246,0.000247457,0.000239388,0.000239863,0.000237657,0.00023682,0.000224256,0.000223809,0.000219649,0.000211077,0.000211105,0.000206582,0.000211636,0.000197424,0.000200328,0.000204544,0.000199937,0.000200021,0.000200077,0.000189076,0.00019346,0.000186284,0.000183995,0.000185502,0.000182208,0.000178997,0.000176317,0.000177657,0.000175367,0.000181984,0.000175004,0.000180086,0.000176987,0.000169951,0.000170649,0.000163445,0.000170537,0.000169253,0.000158559,0.000161016,0.000154595,0.000160905,0.000154595,0.000162328,0.000157694,0.000161547,0.000152417,0.000173413,0.000157247,0.000155488,0.000162217,0.000156689,0.000159927,0.000169783,0.000149346,0.000152054,0.000144739,0.000150658,0.000149904,0.000143957,0.000147866,0.000139238,0.00013452,0.000133822,0.000142617,0.000130388,0.000133906,0.000144711,0.000131114,0.000129103,0.000125725,0.000122905,0.000117935,0.000122151,0.000116623,0.000116232,0.000110062,0.000115032,0.000108805,0.000106628,0.000106683,0.000102356,0.0001023,9.56E-05,9.74E-05,9.05E-05,9.06E-05,8.72E-05,8.66E-05,8.74E-05,8.93E-05,8.57E-05,8.30E-05,8.49E-05,8.00E-05,8.01E-05,7.43E-05,7.33E-05,7.57E-05,7.03E-05
,HNGH016,#N/A,6.87E-05,7.11E-05,7.64E-05,7.43E-05,7.66E-05,7.86E-05,8.45E-05,8.15E-05,8.45E-05,8.82E-05,8.95E-05,9.28E-05,9.21E-05,9.85E-05,9.25E-05,0.00010229,0.000100055,0.000104712,0.000112269,0.000102263,0.000110513,0.00011344,0.000112961,0.000110539,0.00011493,0.000113227,0.000113866,0.00012121,0.00012121,0.000128688,0.000122381,0.000128608,0.000131854,0.00012898,0.00013212,0.000139944,0.000129167,0.000135526,0.000135447,0.000142259,0.000148007,0.00014625,0.000142685,0.000140928,0.000147767,0.000148858,0.000147208,0.000149417,0.000147395,0.000153275,0.000154686,0.000149763,0.000151546,0.000156096,0.000148805,0.00015599,0.000156761,0.000156894,0.000162057,0.000163308,0.000165303,0.000164798,0.000164984,0.000158624,0.000160567,0.000164505,0.000172674,0.000164638,0.000171211,0.000170466,0.000174005,0.000174032,0.000177118,0.000178129,0.000178183,0.000177172,0.00018409,0.000180312,0.000184543,0.000191648,0.000195107,0.000196464,0.000194255,0.000201813,0.000201147,0.000206709,0.000209343,0.00020466,0.000215783,0.000221531,0.000221052,0.000220121,0.00022531,0.000230312,0.000235209,0.000243298,0.00024391,0.000250749,0.000251042,0.000253783,0.000249152,0.000262005,0.00027217,0.000270175,0.000277759,0.00028324,0.000278291,0.00028638,0.000282921,0.000299366,0.000295587,0.000308387,0.000318392,0.000313789,0.000320282,0.000322118,0.000332416,0.00033364,0.000342448,0.000347717,0.000348036,0.00035123,0.000359372,0.000360437,0.000358654,0.000369591,0.000372145,0.000380235,0.000382444,0.000383002,0.000386781,0.000389894,0.000395562,0.000397824,0.000396467,0.000400698,0.000401204,0.000402242,0.000410491,0.000410704,0.000419884,0.000413072,0.000406419,0.000414669,0.000416212,0.000418501,0.000413524,0.000427309,0.000426164,0.000425499,0.00042494,0.000431353,0.000435744,0.000432657,0.000439736,0.000444898,0.00044394,0.00044732,0.000451896,0.000460784,0.000466027,0.000468927,0.000468076,0.000474595,0.000477842,0.000495697,0.000502616,0.000515149,0.000521908,0.00051467,0.000530796,0.000536544,0.00054293,0.000559136,0.000572521,0.000580557,0.000581595,0.000599743,0.000626646,0.000635667,0.000658313,0.000665471,0.000701608,0.000709671,0.000747936,0.000765526,0.000793254,0.00082476,0.000873404,0.000906933,0.000954459,0.001011831,0.001064785,0.001120774,0.001200924,0.001281314,0.001375807,0.001490577,0.001623549,0.001778075,0.00193481,0.002111396,0.002285401,0.002520237,0.002705977,0.00298794,0.00326043,0.003519055,0.003798783,0.004076701,0.004350788,0.004579423,0.004830918,0.005018254,0.00522036,0.005358494,0.005499262,0.005572601,0.005633698,0.005700649,0.005678536,0.00569554,0.005678749,0.005631888,0.005631143,0.005614751,0.005544394,0.005452641,0.005424221,0.005350245,0.005302852,0.005196863,0.005123871,0.005061469,0.004960909,0.004924879,0.004854361,0.004792306,0.004726339,0.004703986,0.004619312,0.004563058,0.004523808,0.004476282,0.004419309,0.004360208,0.004301292,0.004253846,0.004225639,0.004143307,0.004135909,0.004068133,0.004039606,0.004013156,0.003990564,0.003974198,0.003980585,0.003970499,0.00397992,0.003983086,0.003980798,0.003956955,0.003964246,0.00394168,0.003940031,0.003940962,0.003944634,0.003937343,0.003944661,0.003907114,0.003909083,0.003893862,0.003885666,0.003873345,0.003874995,0.003845431,0.003854878,0.003849449,0.003832871,0.003850886,0.003841466,0.003819672,0.003818954,0.003845112,0.003803999,0.003807724,0.003811503,0.003803067,0.003798916,0.003804691,0.003802801,0.003814297,0.003811636,0.003807139,0.003780821,0.003804824,0.003806899,0.003775659,0.003786968,0.003814084,0.003801817,0.003807192,0.003811875,0.003849449,0.003790161,0.003809853,0.003802988,0.003796202,0.003781433,0.00381733,0.003820231,0.003791652,0.003805782,0.003805595,0.00380807,0.0038065,0.003811982,0.003842797,0.003831434,0.003841093,0.003849928,0.003847427,0.003851791,0.003890748,0.003885932,0.003898731,0.003895591,0.003906688,0.003904666,0.003925395,0.003952032,0.003935427,0.003944767,0.003944501,0.003959642,0.003946311,0.003946816,0.004008339,0.003987716,0.004002778,0.004011985,0.004005678,0.004035748,0.004038649,0.004028803,0.004057914,0.004111162,0.004125531,0.004169811,0.004200333,0.004233064,0.00430092,0.004353183,0.004405765,0.004470853,0.004498262,0.00456037,0.004601989,0.004653427,0.004718516,0.004773226,0.004808299,0.004865325,0.004934219,0.005019239,0.005106574,0.005198619,0.005269216,0.005334465,0.005449501,0.005501391,0.005569274,0.005651394,0.005686493,0.005739075,0.005767494,0.005808474,0.005847671,0.005842775,0.005854563,0.005851078,0.005809725,0.005736813,0.005665178,0.005571536,0.005465201,0.005280446,0.005136963,0.004924001,0.004672214,0.00446319,0.004197432,0.003915097,0.003662112,0.003385924,0.003121923,0.002885224,0.002629871,0.002399825,0.002214671,0.001998941,0.001835846,0.001659287,0.001544942,0.001419874,0.001323864,0.001242436,0.001154675,0.001106111,0.001030511,0.000962016,0.000912814,0.000880988,0.000836283,0.000791151,0.000760789,0.000739607,0.000714248,0.000701954,0.000679707,0.000655306,0.000639845,0.000624012,0.000609909,0.00058729,0.000580504,0.000562356,0.000560147,0.000537369,0.000541706,0.000522866,0.000522201,0.000515442,0.000507698,0.000496176,0.000498784,0.000482711,0.000488087,0.000473637,0.000475819,0.000465015,0.000460838,0.000454797,0.000449661,0.000451843,0.000441997,0.000447586,0.000437687,0.000436489,0.000431273,0.000434999,0.000422891,0.000427921,0.000419192,0.000418181,0.000419937,0.000419299,0.000421774,0.000414536,0.00040618,0.000410677,0.000403572,0.000407351,0.000402455,0.000409666,0.00039354,0.00038907,0.000394738,0.00039056,0.000393114,0.000389043,0.000381645,0.000390161,0.000371986,0.000384413,0.00037784,0.00036371,0.000362113,0.000357856,0.000361501,0.00034463,0.00035735,0.000336594,0.000348648,0.000328824,0.000326216,0.000326056,0.00031778,0.000311128,0.000308467,0.000303384,0.000299446,0.000296146,0.000290026,0.000283932,0.000279355,0.000276029,0.000269616,0.000263815,0.000254953,0.000255299,0.000252452,0.000243431,0.000238934,0.000241861,0.00023614,0.000238295,0.000227492,0.000230499,0.000223074,0.000215544,0.000213362,0.000209024,0.000211366,0.000205778,0.000204234,0.000206789,0.00020144,0.000201813,0.000199444,0.000200456,0.000199072,0.000192739,0.000191781,0.000184143,0.000187975,0.000177145,0.000177464,0.000183877,0.000177757,0.000180418,0.000177278,0.000186512,0.000185474,0.000172009,0.000172488,0.000169934,0.000170865,0.000169162,0.000160194,0.000163574,0.000158039,0.000165303,0.000156336,0.000164079,0.000165729,0.000161658,0.000154074,0.000174484,0.000157134,0.000158092,0.000163494,0.000159369,0.000167299,0.000178821,0.000156096,0.000152344,0.000152158,0.000157533,0.000155404,0.000146623,0.000146916,0.000139731,0.000135207,0.000142392,0.000144122,0.000128315,0.000132493,0.000141274,0.00013087,0.000130337,0.000122966,0.000125361,0.000117431,0.000115702,0.000116234,0.000115728,0.000110992,0.000115169,0.000107266,0.000108011,0.000104366,0.000101678,0.000100986,9.60E-05,9.76E-05,9.29E-05,8.74E-05,9.12E-05,8.63E-05,8.80E-05,8.87E-05,8.33E-05,8.18E-05,8.71E-05,8.32E-05,7.70E-05,7.61E-05,7.37E-05,7.22E-05,7.07E-05
CH?NG,HNGH017,HNGH017,7.07E-05,7.20E-05,7.72E-05,7.41E-05,7.41E-05,7.93E-05,8.20E-05,8.74E-05,8.32E-05,8.84E-05,8.88E-05,9.20E-05,9.21E-05,9.85E-05,9.68E-05,9.49E-05,0.000102277,0.000106736,0.000115453,0.000105902,0.000114561,0.000116029,0.000114418,0.000112979,0.000115166,0.000115252,0.000119251,0.000121006,0.000127191,0.000129061,0.00012535,0.000129924,0.000134758,0.000138814,0.000135247,0.000138843,0.000136599,0.000139706,0.000137836,0.000142669,0.000152077,0.000147647,0.00014546,0.00014523,0.000146266,0.000148855,0.000145546,0.000152653,0.000145949,0.00015294,0.000159442,0.000154177,0.000151157,0.000156767,0.000151847,0.000151703,0.000161658,0.000155357,0.000155731,0.000168447,0.000164937,0.0001658,0.000164103,0.00016324,0.000154149,0.000165541,0.000167757,0.000166865,0.000173482,0.000168677,0.000172705,0.000177682,0.00017541,0.000175553,0.000176244,0.000179322,0.000184414,0.000178977,0.000183292,0.000186774,0.000188155,0.00019739,0.000186169,0.000198886,0.000199778,0.000204496,0.000205963,0.000207718,0.00021353,0.000216694,0.000220578,0.000217327,0.000227569,0.000226792,0.000238847,0.000243364,0.000245291,0.000249664,0.000253318,0.000254498,0.000253807,0.000260712,0.00026474,0.000265373,0.000276507,0.000283958,0.000279729,0.000282836,0.000287151,0.000296013,0.000295092,0.000306686,0.000307952,0.000312383,0.000322049,0.000327199,0.000329357,0.000336204,0.000347712,0.000347827,0.000349524,0.000351826,0.000353437,0.000353466,0.000365089,0.000367448,0.000372828,0.000392593,0.000380222,0.000382264,0.000387155,0.000388191,0.000392881,0.000397138,0.000391672,0.000398951,0.000396966,0.00040646,0.000408359,0.000394607,0.000411408,0.000408387,0.000404532,0.000406201,0.000403669,0.000419953,0.000405367,0.000414343,0.000416616,0.000421305,0.000415494,0.000424211,0.000427807,0.00042424,0.000433964,0.000434338,0.00043359,0.000437531,0.00043989,0.000454505,0.000449384,0.000461957,0.000463683,0.000470415,0.000475191,0.000483592,0.00048644,0.000501889,0.000507125,0.000504795,0.000523783,0.00052246,0.00053883,0.00055169,0.000559918,0.000574073,0.00057134,0.000591996,0.000628592,0.000624046,0.000661101,0.000670106,0.000700487,0.00071234,0.00073668,0.000764702,0.000797988,0.000823881,0.000873797,0.000912722,0.000981683,0.001038072,0.001077257,0.001148836,0.001223033,0.00130497,0.0014067,0.001526296,0.001659414,0.001821791,0.001999933,0.002181154,0.00235478,0.002600647,0.002859805,0.003141232,0.003397973,0.003680838,0.003964221,0.004256263,0.004527016,0.004803062,0.005040931,0.005219304,0.005421527,0.005591038,0.005678614,0.005769641,0.005797232,0.005864352,0.005842141,0.005833712,0.005838718,0.005785494,0.005765441,0.005709771,0.005632668,0.005549696,0.005469946,0.005389391,0.005317984,0.005196777,0.005112309,0.005037162,0.004957355,0.004900937,0.0048459,0.00475657,0.004657314,0.004625783,0.004564848,0.004515191,0.004457134,0.004375974,0.00434847,0.004269353,0.004238656,0.004170587,0.004133157,0.004058758,0.00403511,0.003991984,0.003949951,0.003930157,0.003892268,0.003879983,0.003870345,0.003864159,0.003881105,0.003896382,0.003888844,0.003863383,0.003843388,0.003861743,0.003843733,0.003865483,0.003839734,0.003833491,0.003854378,0.003831621,0.003822127,0.003815538,0.003821868,0.003800204,0.003801154,0.003798852,0.003760674,0.003787056,0.003783863,0.003780554,0.003774225,0.003760157,0.003755525,0.003786567,0.003766889,0.003746951,0.003760732,0.00375541,0.003744132,0.003753223,0.003747239,0.003744132,0.003744621,0.003735875,0.003741485,0.00373366,0.003749886,0.003747498,0.003755985,0.003744161,0.00374183,0.003754057,0.003741744,0.003791516,0.003758977,0.00374393,0.003725403,0.003745398,0.003737946,0.003754172,0.003747239,0.003739097,0.003738896,0.00375026,0.003735904,0.003751267,0.003763666,0.003760415,0.003768931,0.00377949,0.003769708,0.003766457,0.003771175,0.003807397,0.003794824,0.003798679,0.003825176,0.003825924,0.00385432,0.003822414,0.003857657,0.003847358,0.003850609,0.00385596,0.003851558,0.00387538,0.003877739,0.003887405,0.00387958,0.003871409,0.003902222,0.003895749,0.003912895,0.003936746,0.003934904,0.003962811,0.003996472,0.0040192,0.004085802,0.004103064,0.004151282,0.004214087,0.004268778,0.004312048,0.004384346,0.004426868,0.004501008,0.004538437,0.004614073,0.004652769,0.004721529,0.004745954,0.00485315,0.004895384,0.004999704,0.005088286,0.005184032,0.005297845,0.005380904,0.005462437,0.005531686,0.005654361,0.005711124,0.005791593,0.005839696,0.005912253,0.005986854,0.006013408,0.006042235,0.006081823,0.006068416,0.006033087,0.005967117,0.005924222,0.005829713,0.005722171,0.005557637,0.005372158,0.005149451,0.004923378,0.004671987,0.004429285,0.004112011,0.0038141,0.0035241,0.003266754,0.00301919,0.002752034,0.002486143,0.002293357,0.002064723,0.001878438,0.001730274,0.001576873,0.001446172,0.001343291,0.001266246,0.001183964,0.00111227,0.00104538,0.000966982,0.000916146,0.000878083,0.000833749,0.000795514,0.000763407,0.000748015,0.000706356,0.000690878,0.000672753,0.000648356,0.000630231,0.000619529,0.000598642,0.000588774,0.000572462,0.000551776,0.0005449,0.000530113,0.000526833,0.000513484,0.000509974,0.000503385,0.000493201,0.000492395,0.000483563,0.000472861,0.000462417,0.000460777,0.000469667,0.00044527,0.0004516,0.000435546,0.000435891,0.000435201,0.000430137,0.000438653,0.000433446,0.000433043,0.000424815,0.000422859,0.000417997,0.000417997,0.000408387,0.000420039,0.000410718,0.000411495,0.000414544,0.000409251,0.00040295,0.000406719,0.000404043,0.000402001,0.000405913,0.000399584,0.000390521,0.000397512,0.000383214,0.00038891,0.000390867,0.000384796,0.000376453,0.000386206,0.000372799,0.000378956,0.000375245,0.000373087,0.00036624,0.000361809,0.000356774,0.000356688,0.00036903,0.00033537,0.000338793,0.00033091,0.000325156,0.000326739,0.000319028,0.000310023,0.000308412,0.000304097,0.000308585,0.000297911,0.000287008,0.000281915,0.000281455,0.000274608,0.000271731,0.000262151,0.000252311,0.000255936,0.000249664,0.000251333,0.000242414,0.000244486,0.000237437,0.000236689,0.000227397,0.000226188,0.000226303,0.000220118,0.000212666,0.000213645,0.000210998,0.000203748,0.000203949,0.000207114,0.000204525,0.000203863,0.000200727,0.000193736,0.000197447,0.000191808,0.000191032,0.000185278,0.000184645,0.000181739,0.000182257,0.000182228,0.000183494,0.000179351,0.000183034,0.000185652,0.000184788,0.000177625,0.000169972,0.000170605,0.000174345,0.000171267,0.000166318,0.000163902,0.000161945,0.000164189,0.000154494,0.000162895,0.00016137,0.000161686,0.000160651,0.000177711,0.000163815,0.000162981,0.000165973,0.000162923,0.000173338,0.000185191,0.000155156,0.000154091,0.00015179,0.00015809,0.000155558,0.000150265,0.00015576,0.00013844,0.000141691,0.000142612,0.000151214,0.000135362,0.000131478,0.000146064,0.000138325,0.000131823,0.000127939,0.000121955,0.00012348,0.000120258,0.000113641,0.000119308,0.000117208,0.00011787,0.000113353,0.000110476,0.000106736,0.00010547,0.000104406,9.81E-05,0.000100292,9.32E-05,9.17E-05,8.65E-05,8.97E-05,8.88E-05,8.66E-05,8.33E-05,8.19E-05,8.64E-05,8.00E-05,7.87E-05,7.35E-05,7.26E-05,7.35E-05,6.99E-05
,HNGH018,#N/A,7.55E-05,7.41E-05,7.97E-05,7.34E-05,7.56E-05,8.08E-05,8.83E-05,8.77E-05,8.27E-05,9.24E-05,9.18E-05,9.20E-05,9.56E-05,0.00010545,9.76E-05,9.88E-05,0.000101796,0.000110079,0.000110101,0.000108513,0.000118997,0.000114231,0.000117272,0.00011818,0.000114867,0.000118407,0.000119859,0.000125509,0.000132181,0.000137718,0.000126349,0.000133315,0.000134314,0.000137196,0.000133747,0.000142801,0.000133792,0.000137332,0.000142369,0.000146613,0.000157051,0.000150607,0.000150357,0.000147634,0.000150312,0.000148065,0.000149041,0.00015333,0.000149586,0.000155259,0.000159978,0.000157187,0.000150697,0.00016109,0.000151401,0.000153647,0.000160478,0.000160886,0.000164925,0.000172346,0.00017609,0.000171665,0.000163201,0.000157278,0.000158617,0.00016454,0.000166627,0.00016994,0.000173866,0.000172595,0.000171234,0.000178064,0.000179789,0.000176884,0.000182012,0.000170462,0.000181649,0.000184622,0.000188752,0.000191611,0.000187549,0.0001986,0.000191747,0.000201164,0.000202458,0.000206066,0.000213237,0.000208494,0.000219273,0.000216504,0.000212102,0.000218524,0.000227169,0.000224741,0.000236541,0.000243371,0.000246798,0.000246753,0.000248341,0.000260844,0.000251722,0.000262546,0.000272689,0.000274323,0.000282039,0.000284875,0.000284535,0.000288007,0.000286713,0.000301054,0.000297537,0.000306954,0.000313195,0.000309337,0.000321659,0.000323497,0.000326651,0.000331144,0.000345395,0.000353745,0.000354335,0.000351884,0.000364388,0.000357921,0.000365704,0.000368109,0.000373533,0.00038236,0.000379818,0.000378502,0.000382224,0.000383018,0.00040065,0.000403191,0.000387148,0.000399855,0.000399628,0.000406663,0.000404621,0.000398403,0.000405211,0.000403305,0.000397291,0.000404643,0.000407684,0.000415967,0.000407525,0.000426564,0.000413856,0.000416988,0.000417464,0.000422207,0.000430399,0.000418145,0.000434688,0.000430058,0.000433167,0.000437456,0.00044676,0.000452773,0.000455768,0.000454838,0.000468771,0.000467863,0.000483044,0.000486652,0.000486584,0.00050737,0.000500676,0.000508573,0.000516129,0.000523799,0.000532263,0.000548715,0.000567163,0.000576853,0.00058686,0.000602835,0.000618969,0.000637781,0.000653642,0.000669164,0.000694148,0.000713027,0.000738352,0.00076649,0.000800777,0.000829596,0.000873868,0.000911877,0.000958191,0.001016487,0.001069904,0.00114236,0.001215518,0.001292195,0.001400435,0.001523154,0.001648708,0.001811932,0.00198818,0.002162137,0.002353657,0.002583595,0.002838607,0.003109005,0.003371642,0.003669361,0.003948018,0.004244534,0.004515522,0.004783446,0.00503771,0.005245818,0.005413489,0.005593958,0.005733514,0.005819244,0.005822716,0.005867896,0.00589676,0.005869711,0.005846611,0.005800228,0.005780645,0.005696367,0.005639819,0.005583497,0.005494091,0.005382378,0.005337176,0.00525705,0.005166782,0.005070863,0.004989058,0.004885628,0.004849412,0.004756375,0.004713396,0.004652082,0.00460073,0.004517814,0.00445709,0.004409573,0.00435189,0.004262824,0.00420825,0.004166111,0.004130893,0.004077862,0.004028847,0.003995036,0.003956709,0.003917883,0.003894806,0.003885275,0.00388051,0.003874564,0.00387141,0.003900388,0.003870321,0.003859225,0.003855276,0.003843181,0.00385219,0.003843408,0.003835035,0.003831313,0.003828159,0.003837486,0.003821669,0.003816654,0.003817086,0.003753684,0.003788652,0.003783252,0.003763896,0.003763215,0.003744539,0.003763646,0.003754002,0.003756158,0.003761921,0.003749577,0.00371631,0.003744902,0.003738707,0.003717354,0.003717127,0.003749191,0.003722233,0.003740863,0.003719987,0.003715766,0.00373013,0.003740909,0.003708051,0.003715743,0.003717468,0.003734033,0.003719669,0.003738186,0.003746014,0.003771225,0.003712907,0.003724389,0.003707756,0.003729903,0.003719238,0.003741022,0.003743314,0.003719601,0.003710025,0.003731741,0.003725024,0.003749463,0.003730561,0.003765189,0.003733307,0.003755386,0.003751551,0.003775922,0.003783297,0.003791988,0.003815202,0.00381021,0.003798932,0.003807714,0.003819922,0.003829657,0.003860291,0.003846585,0.003857409,0.003856433,0.003875722,0.003856252,0.003883755,0.003897392,0.003891561,0.003903474,0.003892287,0.003914729,0.003931203,0.00395705,0.003943117,0.00397695,0.00400552,0.004035723,0.004113034,0.004132481,0.004186897,0.004218847,0.00428277,0.004328994,0.004395958,0.004458588,0.004516747,0.004553712,0.004604316,0.004674706,0.004740036,0.004781744,0.00486103,0.004926564,0.005011932,0.005100226,0.005196803,0.005312714,0.005420569,0.00548835,0.005587309,0.005674242,0.005749217,0.005811824,0.005870324,0.005936335,0.005983625,0.006014803,0.006069264,0.006086351,0.006088325,0.006028192,0.005986189,0.005911464,0.005821332,0.00569294,0.005551955,0.005356759,0.005130633,0.004918826,0.004658118,0.004393507,0.004091817,0.003826344,0.003518868,0.003247835,0.002975213,0.002725919,0.002456066,0.00227335,0.00206202,0.001869388,0.001705189,0.001565656,0.001427847,0.001336535,0.001244541,0.001175989,0.001115243,0.001038907,0.000972011,0.000914441,0.000881175,0.000826101,0.000789885,0.000755166,0.000739168,0.000701954,0.0006897,0.000676448,0.000651827,0.000629521,0.000627206,0.000598161,0.000581641,0.000570431,0.000562103,0.000546809,0.000527112,0.00052634,0.000509026,0.000504851,0.000504828,0.000495457,0.000485427,0.000484201,0.000472288,0.0004707,0.00046961,0.000458537,0.000455269,0.000446033,0.000443742,0.000434846,0.000440655,0.000437025,0.000437706,0.000431942,0.000431329,0.000422184,0.000428629,0.000421435,0.000421935,0.000411632,0.000413107,0.000413516,0.000411133,0.000416738,0.000411837,0.00039897,0.000402646,0.00040428,0.000399606,0.000403804,0.000398244,0.000394772,0.000393048,0.000393547,0.000386036,0.000386286,0.000384402,0.000374622,0.000384039,0.000370197,0.000376415,0.00037469,0.000366861,0.000367723,0.000360439,0.00035522,0.000348481,0.000362164,0.000343193,0.000342059,0.0003333,0.000331916,0.000325834,0.000319231,0.000310903,0.000305252,0.000302552,0.000300306,0.000293271,0.000286827,0.000279066,0.000277568,0.000274028,0.000268128,0.000263681,0.000253288,0.000254354,0.000249816,0.000248228,0.000243553,0.000244188,0.000241329,0.000238039,0.000227374,0.000221269,0.000222586,0.000219658,0.000216799,0.000207178,0.000211943,0.000209765,0.000199417,0.000206293,0.000208063,0.000204182,0.000202571,0.000196149,0.000195151,0.000191407,0.000190635,0.000189387,0.000184395,0.000182217,0.000182058,0.000179199,0.000178495,0.000181785,0.000182307,0.000186732,0.000184735,0.000173253,0.00017348,0.000172459,0.000175159,0.000172005,0.000160659,0.000168102,0.000163178,0.000167149,0.000156847,0.000167603,0.000165788,0.000164789,0.00016109,0.0001841,0.000162974,0.000158572,0.000168261,0.00016345,0.000173435,0.000175296,0.000160818,0.000154169,0.000152218,0.000159797,0.000155848,0.000148451,0.000153534,0.000141167,0.000140032,0.000140395,0.000146726,0.000133338,0.00013479,0.000146567,0.000130819,0.000128981,0.000127801,0.000125918,0.000122037,0.000121266,0.000116092,0.000118407,0.000116206,0.000118861,0.000109421,0.000106584,0.00010756,0.0001079,0.000102454,9.73E-05,0.000105608,9.10E-05,9.09E-05,8.84E-05,8.59E-05,8.92E-05,9.35E-05,8.87E-05,8.44E-05,8.87E-05,8.32E-05,7.89E-05,7.33E-05,7.53E-05,7.47E-05,7.07E-05
CH?NG,HNGH019,HNGH019,7.38E-05,7.02E-05,8.25E-05,7.65E-05,7.73E-05,8.28E-05,8.89E-05,9.09E-05,8.54E-05,9.38E-05,9.21E-05,9.53E-05,9.68E-05,0.000103796,9.99E-05,9.99E-05,0.000104917,0.000112238,0.000119034,0.000112098,0.000118018,0.00012026,0.000120295,0.00011991,0.000118964,0.000118333,0.000122257,0.000125374,0.000132906,0.000134973,0.000129263,0.000133186,0.000135078,0.000137285,0.000132696,0.000145412,0.000133957,0.000145132,0.000141594,0.000153154,0.000159844,0.00015445,0.000148284,0.000149265,0.000148179,0.000149581,0.00015529,0.000150281,0.000147198,0.000164539,0.000158723,0.000158478,0.000157708,0.000162332,0.000154275,0.000152593,0.000164433,0.000159354,0.000162857,0.000167061,0.000173436,0.000170599,0.000165554,0.000162682,0.00016058,0.000164468,0.000173366,0.000165519,0.000174627,0.000169443,0.000175363,0.000180092,0.000178656,0.000180477,0.000183875,0.000178726,0.000179987,0.000184401,0.000185382,0.000193614,0.000188324,0.000199954,0.000189025,0.000206225,0.000206505,0.000212565,0.000213721,0.00020577,0.000220272,0.000217645,0.000213862,0.000218065,0.000228855,0.00022388,0.000235826,0.000243287,0.000245669,0.000243147,0.000250013,0.000254532,0.000253411,0.000261048,0.000265987,0.000265427,0.000282521,0.000287321,0.000279474,0.000282241,0.000283677,0.000302874,0.000297409,0.0003089,0.000314715,0.00031496,0.000319198,0.000322737,0.000329322,0.000333421,0.000341618,0.000352232,0.000356961,0.000355385,0.000359834,0.000361726,0.000362391,0.000365929,0.000373075,0.000382324,0.000380992,0.000385862,0.000388909,0.000391572,0.000393744,0.000403377,0.0003949,0.000398753,0.000397527,0.000410103,0.000409542,0.000406985,0.000408071,0.000408982,0.000397667,0.000410628,0.000405163,0.000422819,0.000408176,0.000426882,0.000418615,0.000419666,0.000413326,0.000416163,0.000427513,0.000425341,0.000433398,0.000431401,0.000432277,0.000438828,0.000442541,0.000449267,0.000449792,0.000461317,0.000465381,0.00046962,0.000472878,0.000484928,0.000491269,0.000498625,0.000508153,0.000508223,0.000524723,0.000530888,0.000536563,0.000554043,0.000575937,0.00057937,0.000581753,0.000601335,0.000623999,0.00063577,0.000657384,0.000671221,0.000701662,0.000723591,0.000733365,0.000772074,0.000811413,0.000826581,0.00088305,0.000919062,0.000979525,0.001013154,0.001076209,0.001143328,0.001232901,0.001315888,0.00140434,0.001526562,0.001658627,0.001797278,0.001993204,0.002184541,0.002377419,0.002603191,0.002863643,0.003120382,0.003391449,0.003672569,0.003956177,0.004247491,0.0045387,0.004819365,0.00506598,0.00527189,0.005426199,0.005618272,0.005754646,0.00583427,0.005882472,0.005867059,0.005892666,0.005883873,0.005853712,0.005798399,0.00577696,0.005714851,0.005665458,0.005598725,0.005483124,0.005432084,0.005336871,0.005236824,0.005160352,0.005078381,0.005003871,0.004909919,0.004877025,0.004775927,0.004701417,0.004656087,0.004596325,0.004526684,0.004442366,0.004404147,0.004364318,0.004282837,0.004207591,0.004178691,0.004135008,0.004038148,0.004051355,0.004014222,0.003964269,0.003917888,0.003898096,0.003879109,0.003867024,0.003852241,0.003861839,0.003878164,0.00389074,0.003836477,0.003840576,0.003813007,0.003823621,0.003829331,0.00382264,0.003827089,0.003800711,0.003797348,0.003785718,0.003795667,0.003768238,0.003764104,0.003747114,0.003738006,0.003736605,0.003763403,0.003738392,0.003751038,0.003723959,0.003736605,0.003703151,0.003750862,0.003709281,0.003699648,0.003710507,0.003685741,0.003681502,0.003738462,0.003681432,0.003710788,0.003660203,0.003692291,0.003680906,0.003704727,0.003695689,0.003701504,0.003702415,0.003721542,0.003715692,0.00371958,0.003719685,0.003772476,0.003694919,0.003707109,0.003697266,0.0036849,0.003700278,0.003710542,0.003710928,0.003679015,0.003693763,0.003694638,0.003696285,0.003698877,0.003705323,0.003721822,0.003722838,0.003727812,0.003751248,0.003738287,0.003746133,0.003790237,0.003779412,0.003764349,0.003783371,0.003785823,0.003825758,0.003808698,0.00385119,0.003821554,0.003841276,0.00382271,0.003817351,0.003832449,0.003838194,0.003873154,0.003882437,0.003885975,0.003903316,0.003890319,0.003904226,0.003936454,0.003944827,0.003958734,0.003990086,0.004037798,0.004096019,0.004141383,0.00417165,0.004207171,0.004262274,0.004329918,0.004391642,0.004463594,0.004528051,0.004540346,0.004631286,0.004650973,0.004719843,0.004781111,0.004861857,0.004933669,0.005046153,0.005136041,0.005208274,0.005313926,0.005419228,0.005540294,0.005632494,0.005659363,0.005751283,0.005821624,0.005895679,0.005976144,0.006012331,0.006033944,0.006100362,0.006115566,0.006124954,0.006056679,0.005999755,0.005945808,0.005870071,0.005715131,0.005600126,0.005403009,0.005193421,0.004936682,0.00467017,0.004422574,0.004116512,0.00383385,0.003541975,0.003259033,0.002977843,0.002746606,0.002496138,0.002292575,0.002053281,0.001869721,0.001709667,0.001579703,0.001434712,0.001334594,0.001263132,0.001184243,0.001129806,0.001053229,0.000964532,0.000921304,0.000891808,0.000837265,0.000781672,0.000768956,0.000742298,0.000709124,0.000703659,0.000675179,0.000648836,0.000638327,0.000620321,0.000605889,0.000581542,0.000568441,0.000568266,0.000545391,0.000539331,0.000535512,0.000508504,0.000505736,0.000509414,0.000499711,0.000493686,0.000488816,0.000480584,0.00046447,0.000469445,0.000464435,0.000448111,0.000449827,0.00044741,0.000440264,0.000439178,0.000437567,0.000430701,0.000428179,0.000431156,0.000422328,0.000430385,0.000421102,0.000414447,0.000409612,0.000415883,0.000414412,0.00041788,0.000419036,0.000400224,0.000395635,0.000398508,0.000409227,0.000399909,0.00041301,0.00040138,0.000395845,0.000388489,0.000385722,0.000382218,0.000385161,0.000391712,0.000385196,0.00038989,0.000379276,0.000374161,0.000375458,0.000368486,0.000363582,0.000358433,0.000361726,0.000346662,0.000358853,0.00034337,0.000337099,0.000328867,0.00033272,0.000324523,0.000322071,0.000309285,0.00030361,0.000302104,0.000303154,0.00029275,0.000285709,0.000283607,0.000282557,0.000275655,0.000261924,0.000262589,0.000250398,0.00025814,0.000249418,0.000247106,0.00024609,0.000254392,0.000238663,0.000241291,0.00022367,0.000226928,0.00022903,0.000216314,0.00021239,0.000207941,0.000212706,0.000207416,0.000199114,0.000211725,0.000201005,0.000205279,0.000206645,0.000198063,0.000196171,0.000198063,0.000187729,0.000191092,0.000187343,0.000181353,0.00018307,0.000181739,0.000184401,0.000186047,0.000182019,0.000189761,0.000186993,0.000176414,0.000176309,0.000172596,0.000172666,0.000176484,0.000165379,0.000163873,0.000166991,0.000170564,0.000159494,0.000164959,0.000167726,0.000167411,0.000161035,0.000181388,0.000168952,0.000158408,0.000168847,0.000167761,0.000179181,0.00018955,0.000163348,0.000156271,0.000157883,0.000167866,0.000161316,0.00015424,0.000158759,0.000140262,0.000139387,0.000144431,0.000155991,0.000138966,0.000133501,0.000150737,0.000138055,0.000132871,0.000129858,0.000130068,0.000120645,0.000123798,0.00011504,0.00012033,0.000116442,0.000120295,0.000112868,0.000107859,0.000107859,0.000106773,0.000105652,0.000100923,0.000105652,9.46E-05,9.20E-05,9.34E-05,8.63E-05,9.04E-05,9.26E-05,8.58E-05,8.32E-05,8.94E-05,8.38E-05,8.05E-05,7.58E-05,7.28E-05,7.51E-05,7.02E-05
,HNGH020,#N/A,7.27E-05,7.33E-05,8.30E-05,7.68E-05,7.62E-05,7.97E-05,8.85E-05,8.85E-05,8.47E-05,9.70E-05,9.41E-05,9.69E-05,9.69E-05,0.000104107,9.67E-05,9.90E-05,0.000105601,0.000110793,0.000116434,0.000106236,0.000118862,0.000114118,0.000113184,0.000112698,0.000117965,0.000117554,0.000115575,0.000124689,0.000128424,0.000130778,0.000119534,0.000127005,0.000129022,0.00013018,0.000129433,0.000139444,0.00013216,0.000137165,0.00013795,0.000138884,0.000146616,0.000147699,0.000146728,0.000144972,0.000144636,0.000148969,0.000146952,0.00014486,0.00014176,0.000152443,0.000150277,0.000153265,0.00014826,0.000153713,0.000151734,0.000149754,0.000159466,0.000151323,0.000160325,0.000162641,0.00017706,0.000176201,0.000166339,0.000161296,0.000159167,0.000160624,0.000167609,0.000172689,0.000173362,0.00016817,0.000166115,0.000178143,0.00017706,0.000178293,0.000181019,0.000179226,0.00017452,0.000182476,0.000185651,0.000187258,0.000191703,0.000195886,0.00019189,0.00020403,0.00020063,0.000206196,0.000208923,0.000208848,0.000218486,0.000220017,0.000214452,0.000221138,0.000228235,0.000224089,0.000238508,0.000244485,0.000247809,0.00024878,0.000255579,0.000260659,0.000254421,0.000262713,0.000264058,0.000276759,0.000275377,0.000289609,0.000281353,0.000290132,0.000296034,0.000294876,0.000305185,0.000310004,0.000325581,0.000317961,0.000325954,0.000326067,0.000327897,0.000334023,0.00035143,0.000352663,0.000355838,0.000356996,0.000360694,0.000363608,0.000370854,0.000369248,0.000374104,0.000397787,0.000385722,0.000379595,0.000402643,0.000388448,0.000392146,0.000406715,0.000398048,0.000404772,0.000403652,0.000416987,0.000414148,0.000413812,0.00041893,0.000417921,0.000414596,0.000412019,0.000418967,0.000426849,0.000419677,0.000425093,0.000422702,0.000431817,0.000422329,0.00042965,0.000434768,0.00044052,0.000435739,0.000442239,0.000442799,0.00044956,0.000455574,0.00046439,0.000459198,0.000472309,0.00047907,0.000476493,0.000491322,0.000496664,0.000496365,0.000509738,0.000515341,0.000515864,0.000538725,0.000546233,0.000541527,0.000559345,0.000576752,0.000588332,0.000594309,0.00060742,0.00062916,0.000635249,0.000657363,0.000680261,0.000695651,0.000727066,0.000745669,0.000784256,0.000812271,0.000838195,0.000889595,0.000918246,0.000984176,0.001026051,0.001076853,0.001128402,0.001212748,0.001297692,0.001390555,0.001512293,0.001650355,0.001783486,0.001968988,0.002138091,0.002319858,0.002560719,0.002798741,0.003038893,0.003298468,0.003568242,0.003844328,0.004131957,0.004363554,0.004624848,0.004863095,0.005072615,0.0051985,0.005346797,0.005488856,0.005570325,0.005593859,0.005608576,0.005638833,0.005660275,0.005630055,0.005597146,0.005590235,0.005487436,0.005438539,0.005399616,0.005311086,0.005268689,0.005165777,0.005110792,0.005022598,0.004967164,0.004909713,0.004836722,0.004769036,0.004705795,0.004655554,0.004604229,0.004558096,0.004512486,0.004460489,0.004399116,0.004375508,0.004307149,0.00424148,0.004203229,0.004144022,0.004103194,0.004103381,0.004056202,0.004023704,0.003978655,0.003972267,0.003959641,0.003969689,0.003958558,0.003955756,0.003988665,0.003992065,0.00395811,0.003945073,0.003943765,0.003961135,0.003945633,0.003939582,0.003942645,0.003955607,0.003936892,0.003928861,0.003920419,0.003900472,0.003899426,0.003905552,0.003894757,0.003873987,0.003888107,0.00387578,0.003882243,0.003856057,0.00385165,0.003871597,0.003871709,0.003841153,0.003850753,0.003837455,0.003826286,0.003831067,0.003865919,0.003860951,0.00386633,0.003818105,0.003849819,0.003840555,0.003842162,0.0038323,0.00383032,0.003835475,0.003868945,0.00385404,0.003842535,0.003861548,0.003886651,0.003831628,0.003855684,0.003836708,0.003842722,0.00385404,0.003845748,0.003863939,0.003848101,0.003835475,0.00385023,0.003825912,0.003859307,0.0038292,0.003845523,0.003861959,0.003851052,0.003881458,0.003877088,0.003873726,0.003915451,0.003926582,0.003910931,0.003917468,0.003899911,0.00394059,0.003933829,0.003968793,0.003922212,0.00395684,0.003943168,0.003979476,0.003973051,0.003994605,0.004003682,0.004002823,0.003970026,0.00398874,0.00399143,0.003994978,0.004015747,0.004012535,0.004044548,0.004056464,0.00409789,0.004139764,0.004140399,0.004210962,0.004252948,0.004315629,0.00435571,0.004421491,0.004445659,0.004502401,0.004565604,0.004640313,0.004647373,0.004697876,0.004726788,0.004806017,0.004843035,0.004927568,0.005005602,0.005079115,0.005178067,0.005257669,0.005351354,0.005420385,0.005520532,0.005547689,0.005617952,0.005683136,0.005671855,0.005770358,0.00578474,0.005803043,0.005840323,0.005847532,0.005779884,0.005734647,0.005684966,0.005587396,0.005474063,0.005334246,0.005160996,0.004998953,0.004723165,0.004520966,0.004251304,0.004012684,0.003719041,0.003440788,0.003184724,0.002912859,0.002701508,0.002433452,0.002254674,0.002026887,0.001854422,0.001693163,0.001568586,0.001437659,0.001344497,0.001257312,0.00117771,0.001112563,0.001038676,0.000975249,0.000920263,0.000885411,0.000847198,0.000809096,0.000783621,0.000740887,0.000705475,0.000700358,0.000686462,0.000654823,0.000637602,0.000629272,0.000610894,0.000585605,0.00058172,0.00057283,0.000552845,0.000531889,0.0005388,0.000516163,0.000522401,0.000518404,0.000503201,0.000497635,0.000494722,0.000488446,0.000480826,0.000475335,0.000480303,0.000455761,0.00045916,0.00045733,0.000449971,0.000454155,0.000451054,0.000449635,0.000435926,0.000440035,0.000431443,0.000428716,0.000429725,0.000422329,0.000423487,0.00042401,0.000421283,0.000419303,0.000422441,0.000412056,0.000406453,0.000415867,0.000409255,0.000410562,0.000410338,0.00040974,0.00039887,0.000397526,0.000389121,0.000394687,0.000388486,0.00038617,0.000382434,0.000392968,0.000377205,0.000385722,0.000381388,0.0003753,0.00036936,0.000368128,0.000355726,0.000354381,0.000357631,0.000341755,0.000343511,0.00033873,0.000338207,0.000331744,0.000323863,0.000316765,0.000304102,0.000305933,0.000304326,0.000305933,0.000285761,0.000288002,0.000281876,0.000277917,0.000267121,0.000259464,0.000255093,0.000254944,0.000257559,0.00025132,0.000246278,0.000243364,0.000245904,0.000240114,0.000228273,0.000231336,0.000226666,0.000220129,0.000214788,0.00021348,0.000208923,0.000205113,0.000204403,0.000210044,0.000203507,0.000209147,0.00020078,0.000194056,0.000196708,0.000191516,0.00018976,0.000189462,0.00018539,0.000185465,0.000179712,0.000181953,0.000179338,0.000179226,0.000180721,0.000189237,0.000179824,0.000171793,0.000173885,0.00017183,0.000174221,0.000164061,0.000159466,0.000161707,0.000160064,0.000166825,0.000160437,0.000161483,0.000160699,0.000160699,0.000152779,0.000170112,0.000161446,0.000159018,0.000162753,0.000158906,0.00016802,0.000179301,0.000155095,0.000152257,0.000148484,0.000159727,0.00015334,0.000142806,0.000149418,0.000136829,0.000139481,0.000140751,0.000147774,0.000131263,0.000132832,0.000144263,0.000137614,0.000131151,0.000124091,0.000124913,0.000115873,0.000119534,0.000117965,0.000113296,0.000114006,0.000118301,0.000111353,0.000112848,0.000105601,0.000102986,0.000106236,0.000101081,0.000107394,9.73E-05,9.06E-05,8.73E-05,8.34E-05,9.19E-05,9.33E-05,8.86E-05,8.30E-05,9.17E-05,8.40E-05,7.95E-05,7.55E-05,7.69E-05,7.37E-05,7.30E-05
,HNGH021,#N/A,7.94E-05,7.89E-05,8.24E-05,7.81E-05,7.83E-05,7.91E-05,9.29E-05,9.24E-05,9.07E-05,9.38E-05,9.12E-05,9.70E-05,0.000101401,0.000114351,0.000100385,0.000102204,0.000104184,0.000118471,0.000119006,0.000111087,0.000117989,0.000115421,0.000120451,0.000118364,0.000116705,0.000125534,0.000124464,0.000127675,0.000135113,0.000133882,0.000126979,0.000133828,0.000134845,0.000135594,0.000140731,0.000143193,0.000137949,0.000141106,0.00014041,0.000152289,0.000163312,0.000154002,0.000156195,0.000151166,0.000143674,0.000152824,0.000155981,0.000144316,0.000145708,0.000164382,0.000156356,0.000149453,0.00015946,0.000154537,0.000151219,0.00015443,0.000167433,0.000159834,0.000168342,0.000174282,0.000174977,0.000168931,0.000164168,0.000164115,0.000156891,0.000167165,0.000171071,0.000169252,0.000180971,0.000171285,0.000171125,0.000178563,0.000176315,0.000178509,0.0001837,0.000179205,0.000185358,0.000177599,0.000189746,0.000193438,0.000195311,0.000208796,0.000192422,0.000204943,0.000197612,0.000204675,0.000210936,0.000207619,0.00022014,0.000218053,0.000215699,0.00022715,0.000225972,0.000223779,0.000236032,0.000249945,0.000248661,0.00024957,0.000250694,0.000262252,0.000246306,0.000258399,0.000264018,0.000274506,0.000280071,0.000289061,0.000284138,0.000291308,0.000290666,0.000298371,0.000303669,0.00030902,0.000320685,0.000314692,0.00033144,0.000326304,0.000337808,0.000343427,0.00035552,0.000362904,0.000355787,0.000363493,0.000364724,0.00036756,0.000365473,0.000363921,0.000374462,0.00038998,0.000383934,0.000380991,0.000390515,0.000395973,0.00039683,0.00040416,0.000406354,0.000407692,0.000393726,0.000408388,0.000403251,0.000403946,0.000421551,0.000415237,0.000409886,0.00040614,0.000407746,0.000424013,0.000413364,0.000421819,0.000425136,0.000422033,0.000422621,0.000417431,0.000423049,0.000427598,0.000433109,0.000431611,0.000435357,0.000436106,0.000444453,0.00045949,0.000459383,0.000466393,0.000460292,0.000463878,0.000477041,0.000486673,0.000494218,0.00050797,0.000504171,0.000510592,0.000523809,0.000542537,0.000531354,0.000561961,0.000574483,0.00057764,0.000587111,0.000605732,0.000618682,0.000630507,0.000656406,0.000665663,0.000700284,0.000719601,0.000725702,0.000766904,0.00080297,0.000834915,0.000878526,0.000919408,0.000972703,0.001031939,0.001083844,0.00116962,0.001223237,0.001304358,0.00140485,0.001534611,0.001645002,0.001833732,0.002015344,0.002186148,0.002372309,0.002602509,0.002839237,0.003076714,0.003394937,0.0036726,0.003933247,0.004247083,0.004504412,0.004758852,0.004999593,0.005188804,0.005373467,0.005538973,0.005671677,0.005739849,0.005749962,0.005804596,0.005846173,0.005808288,0.005779821,0.005724064,0.005734017,0.005631759,0.005604201,0.00550387,0.005410656,0.005350136,0.005298446,0.005175319,0.005097355,0.005025064,0.0049654,0.004873684,0.004831197,0.004758852,0.004684473,0.004630214,0.004569962,0.004513027,0.004470433,0.004415692,0.004344417,0.004291871,0.004253236,0.004162109,0.004148838,0.004067396,0.00403925,0.003992161,0.003958664,0.003921689,0.003912271,0.003893917,0.00390783,0.003894185,0.003903281,0.003926077,0.003919441,0.003883269,0.00389167,0.003873476,0.00389381,0.003863524,0.003866413,0.003813492,0.003852233,0.003855176,0.003828421,0.003812957,0.003787807,0.003793747,0.003802522,0.003766136,0.003786095,0.003805305,0.003762122,0.003802308,0.003773894,0.003765814,0.003743661,0.003788663,0.003768972,0.003759661,0.003717334,0.003746979,0.003749601,0.003794656,0.003738952,0.003752009,0.003739167,0.003752865,0.003762015,0.003753293,0.003719368,0.003738952,0.003770363,0.003769132,0.003772289,0.003774858,0.003734886,0.003808569,0.003744999,0.003742377,0.003760142,0.003738043,0.003748691,0.003753668,0.003742377,0.003767955,0.00374211,0.003721241,0.003728411,0.003742324,0.003744946,0.003776249,0.003767687,0.003753507,0.003784275,0.003789145,0.003795673,0.003829331,0.003823177,0.003812582,0.003833933,0.003830561,0.003856353,0.003829384,0.003832969,0.003847524,0.00389076,0.003859029,0.003876312,0.003888673,0.003889208,0.003930839,0.003895362,0.003897235,0.0039089,0.003940524,0.003956256,0.003953634,0.003964443,0.003993446,0.003996282,0.004020682,0.004093081,0.004110686,0.00415954,0.004210214,0.004309903,0.004343775,0.004390864,0.00443806,0.004504091,0.004539247,0.004606616,0.004672594,0.004725729,0.004762758,0.004829966,0.004890486,0.005002536,0.005071189,0.005143963,0.005275704,0.005327555,0.00546652,0.005511041,0.005596389,0.005645725,0.005758257,0.005804329,0.005833759,0.005899416,0.005932645,0.005998356,0.006005847,0.006021472,0.005965019,0.005902252,0.005825679,0.005763661,0.005642568,0.005503763,0.005324933,0.005123575,0.004877109,0.004635511,0.004379948,0.004055731,0.003836019,0.003505435,0.003259718,0.00298976,0.002741902,0.002484252,0.00227171,0.002059169,0.001880713,0.001715796,0.00158261,0.001444768,0.001340424,0.001275356,0.001185245,0.00112312,0.001044086,0.000987472,0.000924759,0.000897147,0.000839678,0.000805431,0.000773218,0.000750049,0.00071425,0.000692579,0.000682573,0.000654694,0.000634574,0.000632273,0.000605037,0.000588609,0.00059182,0.000563888,0.000537935,0.000534939,0.000531835,0.00052017,0.000516424,0.00049898,0.000503154,0.000492826,0.000488706,0.000480894,0.000476292,0.000468479,0.000452801,0.000447236,0.000457563,0.000449162,0.000441831,0.000444989,0.000437069,0.000442527,0.000432039,0.000434982,0.000428507,0.000423852,0.000427544,0.00041818,0.000416789,0.000419357,0.000421337,0.000412722,0.000420695,0.000411277,0.000410047,0.000408762,0.000403732,0.000407425,0.000412562,0.000410582,0.000395064,0.000386609,0.000396937,0.000393726,0.000386609,0.000387947,0.000380295,0.000385914,0.000372697,0.000382971,0.000372536,0.000370342,0.000370128,0.000355252,0.000355895,0.000351721,0.000361031,0.0003453,0.000348082,0.000332885,0.000332671,0.000325875,0.000312177,0.000316565,0.000302064,0.000295214,0.000301154,0.000295054,0.000292271,0.000287509,0.000281944,0.000270118,0.000270386,0.000257864,0.000257757,0.0002607,0.000252995,0.000253155,0.000241116,0.000248554,0.000254333,0.000239457,0.000229986,0.00023234,0.000229397,0.00021816,0.000213451,0.000209545,0.000214521,0.00020794,0.00020109,0.000206013,0.000209063,0.000210508,0.000203498,0.000196863,0.000192422,0.000199217,0.000195311,0.000185251,0.000185626,0.000179044,0.000187071,0.000185572,0.000187338,0.000192047,0.000188569,0.000190602,0.000184609,0.000171927,0.000176262,0.000176743,0.000171339,0.00017257,0.000162777,0.000165667,0.000165827,0.00016861,0.000159995,0.000167914,0.000165453,0.000169948,0.000155981,0.000189318,0.000168449,0.000159513,0.000169038,0.000165988,0.000174442,0.000185947,0.000159674,0.000152771,0.000156035,0.000166737,0.0001616,0.000148383,0.000154644,0.0001395,0.0001395,0.000143995,0.000150951,0.000139875,0.000133882,0.000151594,0.000136611,0.000134042,0.000126551,0.00013142,0.000115849,0.000121735,0.00012227,0.000121575,0.000115581,0.000120879,0.000111301,0.000115688,0.000117133,0.000109535,0.000102257,0.000102043,0.000106431,9.77E-05,9.57E-05,9.44E-05,9.03E-05,9.07E-05,9.52E-05,8.46E-05,8.42E-05,8.92E-05,8.30E-05,7.86E-05,7.80E-05,7.97E-05,7.35E-05,7.69E-05
,HNGH022,#N/A,7.69E-05,7.20E-05,7.97E-05,7.52E-05,7.77E-05,8.04E-05,8.90E-05,8.35E-05,8.57E-05,9.21E-05,9.12E-05,9.48E-05,9.63E-05,0.000101795,9.92E-05,9.74E-05,0.000104016,0.000115015,0.000114571,0.000110335,0.000113785,0.000112829,0.000111531,0.000116518,0.000117884,0.000110438,0.000119387,0.000121779,0.000133871,0.000134588,0.000121403,0.000130968,0.000133085,0.000132026,0.000131617,0.00013961,0.000130182,0.000139678,0.000139029,0.000144461,0.000148935,0.000147911,0.000144734,0.000142958,0.000146134,0.000145929,0.000147945,0.000144426,0.000149345,0.000155767,0.000157646,0.000155938,0.000151224,0.000158978,0.000147979,0.000149653,0.000163522,0.000152864,0.000160823,0.00016458,0.000174589,0.000166698,0.000164034,0.000164444,0.000155084,0.000161506,0.000166152,0.000164136,0.000173564,0.000166288,0.000171754,0.000174487,0.000174077,0.000172198,0.000178757,0.000175682,0.000179235,0.000185964,0.000187467,0.000192011,0.000186852,0.000195734,0.000185145,0.000201814,0.000199491,0.000204479,0.000204547,0.000206494,0.000216605,0.00022354,0.000219646,0.000218928,0.000227639,0.000223471,0.00023857,0.000243557,0.000251482,0.000245948,0.000250833,0.000262687,0.000252849,0.000253908,0.000278263,0.000268767,0.000276863,0.000283763,0.000280005,0.000287418,0.000286872,0.000299066,0.000299169,0.000300706,0.000318572,0.000313311,0.000319426,0.000326872,0.000331484,0.000331313,0.000346377,0.000353858,0.000356898,0.000350545,0.000354712,0.000356249,0.000369811,0.000375276,0.000371895,0.000397377,0.000381186,0.00038385,0.000388394,0.000383099,0.000400349,0.000402809,0.000391946,0.000400862,0.000405405,0.000409812,0.000403048,0.000396694,0.000400588,0.000403116,0.000398368,0.000407523,0.000405849,0.000416302,0.000416097,0.000424227,0.000421016,0.000419581,0.000414355,0.000418351,0.000433177,0.00042918,0.000427984,0.0004314,0.000430854,0.000434065,0.000446157,0.000459719,0.000458865,0.00045883,0.000462076,0.000468566,0.000475705,0.000480248,0.000486397,0.000505834,0.000501496,0.000512119,0.000519737,0.000525783,0.000531522,0.000555263,0.000565203,0.000570464,0.000583547,0.000600729,0.000620166,0.000636938,0.000652242,0.000665222,0.000689749,0.00072179,0.000733268,0.000771527,0.000811664,0.000826045,0.000875132,0.000909531,0.000969993,0.001015767,0.001067006,0.001146974,0.001224686,0.001301067,0.001396338,0.001540628,0.001679008,0.001807482,0.002002908,0.002149931,0.002377057,0.002612485,0.002851806,0.003126688,0.003395899,0.003682463,0.003964723,0.004252243,0.004531873,0.004780417,0.005043446,0.005259095,0.005436895,0.005560108,0.005719155,0.005793827,0.005811761,0.005873248,0.005903889,0.005877552,0.005846023,0.005826416,0.005760146,0.005700982,0.005643457,0.00557121,0.005489056,0.005408542,0.00533913,0.005248198,0.005158426,0.005068519,0.004986365,0.00491586,0.004846687,0.004774576,0.004675035,0.004639817,0.004585572,0.004534093,0.004454809,0.004385534,0.0043483,0.004272466,0.004226009,0.004165376,0.004131148,0.004034852,0.004030514,0.003989352,0.003945662,0.003902791,0.003912698,0.003889298,0.003855446,0.003859887,0.003853158,0.003880383,0.003885917,0.003849024,0.00384069,0.003843422,0.003832935,0.00385063,0.003849298,0.003829485,0.00383782,0.003817564,0.003796931,0.003809673,0.003800791,0.003798503,0.003783985,0.003772336,0.003743027,0.003793276,0.003748186,0.003755017,0.003755974,0.003755871,0.003707228,0.003769364,0.003735307,0.003734488,0.003727622,0.003735342,0.003721883,0.003751397,0.003716349,0.003722805,0.003719116,0.003735991,0.003729842,0.003732336,0.003707741,0.003711669,0.003709312,0.003719287,0.003745145,0.003747571,0.003727485,0.003783233,0.00373295,0.00374091,0.003732062,0.003726733,0.003700328,0.003738894,0.003696536,0.003724991,0.003717203,0.003718979,0.003708629,0.003734795,0.003742105,0.003720311,0.003745145,0.003746956,0.003764377,0.003765983,0.003758707,0.003790168,0.003806086,0.003775786,0.003807999,0.003793037,0.003830749,0.003818759,0.003834097,0.003840109,0.00385999,0.00386829,0.003835771,0.003847009,0.003858623,0.003898453,0.003892714,0.003880485,0.003893159,0.003888786,0.003917958,0.003940367,0.003953245,0.003968788,0.003999941,0.0040203,0.004084759,0.004124794,0.004147715,0.004206572,0.004248861,0.004343859,0.004375012,0.004462427,0.004513085,0.004565144,0.004636435,0.004656213,0.004718623,0.004802416,0.004850444,0.004941719,0.005015537,0.005113063,0.00520584,0.005283109,0.005400242,0.005520176,0.00557671,0.00568175,0.005739445,0.005835946,0.005859789,0.005939039,0.006001756,0.006016377,0.006060374,0.00608128,0.006108778,0.006040561,0.005982832,0.005896852,0.005807047,0.005706789,0.005568682,0.005376774,0.005132329,0.004930343,0.004686752,0.004422323,0.004096647,0.003832662,0.003551188,0.003271763,0.002992919,0.00272849,0.00248261,0.002285646,0.002074063,0.001880925,0.001721878,0.001570483,0.001434631,0.001345304,0.001254644,0.001179118,0.001129245,0.001046169,0.000977338,0.000914518,0.000889445,0.000829939,0.00079028,0.000779383,0.000741056,0.000716222,0.000689544,0.000666896,0.000652583,0.000632668,0.000627408,0.000602915,0.00058727,0.000569166,0.000568619,0.00054949,0.000534289,0.00053709,0.000511299,0.00051878,0.000505082,0.000496098,0.00049562,0.000487729,0.000480351,0.000468463,0.00046655,0.000465936,0.000447216,0.000449471,0.000439599,0.000444244,0.000431366,0.000427677,0.00043304,0.000429522,0.000435363,0.000425832,0.000428838,0.00042409,0.000417634,0.000416097,0.000419103,0.000410256,0.000408001,0.000421118,0.00040093,0.000406737,0.000407557,0.000408274,0.000402433,0.000405781,0.000400144,0.000396319,0.000393688,0.000384465,0.000389589,0.000380947,0.000391946,0.00038286,0.000389248,0.000376404,0.000375242,0.000373534,0.000366156,0.000364243,0.000362876,0.00036069,0.00035133,0.00036882,0.000339204,0.000340604,0.00033326,0.000330322,0.000325369,0.00031478,0.000311945,0.000305693,0.00030197,0.000300399,0.0002908,0.000287418,0.000279561,0.000279869,0.000277375,0.000269245,0.000261935,0.000258041,0.000254386,0.00024892,0.00024711,0.000246871,0.000247349,0.000246632,0.000240995,0.000228835,0.000228664,0.000222993,0.000213121,0.000207382,0.000210935,0.000206563,0.000203761,0.000198023,0.000209159,0.00020301,0.000204855,0.000198364,0.000193001,0.000195153,0.000193377,0.000187057,0.000187843,0.00018067,0.000182412,0.000181489,0.000182583,0.000187399,0.000178893,0.000182036,0.000190815,0.000179508,0.000169944,0.000169534,0.000170798,0.000174623,0.000169397,0.000158398,0.000156792,0.000163658,0.000166084,0.000160652,0.000167757,0.000166835,0.000163214,0.000158158,0.000178962,0.000159422,0.00015768,0.000163795,0.000163385,0.000167962,0.000173769,0.000160447,0.000152386,0.000154538,0.000164239,0.000159866,0.00014955,0.000153854,0.000140156,0.000138346,0.000137629,0.000148867,0.000136433,0.000136057,0.000152795,0.00013657,0.000134179,0.000127552,0.000126356,0.000122667,0.000126834,0.000114639,0.000116757,0.000114776,0.000117919,0.000112282,0.000113615,0.000108798,0.000104323,0.000103264,0.000100122,0.000105929,9.17E-05,8.99E-05,8.95E-05,8.62E-05,9.18E-05,9.28E-05,9.12E-05,8.63E-05,8.84E-05,8.89E-05,7.66E-05,7.38E-05,7.46E-05,7.32E-05,6.96E-05
,HNGH023,#N/A,7.23E-05,7.06E-05,8.07E-05,7.35E-05,7.43E-05,7.34E-05,8.08E-05,8.48E-05,8.30E-05,8.77E-05,9.09E-05,9.20E-05,9.11E-05,9.71E-05,9.49E-05,9.72E-05,9.80E-05,0.000110129,0.000116485,0.000104429,0.000110163,0.000110543,0.00010892,0.000111476,0.000112581,0.000112512,0.00011386,0.000116243,0.000123048,0.000128161,0.000126952,0.000128817,0.000132065,0.000133343,0.000130545,0.000139319,0.000132445,0.000139319,0.000130199,0.000140183,0.000144604,0.000142704,0.00014495,0.000140908,0.000147748,0.000146159,0.000145848,0.000148232,0.000142912,0.000150201,0.000152826,0.000148301,0.000145779,0.000152239,0.000148681,0.000148992,0.000157075,0.000155866,0.000157973,0.000163051,0.00016243,0.000167508,0.000162499,0.00015863,0.000157766,0.000162637,0.000167818,0.000167231,0.000171964,0.000169477,0.00016806,0.00017566,0.000171826,0.000171929,0.000178147,0.000175626,0.000181325,0.000182431,0.000183191,0.000191827,0.000191896,0.000192138,0.000194694,0.000196491,0.000194107,0.000205058,0.000208409,0.000207234,0.000210965,0.000215939,0.000216147,0.000221501,0.000218807,0.000218392,0.000236804,0.000240743,0.000244888,0.000238255,0.000248308,0.000255286,0.000249897,0.000260882,0.000260744,0.00026672,0.000275564,0.000279087,0.000272627,0.000284407,0.000289105,0.000294391,0.000296601,0.000304512,0.00031757,0.000308623,0.000317466,0.000320472,0.000327346,0.000335015,0.000347279,0.000343133,0.000348937,0.000349593,0.0003517,0.000353946,0.000358229,0.000370631,0.000366935,0.000384069,0.000374707,0.000380338,0.000378369,0.000388905,0.000389872,0.000389181,0.000383689,0.000393189,0.000396056,0.000400063,0.000399856,0.000396367,0.000403276,0.000403828,0.000398336,0.000403517,0.000399648,0.000415055,0.00040711,0.000412845,0.000420203,0.000419615,0.000420099,0.000420203,0.000423933,0.000425004,0.00043668,0.000428044,0.000436991,0.000434746,0.000439237,0.000451051,0.000455231,0.000451293,0.000459584,0.000458893,0.000470292,0.000485043,0.000484249,0.000499586,0.000508119,0.000507014,0.000521073,0.000521315,0.000533371,0.000553062,0.000567951,0.000578763,0.000576932,0.000594826,0.000611857,0.000626608,0.000651065,0.000666127,0.000696941,0.000710482,0.000724507,0.000763198,0.000794184,0.000821682,0.000862997,0.00091098,0.000970639,0.001006013,0.001072684,0.001137594,0.001210967,0.001301301,0.00139516,0.001512612,0.001642397,0.001805966,0.001983975,0.002161777,0.002354364,0.0025797,0.002833673,0.003105229,0.003360239,0.003646097,0.003923837,0.004212044,0.004492893,0.004737021,0.005001426,0.005182372,0.005343316,0.005550654,0.005660541,0.005746972,0.005779858,0.005826597,0.005816476,0.005818928,0.005793227,0.00579302,0.005747939,0.005651041,0.005632974,0.00555663,0.005468264,0.005392093,0.005340518,0.005230804,0.005147793,0.00505428,0.004974412,0.004919348,0.004843384,0.004768733,0.004688554,0.004678985,0.004603471,0.00454015,0.004490751,0.004439556,0.004392057,0.004314918,0.004244516,0.004212113,0.004165063,0.004114282,0.004067025,0.004008264,0.003968227,0.003958727,0.003929986,0.003929468,0.003894992,0.003900692,0.003894266,0.003936687,0.003917446,0.003899448,0.003885596,0.003901521,0.003892712,0.003882659,0.003874058,0.003874749,0.003886943,0.003842553,0.003837268,0.003827111,0.003821481,0.003817819,0.003805106,0.003806315,0.003777022,0.003795192,0.003791392,0.003767176,0.003793741,0.003786763,0.003757469,0.003784587,0.003743548,0.00374296,0.003768247,0.003763549,0.003763895,0.003769283,0.003733841,0.003778196,0.003749628,0.003743686,0.003750215,0.003732597,0.003722579,0.003722786,0.00373695,0.003744688,0.003749766,0.00375512,0.003758333,0.00380141,0.003734151,0.003748384,0.003734981,0.003720886,0.003744411,0.003741786,0.003757296,0.003734601,0.003739575,0.003748073,0.003747624,0.003756502,0.003751631,0.003797092,0.003780131,0.003759404,0.0037859,0.003798647,0.003778127,0.003827181,0.003829322,0.003832259,0.003840273,0.003857753,0.003858754,0.003853158,0.003875336,0.003883247,0.003890121,0.003882418,0.003896546,0.003885803,0.003912748,0.003931955,0.003933337,0.003956931,0.003946256,0.003947776,0.003961663,0.003987641,0.003995068,0.003992443,0.004003566,0.00405977,0.004114869,0.004161919,0.004174148,0.004271081,0.004304658,0.004372988,0.004414442,0.004497073,0.004534657,0.004595283,0.004640572,0.004705758,0.004758058,0.004814056,0.004867427,0.004944669,0.00504706,0.005127515,0.005171836,0.005311811,0.005387844,0.005479353,0.005559981,0.005631178,0.005716054,0.005791016,0.005852091,0.005875374,0.005941251,0.005959456,0.005986194,0.006014003,0.006008752,0.005986574,0.005930404,0.005851953,0.005757957,0.005614009,0.005489889,0.005310533,0.005100639,0.004862522,0.00463957,0.004366735,0.00406737,0.003801583,0.003505534,0.003235152,0.002959381,0.002721092,0.002467982,0.002271077,0.002069784,0.001863967,0.001702919,0.001570233,0.001433021,0.001336468,0.001248137,0.001178702,0.001125503,0.001030885,0.000954645,0.000912604,0.000869699,0.000826242,0.000796222,0.00074938,0.000737634,0.000699739,0.000686923,0.000666818,0.000645711,0.000625226,0.000607401,0.000600561,0.00057448,0.000573374,0.000555756,0.000550056,0.000530366,0.000530539,0.000505735,0.000505632,0.000507014,0.000496132,0.000486736,0.000487012,0.000470465,0.000465836,0.000464351,0.000460136,0.000451915,0.000448115,0.000450153,0.000441586,0.000430186,0.000430808,0.000433088,0.000428459,0.00042611,0.000417094,0.000421861,0.000416472,0.000412672,0.000411497,0.000408181,0.000414675,0.000417646,0.000411048,0.000404899,0.000401859,0.000402067,0.000394709,0.000392878,0.000399579,0.000398958,0.000386591,0.000387281,0.000381478,0.000381547,0.000389181,0.000382618,0.000377229,0.000384276,0.000376296,0.00037906,0.000377713,0.000370009,0.000359853,0.000356571,0.000356329,0.000346484,0.000355086,0.000332459,0.000335326,0.000321646,0.000327277,0.000327968,0.000311387,0.000308036,0.00029598,0.000296049,0.000295461,0.000289865,0.000285374,0.000280676,0.000277222,0.000272489,0.000267204,0.000258602,0.000251382,0.000253662,0.000252764,0.000246788,0.000244542,0.000243472,0.000241053,0.000236908,0.000226337,0.000225854,0.000224126,0.000217563,0.00021435,0.000209929,0.000207614,0.00020416,0.000196249,0.00020637,0.000198667,0.000208029,0.000198287,0.000197182,0.000194798,0.000186058,0.000187958,0.000185195,0.00018174,0.000178838,0.000176524,0.000181118,0.000174313,0.000182984,0.000182569,0.000184815,0.000183502,0.000173242,0.000173449,0.000170168,0.000172378,0.000165124,0.000159804,0.000161082,0.000164606,0.000164088,0.000160288,0.000162153,0.00016046,0.00015635,0.000153552,0.000175418,0.000161393,0.000157904,0.000166333,0.000153931,0.000168855,0.000181913,0.000160184,0.000146435,0.000149095,0.000156108,0.000153241,0.00014647,0.000147437,0.00013925,0.000140804,0.000135036,0.00014533,0.000133654,0.000132168,0.000139975,0.000130648,0.000131685,0.000126192,0.00011911,0.00011493,0.000119179,0.000111856,0.000113272,0.000108678,0.000116036,0.000110681,0.000107918,0.00010702,0.000102736,9.93E-05,9.56E-05,0.000103151,9.04E-05,8.95E-05,8.99E-05,8.43E-05,9.03E-05,8.78E-05,8.40E-05,8.23E-05,8.58E-05,7.93E-05,7.32E-05,7.04E-05,7.50E-05,7.15E-05,6.90E-05
CH?NG,HNGH024,HNGH024,7.41E-05,7.13E-05,7.94E-05,7.53E-05,7.72E-05,8.19E-05,8.54E-05,8.91E-05,8.47E-05,9.35E-05,9.51E-05,9.26E-05,9.67E-05,0.000101425,9.88E-05,9.97E-05,0.000104044,0.000108558,0.000109227,0.00011062,0.000115524,0.000110954,0.000118701,0.000109951,0.000117307,0.000121153,0.000119871,0.000125165,0.000128787,0.000134082,0.000128063,0.00013202,0.000133859,0.000134305,0.000136924,0.000142998,0.000130961,0.000144057,0.000139153,0.00014963,0.000156261,0.000146565,0.000146063,0.000149574,0.000155091,0.000150187,0.000157209,0.000147846,0.000151246,0.000160831,0.000162057,0.000157766,0.000153419,0.00015654,0.000155314,0.000158491,0.000164676,0.000158658,0.000166181,0.000173091,0.000171252,0.000169023,0.000162001,0.000159995,0.000158658,0.000169803,0.000165122,0.000169246,0.000178497,0.000165735,0.000171921,0.000177215,0.000177048,0.000184794,0.000177159,0.000180057,0.00017989,0.000182899,0.000189587,0.000200788,0.00019176,0.000191649,0.000193878,0.000199618,0.000202293,0.000199952,0.000210485,0.000212212,0.000218119,0.000218677,0.000218398,0.000225698,0.0002335,0.000228151,0.000234113,0.000237624,0.000251556,0.000248993,0.000253005,0.000261587,0.000257519,0.000258857,0.000274293,0.000269947,0.000287222,0.000287334,0.000288002,0.000281649,0.00029664,0.000303105,0.00029703,0.000305055,0.00031804,0.000318263,0.000328572,0.000326845,0.000343675,0.000345068,0.000350139,0.000351867,0.000355935,0.000350362,0.00036435,0.000362455,0.000370034,0.000370034,0.000372653,0.000395167,0.000386362,0.000378895,0.000391935,0.000385917,0.000397675,0.00039344,0.000394945,0.000400462,0.000397285,0.000401353,0.000402635,0.000408264,0.000414282,0.000414839,0.000402858,0.000415787,0.000414449,0.000414003,0.000409378,0.000420579,0.000423031,0.000425929,0.000416678,0.000418183,0.000435682,0.000422363,0.000435737,0.000442146,0.000436128,0.000440753,0.000449056,0.000453905,0.000467447,0.000455298,0.000471125,0.000461985,0.000463379,0.000488958,0.000489404,0.000510413,0.000497763,0.000500883,0.000522617,0.000534655,0.000545856,0.000552989,0.000570989,0.000567924,0.000588655,0.000599188,0.00062003,0.000626049,0.000656309,0.000681832,0.000703678,0.000710922,0.000738285,0.000778465,0.000809338,0.000833078,0.000884571,0.000915166,0.000978528,0.001026343,0.00108196,0.001166666,0.001246915,0.001327609,0.001416774,0.001538149,0.001682652,0.001826876,0.002014178,0.002178353,0.00241815,0.002643737,0.002870216,0.003151476,0.003420419,0.003698502,0.00398004,0.004311733,0.00457176,0.004807099,0.005089139,0.005250583,0.00544134,0.005619614,0.005709169,0.005805077,0.005833888,0.005881703,0.005901876,0.005896359,0.005860693,0.005815164,0.005754754,0.005729175,0.005604177,0.005542041,0.005449532,0.005403556,0.005308317,0.005219097,0.005128984,0.005013516,0.00497055,0.004904178,0.004814233,0.004746021,0.004665104,0.004645544,0.004564571,0.004491121,0.004403294,0.004437455,0.004329232,0.004237615,0.004206574,0.004158927,0.004128444,0.004040728,0.004029303,0.003988455,0.003959699,0.003903358,0.003890596,0.003857438,0.003870088,0.003871482,0.003846571,0.003854429,0.00389589,0.003865742,0.003856602,0.003824113,0.003847964,0.003829351,0.003820881,0.003816534,0.003790119,0.003807394,0.003776967,0.003779976,0.003814639,0.00377418,0.003750775,0.003743976,0.003731103,0.003730155,0.003748601,0.00378945,0.003724137,0.003728539,0.003727703,0.003735338,0.003703239,0.003721796,0.00370909,0.003711877,0.003681505,0.003741914,0.003711096,0.003734669,0.003716781,0.00371327,0.003693765,0.003713994,0.00371979,0.003707641,0.003709703,0.00370831,0.003706917,0.003739183,0.003716502,0.003743809,0.003694935,0.003692706,0.003728149,0.003705746,0.003705691,0.003725641,0.003697387,0.003706248,0.003722966,0.003746205,0.003718007,0.003674483,0.003707474,0.003726199,0.003727257,0.003737289,0.003739963,0.003735282,0.003764651,0.003802713,0.003791791,0.003788447,0.003793295,0.003776465,0.003819933,0.003813692,0.003856992,0.003835481,0.003828014,0.003830466,0.003827679,0.003817871,0.003830243,0.003899513,0.0038668,0.003875383,0.003898621,0.003882293,0.003938132,0.003916566,0.003892881,0.003963433,0.003986504,0.004021557,0.004046245,0.004102307,0.004129391,0.004191751,0.004249262,0.004325832,0.004358266,0.00442748,0.004472564,0.004550806,0.004589704,0.004649389,0.004729303,0.004776449,0.004820586,0.004916661,0.005015578,0.005125641,0.005197641,0.005275884,0.005398262,0.005472826,0.005564276,0.005646029,0.005738761,0.005791591,0.005845814,0.005928459,0.005975939,0.006005196,0.006006144,0.006096479,0.006089234,0.006024144,0.005998063,0.00592662,0.00582748,0.005740711,0.005605292,0.005412083,0.005211295,0.004966036,0.004725904,0.004440966,0.004145106,0.003851197,0.003559683,0.003274244,0.003023134,0.002772469,0.002522919,0.002320013,0.002104457,0.001893304,0.001714528,0.001588193,0.001462805,0.00133959,0.001286927,0.001182159,0.001109266,0.001045012,0.000984714,0.000915333,0.000898503,0.000836032,0.000808112,0.000774564,0.000751938,0.000716217,0.00070156,0.000680272,0.0006606,0.000630786,0.000626996,0.000606767,0.000596791,0.000583194,0.000552878,0.000560735,0.000531255,0.000544184,0.000521503,0.000524289,0.000509689,0.000503558,0.000495255,0.000493917,0.000484611,0.000476753,0.000461707,0.00045658,0.000452233,0.000447552,0.000442313,0.000445155,0.000436295,0.000437298,0.000446883,0.000435849,0.000425539,0.000428939,0.000431112,0.000435403,0.000425651,0.000390653,0.000428047,0.000414672,0.000410437,0.000424425,0.000410604,0.000401799,0.000402078,0.000405254,0.000397731,0.00039461,0.00040988,0.000396226,0.000390876,0.000378895,0.000392492,0.000384412,0.000386195,0.000376387,0.000391935,0.000384858,0.000379173,0.000376276,0.000377334,0.000358498,0.000361954,0.000361229,0.000352535,0.000367805,0.000343396,0.000349192,0.000334535,0.000326288,0.000330467,0.000317817,0.000324393,0.000308399,0.000304331,0.000302547,0.000295972,0.000291067,0.000287947,0.000284324,0.000279532,0.000266101,0.000262925,0.000259358,0.000253284,0.000255624,0.000256126,0.000248436,0.000243699,0.000248324,0.000249104,0.000229544,0.000234949,0.000229042,0.000228262,0.000216336,0.000213104,0.000214386,0.000211822,0.000201791,0.00021394,0.000205636,0.000207531,0.000203296,0.000199061,0.000197444,0.000191036,0.000192262,0.000191314,0.000190924,0.000185463,0.000189754,0.000187636,0.00018407,0.000187469,0.000185853,0.000194714,0.000189531,0.000173927,0.000172367,0.000177438,0.000176435,0.000173481,0.000165624,0.000163116,0.000159995,0.000159717,0.000162336,0.000165011,0.000165847,0.00016607,0.00015771,0.000182676,0.000166961,0.000159382,0.000168131,0.000165902,0.000177494,0.000194992,0.00016997,0.000160051,0.000160441,0.000163227,0.000164286,0.000149518,0.000157543,0.000143834,0.0001401,0.000146732,0.000149685,0.000138038,0.000134639,0.000154367,0.000134695,0.000135531,0.000130459,0.000131462,0.000123438,0.000127283,0.000121543,0.000121208,0.000117196,0.000125722,0.000112459,0.000113462,0.000114967,0.000108112,0.00010906,9.62E-05,0.000105047,9.64E-05,9.52E-05,9.04E-05,9.23E-05,9.35E-05,9.68E-05,8.53E-05,8.16E-05,8.88E-05,8.43E-05,8.13E-05,7.78E-05,7.24E-05,7.39E-05,7.52E-05
,HNGH025,#N/A,7.28E-05,6.74E-05,7.68E-05,7.54E-05,7.20E-05,7.41E-05,7.79E-05,8.47E-05,8.09E-05,8.71E-05,8.97E-05,9.39E-05,9.15E-05,9.68E-05,9.47E-05,9.71E-05,9.84E-05,0.000102137,0.000102465,0.000102924,0.00011283,0.000112698,0.000118078,0.000113879,0.000114404,0.000121292,0.000110796,0.000117684,0.000128836,0.000123785,0.000124703,0.000124178,0.000128442,0.00013533,0.00013041,0.00013861,0.000129754,0.000131197,0.000134608,0.00014189,0.000151139,0.000143727,0.000143005,0.000148909,0.000148319,0.000145826,0.000143333,0.000149302,0.000151664,0.000157699,0.000157043,0.000153501,0.000146547,0.000158421,0.000141627,0.000153501,0.000153107,0.000157174,0.000164718,0.000163209,0.000161963,0.000161766,0.00016931,0.000161897,0.000156978,0.000160126,0.000164456,0.000165637,0.00016931,0.0001638,0.000172262,0.000171803,0.000173705,0.000169572,0.000185972,0.000176985,0.000179412,0.000176854,0.000182889,0.000189908,0.000189449,0.000196927,0.000193188,0.000197452,0.000197583,0.000201519,0.000212343,0.000207357,0.000209719,0.000214442,0.000213392,0.000229267,0.000224151,0.000223954,0.000230973,0.000229464,0.000244224,0.000247438,0.000256556,0.00025531,0.000249472,0.000253014,0.00026469,0.00027289,0.00026633,0.000281746,0.000279909,0.00028214,0.000288896,0.000299851,0.000298999,0.000295063,0.000320777,0.000317235,0.000321892,0.000326944,0.000331011,0.000340654,0.00034905,0.000352921,0.000351215,0.000357447,0.000352527,0.00036709,0.000368861,0.000372928,0.00036768,0.000389,0.000371682,0.000384867,0.000387688,0.000379947,0.000399036,0.000396741,0.000391689,0.000398708,0.000396741,0.000401529,0.000402644,0.000400348,0.000406646,0.000396806,0.000403038,0.0004054,0.000406646,0.000405072,0.00042298,0.000421471,0.000411303,0.000424161,0.000413927,0.000432885,0.000429343,0.000424554,0.000434001,0.000426653,0.00042403,0.000436231,0.000446136,0.000447907,0.000454205,0.000463126,0.000459453,0.000476246,0.000473753,0.000495204,0.000484577,0.000502748,0.000501239,0.000507537,0.000521444,0.000530627,0.000541123,0.000553784,0.000571823,0.000583172,0.000579761,0.000600293,0.000626729,0.000636176,0.000655789,0.000672583,0.000689966,0.000721651,0.000752744,0.000772555,0.000812767,0.0008394,0.000888861,0.000941996,0.000982339,0.001034425,0.001082574,0.001172707,0.001243947,0.001305741,0.001428673,0.00154511,0.001691592,0.001848373,0.00200207,0.002216381,0.00240478,0.002634572,0.00291868,0.003177073,0.003431595,0.003747322,0.004012209,0.004287658,0.004593872,0.004800311,0.00506651,0.005309947,0.0054561,0.005616883,0.005751425,0.00579518,0.005807906,0.005857236,0.005869437,0.005872192,0.005825158,0.00579249,0.005762052,0.005681563,0.005620425,0.005560533,0.005453608,0.005392601,0.005306076,0.005232803,0.005129682,0.005044994,0.004980248,0.004895888,0.004801492,0.004773022,0.004677773,0.004637823,0.004546444,0.004513251,0.004456705,0.004396092,0.004312323,0.004303664,0.004205135,0.004170367,0.004106081,0.004052355,0.004027887,0.00397121,0.003933163,0.003914336,0.003903709,0.003868482,0.00388193,0.003840669,0.00383588,0.003874321,0.003847294,0.003847032,0.003834699,0.003845916,0.003827352,0.00383096,0.003812396,0.003810296,0.003796914,0.003826762,0.003780974,0.003798161,0.003757293,0.00380354,0.003748634,0.003741221,0.003735776,0.003754013,0.003735776,0.003762737,0.003747978,0.003738007,0.00373676,0.003736432,0.003743583,0.003721738,0.003729872,0.003725937,0.003720557,0.003728036,0.00372574,0.003718852,0.003707569,0.003722197,0.003696548,0.003730725,0.003705011,0.003714063,0.003733743,0.00371918,0.003742927,0.003715572,0.003720754,0.003739122,0.003673917,0.003716556,0.003693662,0.003711702,0.003699697,0.003730135,0.003709799,0.003714719,0.003727183,0.003740303,0.003723509,0.003689333,0.003720098,0.003737482,0.003733152,0.003729872,0.003734333,0.003771462,0.00376136,0.003781564,0.003778875,0.003798554,0.003783991,0.003780318,0.00382112,0.003823875,0.003845195,0.003830435,0.003850312,0.003856871,0.003830238,0.003853657,0.003885669,0.003869138,0.003891376,0.003882783,0.003877141,0.003907842,0.00392188,0.003963338,0.003939132,0.003969832,0.00399535,0.004019359,0.004071576,0.004107393,0.004183028,0.004178239,0.004248102,0.004344663,0.004359882,0.004415313,0.004477762,0.004549659,0.004590461,0.004673443,0.004711687,0.004778007,0.004824517,0.004903563,0.005002158,0.005110724,0.005207875,0.005304896,0.005366165,0.005500183,0.005582115,0.005667853,0.005735485,0.005772417,0.005853038,0.005920014,0.005988696,0.006030613,0.006062101,0.006070825,0.006109725,0.006059149,0.006001225,0.005930706,0.005877572,0.005757788,0.005591758,0.00542809,0.005217912,0.004986349,0.004714508,0.004488521,0.004176599,0.003897083,0.003600709,0.003304269,0.003038856,0.002780267,0.002514395,0.002325734,0.002098435,0.001915086,0.001758109,0.001590832,0.001470196,0.001364648,0.001261134,0.00120216,0.001123377,0.001046823,0.000975648,0.000925072,0.000885778,0.000842746,0.000800566,0.000772096,0.000747103,0.000705972,0.000701118,0.000681832,0.000650607,0.000633617,0.000628304,0.000600883,0.00059124,0.000571823,0.000561918,0.00055339,0.000538696,0.000537712,0.000510554,0.000517967,0.000520328,0.00048051,0.00049199,0.000496057,0.000491137,0.00047395,0.000464307,0.000462798,0.000446661,0.000455189,0.000450925,0.0004361,0.000438986,0.000421996,0.000434722,0.000431639,0.000418585,0.000419306,0.000426522,0.000415436,0.000411238,0.000411566,0.000424226,0.000412419,0.000421537,0.000424226,0.000414518,0.00040927,0.000406908,0.000394707,0.000405137,0.000397724,0.000405596,0.00039943,0.000394313,0.000392477,0.000389065,0.000379882,0.000390509,0.000383949,0.000378963,0.000376536,0.000373847,0.000374043,0.000366434,0.000363154,0.000359546,0.000355348,0.000352527,0.000353642,0.000343212,0.000340457,0.000323795,0.000332454,0.000330617,0.000315136,0.000305362,0.000301819,0.00029972,0.000301032,0.000298474,0.000288437,0.00028496,0.000284764,0.000271972,0.000269414,0.000261279,0.000257803,0.000257475,0.000254588,0.000250259,0.000254982,0.000244748,0.000242584,0.000235696,0.000231629,0.000221395,0.000226512,0.000218509,0.000215164,0.000208341,0.000202306,0.000205127,0.000202372,0.000204077,0.000200404,0.000203093,0.000200666,0.0001945,0.000193516,0.000191286,0.000183217,0.000180003,0.000188071,0.00017528,0.000180003,0.00017974,0.000188596,0.000182102,0.000181511,0.000186431,0.000187612,0.000175083,0.000169376,0.000166686,0.000171475,0.00016708,0.000165243,0.000164521,0.000159667,0.000164128,0.000153829,0.000157109,0.000157765,0.000157306,0.000154747,0.000176788,0.000158945,0.000160782,0.000161635,0.000169048,0.000168129,0.000184726,0.000157174,0.000154222,0.00015291,0.00015337,0.000155075,0.00015127,0.000153632,0.000134018,0.000138872,0.000137757,0.000146088,0.000131525,0.000130016,0.000142021,0.000131853,0.000133887,0.000128901,0.000126999,0.000121095,0.000121357,0.000115716,0.00011237,0.00011178,0.000121489,0.000115126,0.000111518,0.000104761,0.000103318,0.000106204,9.98E-05,9.89E-05,8.93E-05,9.14E-05,8.70E-05,8.66E-05,8.51E-05,8.94E-05,8.98E-05,8.06E-05,8.57E-05,7.90E-05,8.04E-05,7.34E-05,7.17E-05,7.46E-05,6.99E-05
CH?NG,HNGH026,HNGH026,7.21E-05,6.55E-05,7.84E-05,7.12E-05,7.13E-05,7.74E-05,8.18E-05,8.03E-05,7.79E-05,9.07E-05,8.88E-05,9.09E-05,9.11E-05,9.81E-05,8.93E-05,9.37E-05,9.73E-05,0.000107043,0.000107755,0.000103959,0.000108348,0.000108526,0.00010817,0.000110186,0.000113507,0.000106984,0.000110542,0.000113804,0.000118785,0.000120979,0.000120564,0.000129045,0.000132366,0.000125664,0.000131713,0.000135212,0.000132247,0.000136873,0.0001345,0.000136991,0.000142744,0.000140194,0.000139423,0.000138118,0.000147014,0.00014304,0.000147962,0.000145768,0.000147429,0.000150928,0.000154249,0.000144404,0.00014642,0.000148733,0.000150157,0.00014814,0.000154604,0.000156028,0.000163737,0.000160475,0.000167948,0.000165576,0.000164449,0.00015413,0.000150394,0.000159823,0.000157807,0.000162788,0.000169667,0.000171328,0.000168422,0.00017542,0.000167117,0.000180579,0.000178504,0.000169134,0.0001737,0.000172158,0.000184434,0.000185739,0.000179986,0.00019155,0.000189119,0.000200031,0.00019588,0.000202877,0.000202522,0.000205724,0.000213789,0.00021029,0.000207859,0.000218534,0.000223752,0.000225235,0.000234071,0.00023585,0.000243204,0.00024101,0.000238163,0.000249371,0.000241958,0.000254353,0.000262537,0.000272203,0.000271314,0.000282463,0.000277185,0.000280921,0.0002878,0.000298178,0.00028697,0.000301677,0.00031508,0.000317037,0.000313123,0.000316977,0.000325517,0.000332871,0.000334946,0.0003474,0.000337378,0.000351967,0.000344791,0.000347934,0.00035167,0.000360981,0.000365013,0.00038316,0.000368275,0.00037551,0.000387312,0.000371774,0.000387371,0.000394665,0.000390929,0.000404628,0.000398045,0.000397927,0.000410084,0.000394428,0.000404747,0.00040362,0.000396444,0.000407771,0.000414591,0.00041044,0.000405874,0.000415125,0.000411982,0.000417616,0.000409195,0.000422775,0.00043001,0.000420581,0.000420166,0.000438313,0.000432442,0.000432619,0.000437542,0.00044964,0.000450114,0.000462627,0.000469862,0.000469684,0.000479054,0.000475674,0.000490203,0.000492397,0.000509833,0.000504733,0.000530352,0.000524718,0.000527268,0.000543991,0.000563206,0.000570797,0.000588825,0.000600626,0.000619129,0.000629982,0.000642791,0.000667877,0.000703637,0.000703755,0.000733822,0.000769997,0.000797336,0.000817796,0.000871169,0.000915054,0.000951941,0.001027671,0.001063906,0.001138035,0.001211453,0.001303967,0.00139986,0.001519061,0.001669692,0.001790967,0.001975994,0.002168553,0.002342372,0.002598444,0.002804584,0.003097543,0.003366248,0.003636019,0.003890788,0.00418007,0.004450079,0.004709532,0.004960802,0.005158697,0.005338802,0.005489789,0.005612548,0.005718582,0.005739457,0.00577415,0.005791051,0.00579716,0.005738864,0.005739398,0.005737559,0.005652933,0.00558171,0.005525905,0.005437365,0.005361634,0.005296697,0.005221263,0.005123412,0.005050765,0.004942536,0.004940876,0.004812128,0.004782476,0.004710422,0.004671934,0.004602727,0.004537493,0.004483882,0.004425824,0.004404949,0.004326194,0.004264696,0.004224251,0.004199107,0.00410173,0.004107423,0.004044206,0.003963019,0.003978853,0.003953887,0.003926785,0.003943627,0.003936807,0.003935028,0.003895828,0.003946592,0.003921922,0.003912196,0.003918186,0.003893515,0.003871929,0.003879401,0.003883671,0.003889957,0.0038676,0.003888356,0.00385479,0.003886696,0.003821165,0.003847318,0.003832433,0.003814642,0.003807703,0.003783863,0.003819623,0.003788548,0.003769927,0.003778941,0.003780661,0.003790268,0.003770876,0.003794182,0.003757532,0.003772536,0.003771469,0.003780839,0.003773129,0.003772121,0.003770045,0.003773663,0.003738437,0.003742529,0.003775146,0.003783685,0.003775679,0.003766309,0.003787777,0.003757236,0.003770698,0.003764115,0.003751187,0.003758778,0.003752314,0.003754034,0.003750297,0.003774671,0.003745553,0.003745019,0.00376542,0.003753796,0.003760853,0.003755635,0.003760142,0.003779653,0.00378416,0.003800231,0.00379436,0.003818022,0.003820098,0.003877444,0.00387015,0.00382923,0.003878512,0.003859535,0.003873589,0.003856214,0.003882782,0.003936748,0.003913501,0.003913738,0.003927971,0.003900691,0.00392382,0.003963197,0.003963019,0.003949617,0.003971618,0.004013131,0.004013605,0.003995696,0.004039877,0.004068046,0.004068757,0.004159314,0.004163702,0.004259359,0.004264044,0.004341257,0.004401095,0.00442108,0.004495802,0.0045675,0.004594128,0.004654321,0.00469269,0.004710541,0.004802817,0.004850141,0.004910631,0.005032618,0.005097378,0.005213257,0.005309151,0.005367802,0.005480182,0.005532606,0.005609464,0.005695098,0.00576899,0.005810918,0.005858776,0.005906693,0.005976968,0.005954966,0.006014626,0.005975189,0.005946071,0.005883031,0.005845551,0.005732163,0.005619249,0.005481546,0.00527944,0.005083204,0.004820786,0.004597745,0.004358455,0.004058972,0.003761209,0.003480881,0.003230502,0.002958121,0.002713909,0.002486539,0.002264862,0.00205297,0.001868299,0.001716541,0.001569113,0.001424293,0.001335042,0.00124834,0.001159622,0.001107316,0.001018716,0.000975247,0.000911674,0.000873008,0.000845965,0.000797692,0.000757544,0.00072801,0.000704941,0.000686024,0.000671198,0.000650204,0.000623755,0.000616935,0.000603176,0.000584199,0.000579159,0.000554666,0.000543636,0.000527624,0.00053474,0.000512561,0.000503784,0.000504021,0.000502716,0.000494829,0.00048451,0.000478639,0.000472056,0.000463161,0.000454265,0.000450766,0.000442701,0.00044027,0.000439024,0.000435407,0.000432442,0.000437423,0.000438846,0.000423131,0.000417734,0.000427816,0.000418031,0.000411389,0.000404569,0.000419632,0.000408839,0.000401663,0.000419217,0.000410855,0.000398401,0.000400596,0.000400951,0.0003968,0.000400358,0.0003968,0.000401248,0.000385058,0.000381025,0.000382982,0.000382449,0.000373553,0.000379187,0.000379068,0.000369936,0.000366199,0.000373316,0.000361811,0.000356652,0.000351551,0.000348764,0.00034064,0.000363175,0.000335302,0.000342004,0.000320595,0.00032356,0.000328008,0.000303041,0.00030316,0.000292367,0.000288986,0.000292604,0.000293968,0.000275109,0.000278608,0.000273152,0.000268111,0.00026568,0.000261173,0.000248007,0.000250676,0.000256666,0.000241721,0.000244864,0.000238282,0.000234486,0.000238163,0.000230513,0.000220135,0.000217525,0.000216161,0.000209875,0.000213137,0.000206969,0.000199319,0.000196591,0.000206376,0.000207207,0.000203233,0.000196532,0.000193152,0.000192914,0.000186806,0.000186984,0.000182833,0.000179097,0.000178029,0.000183367,0.000178682,0.000176725,0.000182062,0.000172455,0.000177377,0.000184078,0.000161009,0.000169845,0.000169786,0.000163619,0.000161009,0.000153181,0.000161958,0.000164567,0.000157925,0.00015757,0.000162017,0.000155197,0.000160535,0.000155138,0.000182181,0.000160653,0.000151046,0.000164686,0.000161958,0.000173819,0.000176132,0.000156561,0.000146302,0.000147844,0.000153537,0.000146183,0.000143455,0.000148674,0.000135864,0.000133136,0.000136873,0.00014559,0.00013284,0.000126139,0.000138474,0.000130231,0.000124715,0.00012003,0.000123885,0.000116354,0.000119437,0.00011155,0.000112084,0.000110542,0.00011499,0.000109474,0.000103425,0.000108051,9.68E-05,0.000101231,9.52E-05,0.000101053,8.78E-05,8.65E-05,8.41E-05,8.27E-05,8.36E-05,8.87E-05,8.38E-05,8.01E-05,8.32E-05,8.15E-05,7.60E-05,7.42E-05,6.90E-05,7.25E-05,6.59E-05
,HNGH027,#N/A,7.02E-05,7.22E-05,7.95E-05,7.73E-05,7.79E-05,8.04E-05,8.54E-05,8.50E-05,8.66E-05,8.95E-05,9.06E-05,9.65E-05,9.70E-05,0.00010119,9.86E-05,0.000100771,0.000101106,0.00010852,0.000107431,0.000109316,0.000113336,0.000121001,0.000123765,0.000116855,0.000114635,0.000108017,0.000119368,0.000122676,0.000129713,0.00012942,0.000125022,0.00013009,0.000132435,0.000135576,0.000131974,0.000135618,0.000130341,0.000135493,0.000142152,0.000143199,0.000151869,0.000147639,0.000149063,0.000144833,0.000152916,0.000147723,0.000151785,0.000148183,0.000149691,0.00015434,0.000161628,0.000159115,0.000155345,0.000157565,0.000152497,0.000150319,0.000159115,0.000152162,0.000155555,0.000169418,0.000167115,0.000166696,0.000159199,0.000159073,0.000158026,0.000165314,0.000172476,0.0001659,0.000175826,0.000169544,0.000170842,0.000175031,0.000175031,0.00017524,0.000182905,0.000171722,0.00017436,0.000182486,0.000180601,0.00018257,0.000198569,0.000197731,0.000189438,0.000199072,0.000193752,0.00020548,0.000208789,0.000204475,0.000210464,0.000224788,0.000218631,0.000216663,0.000220055,0.000222066,0.00023706,0.000242295,0.000247866,0.000249667,0.000256787,0.000257331,0.000254106,0.000260933,0.000274043,0.000267174,0.000279739,0.000284597,0.000285812,0.000279865,0.000290377,0.000298419,0.000296785,0.00030512,0.000309727,0.000308513,0.000316554,0.000322837,0.000331088,0.000331758,0.000349265,0.000350899,0.00035027,0.000349098,0.000365181,0.000364301,0.000363087,0.000362249,0.000376406,0.000391903,0.000382018,0.000382772,0.000387379,0.000386793,0.000396803,0.000404635,0.000387002,0.000396635,0.000397557,0.000406813,0.000408028,0.000400321,0.000405808,0.000413472,0.000407316,0.000413012,0.000402248,0.00041586,0.000418624,0.000417368,0.000417368,0.000422435,0.000415902,0.000419127,0.000437849,0.000428467,0.000442079,0.000434624,0.000438686,0.000444382,0.000446812,0.000453345,0.000458036,0.000457324,0.000468884,0.000475921,0.000479187,0.000485093,0.000491375,0.000503857,0.00051839,0.000519437,0.000529112,0.000535981,0.000542766,0.000559687,0.000579163,0.000592147,0.000596628,0.000614261,0.000629046,0.00063759,0.000669338,0.000683829,0.000710048,0.000726969,0.000738655,0.000782674,0.000822296,0.000833981,0.000899068,0.000941245,0.000994646,0.001033178,0.001110621,0.001155604,0.001240417,0.001324268,0.001433793,0.001565348,0.001703605,0.001843873,0.002013751,0.002203399,0.002416795,0.0026513,0.002884758,0.003180622,0.003435775,0.003735827,0.003995713,0.004275662,0.004605954,0.004834469,0.005086523,0.005293595,0.005464479,0.005633897,0.005744846,0.005842225,0.005848088,0.005883982,0.005863166,0.005884904,0.005833681,0.00580231,0.005786352,0.005698188,0.00562707,0.005539199,0.005472604,0.005391686,0.005314746,0.005208655,0.005145663,0.00504552,0.004956727,0.004877149,0.004823119,0.004737886,0.004684318,0.004633052,0.004543296,0.004493204,0.004436075,0.004392642,0.004345063,0.004264646,0.004207266,0.004148211,0.00409971,0.004077093,0.004014477,0.003981557,0.003939757,0.003907256,0.003898754,0.003829395,0.003866629,0.003844682,0.003871948,0.003862147,0.003865289,0.003845268,0.003866252,0.003824536,0.003838818,0.003820264,0.003824076,0.003816913,0.003824871,0.003790988,0.0038046,0.003804181,0.003788014,0.003754298,0.003759617,0.00374768,0.003730676,0.003758193,0.003756685,0.003741482,0.003714969,0.00371053,0.003723639,0.00370743,0.003717441,0.003710446,0.003702321,0.003716687,0.003710614,0.003716142,0.003710614,0.003723095,0.00369742,0.003698425,0.003697839,0.003727953,0.003683683,0.003682384,0.003692478,0.003719786,0.003695661,0.003694153,0.003692771,0.003719828,0.003689421,0.003672583,0.003681882,0.003711326,0.003712959,0.003726152,0.003699179,0.003696541,0.003708226,0.003723095,0.003695452,0.003709441,0.003715095,0.003740644,0.003706258,0.003741063,0.003717399,0.003722341,0.003750696,0.003765858,0.003804809,0.003763219,0.003767491,0.003781187,0.003795008,0.003798485,0.003835845,0.003847949,0.003839907,0.003839656,0.003836347,0.003849331,0.003864074,0.003867844,0.003874126,0.003881539,0.003886105,0.003913036,0.003904073,0.003913915,0.003940218,0.003961997,0.003964008,0.003988803,0.004101301,0.004121112,0.004157802,0.004190932,0.004303179,0.004293504,0.004385354,0.004441729,0.00449333,0.004577515,0.004613577,0.004646706,0.004715646,0.004763142,0.004831161,0.004913922,0.004998652,0.005088031,0.005199399,0.005279396,0.005389173,0.005477923,0.005557502,0.005662043,0.005750081,0.005803943,0.005867983,0.005934996,0.005974827,0.006023873,0.006046364,0.006107723,0.006070573,0.006034386,0.005986345,0.005948441,0.005833178,0.005740616,0.005602694,0.005432731,0.005219671,0.004960371,0.004726033,0.004483152,0.00419089,0.003854734,0.003588607,0.003293246,0.003046888,0.002774688,0.002500268,0.002314767,0.00209467,0.001901085,0.001744442,0.001613849,0.001486356,0.001370046,0.001283222,0.001190869,0.001134787,0.001057471,0.000995065,0.000916575,0.000898398,0.000843447,0.00080638,0.000773585,0.000753523,0.000722739,0.000696436,0.00067273,0.000658867,0.000635287,0.000635915,0.000610994,0.000591435,0.000583519,0.000578325,0.000561572,0.000540086,0.000540337,0.000521783,0.000509804,0.000507752,0.000503731,0.000495522,0.00049347,0.000482957,0.000480444,0.000468884,0.000462434,0.000457994,0.000454434,0.000453932,0.000451879,0.000439231,0.000437849,0.000437849,0.000432781,0.00043299,0.00042386,0.000424655,0.000426373,0.000419881,0.000412383,0.000421849,0.000412048,0.000421263,0.000421388,0.000400028,0.000405389,0.000410834,0.000407022,0.000409242,0.000412509,0.000403881,0.00040007,0.00040007,0.000384489,0.000393871,0.000393997,0.000386039,0.000391819,0.000387798,0.00038273,0.000375359,0.000381641,0.000370584,0.000374898,0.00036049,0.000358438,0.000348428,0.000366019,0.000346752,0.000338501,0.000333224,0.000329706,0.000329287,0.000312743,0.00030822,0.000304199,0.000302146,0.000295613,0.000295487,0.00028866,0.000281749,0.000282713,0.000270106,0.000271907,0.000252892,0.000254525,0.000261436,0.000247572,0.000249499,0.000241667,0.000243677,0.00023752,0.000236138,0.000223615,0.000225123,0.000226547,0.000221102,0.000211511,0.000204768,0.000211888,0.000202297,0.000206024,0.000206904,0.000202506,0.000204391,0.000198527,0.000192622,0.000187428,0.000189145,0.000184915,0.000186507,0.000181397,0.000180098,0.000181941,0.000180098,0.000179931,0.000181271,0.000177879,0.000179973,0.000179554,0.000171764,0.000168204,0.000173439,0.000172308,0.000169251,0.000161502,0.000165816,0.000162801,0.000165062,0.000160832,0.000160706,0.00016079,0.000164811,0.000153,0.000180392,0.000158654,0.000160706,0.000166821,0.000160539,0.00017457,0.000172224,0.000156267,0.000149314,0.000147429,0.000156015,0.000156937,0.000142068,0.000150026,0.000138592,0.000137754,0.000137754,0.000146927,0.000131849,0.000130844,0.00014299,0.000133943,0.000131095,0.000133231,0.000125273,0.000120833,0.000125943,0.000111493,0.00011564,0.00011564,0.000117692,0.000109525,0.000110111,0.00010898,0.000106886,0.000104415,9.80E-05,0.000102698,9.27E-05,8.93E-05,9.23E-05,8.73E-05,9.03E-05,9.15E-05,8.78E-05,8.13E-05,9.17E-05,8.43E-05,7.97E-05,7.43E-05,7.90E-05,7.28E-05,6.90E-05
CH?NG,HNGH028,HNGH028,7.54E-05,7.14E-05,7.80E-05,7.29E-05,7.78E-05,8.21E-05,8.58E-05,8.72E-05,8.36E-05,8.89E-05,8.82E-05,9.11E-05,9.73E-05,0.000100109,9.84E-05,9.81E-05,0.000100719,0.000107568,0.000107991,0.000104801,0.000115825,0.000113901,0.000118499,0.000118077,0.000113245,0.000117044,0.000120985,0.000120516,0.000130696,0.000133417,0.000126896,0.000136044,0.000132854,0.000136935,0.000138202,0.000144816,0.000139046,0.000142517,0.000141392,0.000140078,0.000149883,0.000151665,0.000151478,0.000148569,0.000144675,0.000148428,0.000154574,0.000153682,0.000145895,0.000158561,0.000161282,0.000155043,0.000150164,0.00015903,0.000151055,0.000154527,0.000161376,0.000155981,0.000171509,0.000165598,0.000178123,0.000171274,0.000168084,0.000165223,0.000160438,0.000168741,0.000166442,0.000170946,0.000170899,0.000172588,0.000167428,0.00018197,0.000179109,0.000172916,0.000182205,0.000175965,0.000175965,0.000185348,0.000184738,0.000190039,0.000190133,0.0002005,0.000186849,0.00020036,0.000202658,0.000207162,0.000210821,0.000210164,0.000213354,0.000221094,0.00021326,0.00021251,0.000229867,0.000226161,0.000239062,0.000243284,0.000241876,0.000252009,0.000247881,0.000257357,0.000248866,0.000262283,0.000268241,0.00027251,0.000277248,0.000281094,0.000282642,0.000281892,0.000289257,0.000299249,0.000308913,0.000306708,0.000318014,0.000321063,0.000323409,0.000326692,0.00032946,0.000337248,0.000343393,0.000356716,0.000358545,0.000360469,0.000351509,0.00035695,0.000364503,0.000363893,0.00038247,0.000391243,0.000374214,0.00038111,0.000384628,0.000384535,0.000393495,0.000409773,0.000388663,0.000404331,0.000395934,0.00040921,0.000401657,0.000406489,0.000416904,0.000406911,0.000401094,0.00040799,0.000412822,0.00041498,0.000417373,0.000417889,0.000422486,0.000415215,0.000419437,0.000423377,0.000425864,0.000424925,0.000434073,0.000437451,0.000433651,0.000430977,0.000454011,0.000451102,0.000460344,0.000452416,0.000463065,0.000460813,0.000477138,0.000482439,0.000491212,0.000503409,0.000517294,0.000509366,0.000530054,0.000539249,0.00053817,0.000550695,0.00057964,0.000579265,0.000586724,0.000605817,0.000617779,0.000638842,0.000656856,0.000673557,0.000704894,0.000718733,0.000730273,0.000775777,0.000810117,0.000816215,0.000885128,0.000916278,0.000977591,0.00102394,0.001068271,0.001143471,0.001243955,0.001305644,0.001410632,0.001524393,0.001661891,0.001803752,0.002008708,0.002179514,0.002383579,0.002598341,0.00284974,0.003117042,0.003406909,0.003685236,0.003971866,0.00426178,0.004506564,0.00478081,0.005055899,0.005234773,0.005440856,0.005595242,0.005734476,0.005801372,0.005844718,0.005906032,0.005888158,0.005848143,0.005854757,0.005847158,0.005789503,0.005705578,0.005652709,0.005570285,0.005521075,0.005428659,0.005314429,0.005226752,0.005149723,0.005072975,0.00499482,0.004907706,0.004859152,0.004776353,0.004675352,0.004664703,0.00459199,0.004520309,0.004451443,0.004417479,0.004322905,0.004282702,0.004218105,0.004172788,0.004116729,0.004076713,0.004028254,0.004005595,0.003941936,0.003902155,0.003898637,0.003877057,0.003872835,0.00388081,0.003882874,0.003875181,0.003872835,0.003847269,0.003849708,0.00387626,0.003860638,0.003825455,0.003847738,0.003827003,0.003831366,0.003817808,0.003794446,0.003798809,0.003795572,0.003770287,0.003782249,0.003734165,0.003743688,0.003753492,0.003744485,0.003746409,0.00373454,0.003718027,0.003717839,0.00371099,0.003711835,0.003728817,0.00371676,0.003731115,0.003708551,0.003722531,0.003697527,0.003717276,0.003694947,0.003708973,0.003709395,0.003721311,0.003697574,0.003726893,0.003702077,0.003732429,0.003703531,0.003711553,0.003708035,0.003767143,0.003700623,0.003716573,0.003695181,0.00369443,0.003711506,0.003721452,0.003717699,0.003716104,0.003694243,0.003718543,0.003717652,0.003701843,0.003715635,0.00372178,0.003721076,0.003735853,0.003732054,0.003765877,0.003748379,0.003819638,0.003779857,0.003781498,0.003774978,0.00381171,0.003826581,0.003785814,0.003834321,0.00384436,0.003885736,0.003831506,0.003869645,0.003866315,0.003879215,0.003895353,0.003881561,0.003889489,0.003867487,0.003903,0.003925752,0.00393246,0.003952351,0.003974774,0.004002124,0.004006346,0.0040678,0.004108144,0.00417185,0.004203328,0.004275149,0.004322483,0.004433242,0.004443844,0.004502905,0.00456708,0.004595931,0.004679293,0.004741638,0.004799199,0.004896916,0.004931677,0.005061154,0.005101028,0.005196259,0.005307346,0.00541984,0.005524171,0.005569253,0.005665328,0.005755117,0.005852599,0.005906407,0.005934882,0.005994554,0.006041982,0.0060736,0.006103201,0.006068205,0.006034147,0.005998541,0.005931833,0.005852975,0.005725234,0.005575539,0.005399105,0.005163327,0.00490719,0.004644391,0.004417479,0.004111099,0.003856135,0.003536432,0.003240561,0.002978325,0.002718387,0.002491476,0.002280796,0.002075698,0.001880734,0.001712227,0.001587958,0.001452149,0.001340171,0.001261406,0.001185597,0.001125316,0.001021641,0.000984018,0.000918483,0.000886301,0.000834511,0.000787693,0.000767756,0.000739421,0.00071057,0.000690117,0.000666333,0.000650758,0.000624441,0.00061989,0.000600281,0.000583815,0.000573307,0.000565285,0.000550226,0.000534183,0.000530007,0.00051068,0.00050491,0.000498061,0.000491774,0.000482674,0.000484128,0.000467568,0.000477185,0.000464941,0.000456544,0.000437076,0.000455183,0.000437545,0.000447068,0.000437451,0.000438577,0.000436653,0.000427412,0.000436184,0.000427224,0.000421782,0.000415449,0.000421454,0.000409022,0.000422627,0.000413432,0.000417138,0.00041681,0.000408647,0.00040283,0.000405504,0.000407803,0.000394011,0.00040602,0.000398936,0.000399171,0.000385754,0.000390774,0.000391431,0.000386739,0.000377592,0.000382846,0.000380453,0.000389601,0.00038294,0.000382142,0.000375903,0.000380641,0.000362392,0.00035695,0.00034982,0.000370883,0.000341704,0.000345973,0.00033326,0.000335137,0.000323549,0.00032233,0.000317216,0.000305629,0.000306614,0.000298546,0.000288319,0.000286677,0.000289445,0.000278561,0.00027387,0.000263221,0.000268475,0.000249335,0.000255762,0.000253839,0.00024835,0.00024896,0.000244597,0.000235872,0.000239718,0.000227146,0.000219734,0.000229961,0.000224425,0.000214386,0.000217529,0.00021265,0.000203643,0.000201298,0.000209367,0.000207865,0.000205473,0.000196841,0.00019914,0.000196091,0.000197686,0.000190227,0.000186521,0.000186708,0.000185911,0.000180844,0.000184973,0.000188303,0.000186051,0.000181407,0.000185535,0.000185395,0.000170758,0.000174793,0.000169023,0.000171884,0.000171603,0.000164378,0.00016086,0.000164894,0.000167615,0.000158983,0.000164894,0.00016466,0.00015645,0.000158655,0.000183987,0.000159546,0.000159312,0.000165598,0.000161188,0.000175778,0.000186521,0.000163299,0.00015645,0.00015251,0.000157295,0.000155418,0.000148944,0.000149132,0.000140594,0.00014111,0.000136419,0.000147725,0.000133135,0.000133651,0.000145145,0.000134355,0.000132009,0.000119906,0.0001238,0.000118452,0.000125254,0.000111415,0.000116669,0.000112822,0.000116388,0.000109867,0.000114746,0.000106302,0.0001086,9.93E-05,9.69E-05,0.000101939,9.19E-05,9.11E-05,9.03E-05,8.13E-05,8.79E-05,9.52E-05,8.54E-05,8.26E-05,8.52E-05,8.44E-05,8.22E-05,7.50E-05,7.09E-05,7.55E-05,7.08E-05
,HNGH029,#N/A,6.94E-05,6.72E-05,7.82E-05,6.96E-05,7.79E-05,7.66E-05,7.94E-05,8.33E-05,8.35E-05,8.27E-05,8.93E-05,9.08E-05,9.65E-05,9.72E-05,9.50E-05,9.13E-05,0.000101468,0.000103468,0.000107904,0.000102343,0.000109841,0.000111903,0.000108841,0.000107841,0.00011284,0.000112465,0.000116464,0.00011965,0.000130084,0.000125461,0.000116651,0.000125836,0.000134271,0.000131334,0.000134021,0.000144517,0.000136395,0.000128522,0.000136083,0.000137957,0.000154327,0.000149141,0.000142456,0.000144767,0.000151953,0.000152952,0.000150328,0.000146329,0.000144892,0.000160075,0.000154389,0.000151578,0.000149953,0.000149328,0.000153327,0.000151328,0.000166948,0.000153952,0.000160262,0.000167635,0.000174945,0.000165761,0.000158201,0.000156389,0.000153764,0.000163074,0.000158825,0.000160512,0.000172134,0.000169447,0.000169072,0.000176882,0.000172321,0.000175945,0.000176945,0.000176945,0.000181631,0.000178569,0.000183818,0.000188504,0.000186067,0.000189691,0.000184255,0.000198813,0.000197063,0.000201375,0.000206061,0.000205936,0.000213496,0.000213058,0.000212434,0.000227304,0.000219619,0.000218744,0.000230678,0.000239425,0.000242112,0.000243611,0.000250234,0.00025567,0.000253796,0.000262043,0.000263105,0.000273415,0.000279288,0.000276164,0.000274289,0.000294408,0.000282974,0.000292659,0.00029497,0.000296907,0.000302406,0.000312777,0.000313964,0.000322212,0.000329647,0.000334521,0.000340956,0.000349828,0.00035314,0.000353327,0.000358451,0.000356764,0.000362012,0.000360325,0.000371072,0.000381193,0.000371509,0.00037557,0.000381506,0.000389941,0.000397751,0.000395127,0.000392128,0.000397001,0.000386379,0.000395751,0.000402124,0.000395876,0.000406061,0.000405311,0.000406436,0.000410434,0.000404749,0.000405561,0.000411684,0.000414683,0.000416183,0.000421743,0.000410122,0.000422431,0.000418494,0.000416682,0.000433177,0.000431178,0.00043124,0.000426492,0.000434614,0.000436926,0.000451671,0.000460544,0.000456295,0.000474039,0.000468979,0.000484974,0.000478038,0.000498094,0.000500156,0.000502218,0.000514464,0.0005204,0.000538207,0.000547829,0.00056776,0.000577757,0.00058413,0.000584193,0.00061712,0.000622118,0.000642424,0.000665667,0.000706967,0.000718526,0.00072946,0.000766448,0.000801125,0.000836114,0.000867229,0.000920837,0.00096926,0.001027179,0.001088473,0.001158576,0.001226929,0.001313402,0.001399625,0.001541894,0.00166523,0.001836302,0.002007998,0.002182568,0.002369323,0.002622744,0.002890535,0.003153578,0.003426742,0.003733834,0.003985131,0.004309529,0.004584943,0.004871916,0.005129148,0.005336771,0.005494972,0.005672291,0.00577276,0.005858733,0.005898971,0.005934959,0.005956578,0.005920839,0.005883475,0.00588385,0.005811873,0.005730461,0.005702344,0.005602063,0.005542207,0.005435615,0.005389755,0.005250298,0.005199127,0.005094034,0.005017371,0.004932772,0.004877227,0.004792254,0.004665043,0.004644675,0.00457051,0.004524525,0.004467043,0.004393566,0.004344518,0.004284912,0.004233241,0.004163263,0.004093159,0.00404455,0.004015121,0.00396395,0.003944893,0.003914465,0.003887973,0.00389141,0.003865668,0.00384986,0.00387379,0.003850048,0.003838926,0.003835115,0.00384155,0.00383474,0.003842738,0.003807499,0.003797189,0.003814996,0.003785818,0.003795315,0.003767449,0.003765949,0.003738145,0.00373927,0.003770198,0.003753016,0.003716839,0.003713341,0.003741207,0.003710904,0.003717089,0.003687161,0.003719464,0.003713403,0.003684724,0.003730023,0.003711404,0.003686161,0.003692285,0.003723337,0.00367579,0.003728273,0.003686911,0.003671791,0.003677789,0.003696158,0.003660045,0.003680601,0.00366698,0.003675915,0.003696533,0.003693097,0.003710716,0.003712841,0.003685162,0.003686286,0.003720901,0.003674415,0.003696408,0.003670042,0.003708092,0.003703843,0.003700782,0.003676227,0.003731585,0.003671978,0.003701282,0.003704406,0.00373246,0.00373221,0.0037219,0.003737708,0.00374858,0.003767261,0.003770073,0.003772322,0.003796065,0.00378813,0.00380225,0.003820744,0.003822369,0.0038443,0.003833678,0.003832303,0.00382037,0.003839364,0.003860732,0.00387604,0.003883225,0.003890785,0.003857108,0.003894909,0.003941957,0.003932897,0.003920463,0.003950454,0.004000626,0.004025306,0.004111779,0.004085162,0.004127211,0.004214372,0.004285974,0.004328586,0.004387255,0.00441812,0.004531023,0.004575196,0.004616059,0.004673603,0.004744706,0.004783694,0.004889786,0.004955515,0.005033991,0.005161826,0.005253297,0.005331648,0.005404125,0.005521338,0.005614247,0.005681289,0.005801626,0.005877977,0.005895159,0.006000189,0.006042176,0.006069855,0.006128211,0.006135334,0.006159827,0.006120839,0.006078852,0.005987193,0.00592315,0.005793691,0.005643238,0.005435303,0.005223744,0.004971448,0.004737896,0.004477727,0.004164825,0.003863794,0.003600063,0.003319713,0.003045237,0.002752578,0.002520838,0.002297658,0.002076664,0.001903406,0.001714652,0.001581506,0.001462668,0.00134558,0.001265292,0.001171009,0.001111091,0.001044424,0.000979319,0.000926398,0.000896595,0.000844361,0.00079975,0.000748329,0.000743205,0.000708404,0.000688972,0.00067104,0.000658732,0.000619931,0.000618244,0.000607685,0.000581943,0.000567885,0.000559388,0.000540081,0.000517651,0.000522274,0.000505592,0.000506279,0.000499594,0.000490972,0.000490222,0.0004816,0.000471978,0.000465355,0.000450422,0.000462106,0.000443611,0.000438613,0.000438551,0.000431865,0.000433615,0.000428679,0.000427429,0.000426742,0.000429991,0.000412121,0.000404374,0.000405748,0.000413746,0.00040175,0.000414183,0.000411497,0.000408435,0.000414371,0.000403312,0.000404499,0.00040906,0.000401937,0.00040075,0.00039369,0.000394189,0.000386317,0.000389316,0.000390503,0.000383505,0.000377382,0.000385067,0.000375758,0.000377132,0.000368635,0.00036876,0.000360387,0.000374696,0.000359513,0.000366511,0.000348766,0.000348579,0.00035164,0.000333458,0.000340081,0.000321525,0.000330834,0.000322899,0.000309278,0.00031384,0.000292909,0.000306779,0.000292721,0.000283349,0.000284849,0.000281475,0.000275789,0.000274789,0.000272977,0.000259731,0.000252234,0.000251546,0.000249172,0.000251109,0.000245423,0.000241175,0.000242112,0.000234989,0.000221431,0.000213058,0.000220369,0.00021662,0.000211871,0.000205061,0.000212996,0.000200562,0.000200812,0.000207248,0.000202812,0.000196314,0.000190253,0.000187566,0.000189878,0.000185192,0.000183818,0.00018538,0.000183818,0.000182818,0.00017757,0.000182131,0.000174695,0.000180631,0.000178882,0.000183755,0.000173508,0.000168947,0.000173758,0.000165011,0.000171634,0.000167885,0.000163699,0.000165136,0.000164011,0.00015995,0.000156826,0.000165323,0.000158201,0.000156889,0.000155764,0.000185567,0.000159388,0.000158388,0.000156764,0.000160825,0.000172509,0.000183443,0.000148641,0.000161325,0.000153265,0.000159888,0.000156576,0.000148641,0.000150453,0.000142268,0.000139831,0.000137582,0.000138582,0.000134833,0.000132459,0.000135583,0.000133083,0.000130397,0.000126023,0.0001199,0.000117338,0.000120587,0.000110528,0.000110903,0.000117776,0.000113714,0.000107779,0.000106904,0.000108903,0.000104717,9.95E-05,9.60E-05,9.87E-05,8.69E-05,8.72E-05,8.42E-05,8.54E-05,8.80E-05,9.04E-05,8.37E-05,7.79E-05,8.03E-05,8.10E-05,7.53E-05,6.97E-05,6.95E-05,6.85E-05,6.78E-05
CH?NG,HNGH030,HNGH030,7.40E-05,7.51E-05,8.18E-05,7.62E-05,7.32E-05,8.17E-05,8.09E-05,8.40E-05,8.44E-05,9.12E-05,9.10E-05,8.86E-05,9.22E-05,0.000100755,9.87E-05,9.82E-05,9.87E-05,0.000111014,0.000105818,0.000101517,0.00011415,0.000109222,0.000115046,0.000112269,0.000116122,0.00011545,0.000118317,0.000118541,0.000130144,0.000126605,0.00012423,0.000130906,0.000131533,0.000129338,0.000131891,0.000141882,0.000133459,0.000136147,0.00014009,0.000144211,0.000151738,0.000146541,0.000140314,0.000141837,0.00014233,0.000145824,0.00014793,0.000150662,0.000148154,0.000158234,0.000157651,0.000152365,0.000149498,0.00015111,0.000151693,0.000147885,0.000151603,0.000152992,0.00016016,0.00016137,0.000168314,0.000165222,0.000158278,0.000155456,0.000159354,0.000161459,0.000161728,0.000164102,0.000167776,0.000164685,0.000170598,0.000172211,0.000172659,0.000174227,0.00018023,0.000173734,0.000176154,0.000179917,0.000188339,0.000181664,0.000187667,0.000193984,0.000188653,0.00019376,0.000196045,0.000201331,0.000209619,0.000203526,0.000212083,0.000216474,0.000217325,0.000223104,0.000225299,0.000222342,0.000227136,0.000240576,0.000245862,0.000243802,0.000246982,0.000254643,0.000246579,0.000255987,0.000268934,0.000271354,0.000272518,0.000279507,0.000273146,0.000281926,0.000287392,0.000291917,0.000296307,0.000297248,0.000315616,0.000307865,0.000320499,0.000324262,0.000329459,0.000335283,0.000345273,0.000353203,0.000344333,0.00034823,0.000358265,0.000355936,0.000367584,0.000368838,0.000363552,0.00038071,0.000378201,0.000375603,0.000396883,0.000373497,0.000393299,0.000395808,0.000398675,0.000394957,0.000404006,0.000409427,0.000399974,0.00040992,0.000404454,0.000405709,0.000412608,0.000409875,0.00040647,0.000416953,0.000405664,0.000418521,0.000418566,0.000417625,0.000418297,0.000420224,0.000428825,0.000431693,0.000422777,0.000436217,0.000439488,0.000443923,0.000444371,0.00045687,0.000449165,0.000459782,0.000471296,0.00047367,0.000483705,0.000492576,0.000486976,0.000502297,0.000505254,0.000501222,0.000519232,0.000543245,0.000544365,0.00055655,0.00057568,0.000581728,0.000588985,0.000600275,0.000618061,0.000628409,0.000654125,0.000678541,0.000703001,0.000719891,0.000749549,0.000783283,0.000805011,0.000841568,0.000888249,0.000937126,0.000990572,0.00103703,0.001095494,0.001164889,0.001247769,0.001303814,0.001426476,0.001546764,0.001704819,0.001849478,0.002024601,0.00220174,0.002402399,0.002654758,0.002901874,0.00315262,0.003418463,0.003724716,0.004014706,0.004299007,0.004573586,0.004819045,0.005067595,0.00525916,0.005437016,0.005606405,0.00574954,0.005765534,0.005836587,0.005878654,0.005883985,0.005849803,0.005849489,0.005799044,0.005771537,0.005736817,0.005626654,0.005549733,0.005474065,0.005412062,0.005342398,0.005191243,0.00514819,0.005061323,0.004985656,0.004899685,0.004847224,0.00476636,0.004671608,0.004660139,0.004573675,0.004516555,0.004438648,0.004391205,0.004365535,0.004279295,0.004225311,0.004188709,0.004128363,0.004075096,0.004042079,0.003996831,0.003969861,0.003937784,0.003894687,0.003883711,0.003874482,0.003851724,0.003872914,0.003888594,0.003888549,0.003877797,0.003856876,0.003845228,0.003841375,0.003833624,0.003825247,0.003828338,0.003812031,0.003784748,0.003802847,0.0037843,0.003780492,0.003786271,0.003772965,0.003745503,0.003725208,0.003747967,0.003751013,0.00374044,0.003716876,0.003742322,0.003722386,0.003730316,0.003726642,0.003694476,0.003691071,0.003694341,0.00369022,0.003718085,0.003695103,0.003687621,0.003691071,0.003698149,0.003715442,0.003685068,0.003683768,0.003684216,0.003695461,0.003707468,0.003715487,0.003693804,0.003702092,0.003718757,0.003725701,0.0036878,0.003718981,0.003697656,0.003712037,0.003722744,0.003713023,0.003689413,0.003714053,0.00371804,0.003712216,0.003707512,0.003724178,0.003703525,0.003715173,0.003728076,0.003737215,0.003738559,0.003752357,0.003771935,0.003802085,0.003794021,0.003821304,0.003811896,0.003783,0.003811852,0.003847288,0.003857727,0.003824888,0.003839583,0.003863103,0.003855442,0.003855532,0.00390853,0.003879096,0.003894104,0.003915787,0.003887877,0.003941144,0.003942533,0.003949074,0.003957944,0.004010271,0.004030296,0.004093554,0.004104664,0.004139429,0.004213752,0.004237944,0.004339282,0.004382514,0.004473234,0.004515346,0.004551902,0.004597195,0.004672235,0.004735224,0.00479221,0.004832754,0.00489852,0.005013298,0.005104107,0.005169246,0.00529379,0.005397681,0.005496465,0.005576926,0.005662897,0.005715134,0.005800792,0.005865483,0.005942763,0.006010814,0.005997822,0.006078731,0.006090916,0.006064932,0.006033438,0.006018923,0.005946884,0.005881835,0.00575756,0.005579525,0.005385765,0.005209656,0.004965048,0.004728549,0.00444604,0.004151032,0.003883442,0.003569573,0.003314661,0.003028345,0.00278974,0.002520895,0.002317503,0.002103315,0.001900236,0.001755846,0.00161271,0.001478579,0.001354886,0.001275814,0.001206195,0.001124256,0.001057056,0.000990035,0.000937708,0.000903168,0.000855545,0.000807654,0.000779968,0.000759539,0.000727283,0.000692429,0.000681273,0.000652915,0.000630963,0.000633606,0.000609145,0.000591225,0.000584237,0.000558656,0.000550457,0.000531149,0.000539437,0.000516051,0.000510675,0.000506419,0.000505478,0.000498937,0.000477433,0.00047712,0.000475776,0.000465651,0.000457497,0.000460813,0.00044352,0.000448493,0.000443251,0.000435545,0.00043671,0.000438099,0.000440608,0.000433574,0.000425152,0.000423718,0.000423091,0.000418477,0.000419865,0.000407277,0.000407366,0.000413101,0.000410413,0.000404723,0.000400646,0.000399123,0.000408083,0.000402886,0.000400646,0.000397465,0.000388192,0.000398272,0.000382233,0.00038752,0.000384249,0.00038295,0.000376365,0.000377081,0.000375917,0.00037744,0.000363955,0.00036848,0.000363731,0.000352486,0.000358534,0.000349977,0.000359833,0.000340793,0.000335821,0.000327577,0.000329459,0.00032816,0.000315437,0.000309747,0.000303968,0.000298906,0.000294202,0.000294515,0.000289498,0.000281792,0.000276774,0.000270816,0.000266381,0.000255898,0.000253971,0.000254688,0.000252314,0.000243354,0.000248102,0.000241786,0.000240755,0.000234931,0.000223552,0.00022409,0.000224672,0.000219206,0.000214054,0.000202138,0.000211008,0.000201466,0.000199091,0.000205184,0.000205811,0.00019936,0.000195955,0.000187264,0.000192192,0.000190445,0.000189414,0.000181843,0.000188787,0.000176019,0.000178438,0.000179066,0.000175392,0.000180634,0.000176915,0.000178349,0.000179558,0.000166163,0.000169478,0.000166298,0.000170778,0.00016231,0.000160563,0.000157651,0.000160026,0.000166611,0.000162355,0.000160787,0.000155859,0.000153978,0.000151514,0.000178483,0.000160653,0.000154202,0.000162355,0.000159443,0.000171091,0.000177766,0.000152992,0.000155635,0.000148781,0.000156576,0.000149811,0.000142285,0.000153261,0.000139328,0.000134355,0.000138387,0.00014448,0.000131667,0.000134579,0.000145242,0.000133549,0.000133056,0.000122886,0.000123334,0.000117958,0.000122259,0.000116166,0.000113523,0.000113389,0.000118362,0.000110835,0.00010985,0.000101203,0.00010649,0.000100755,9.51E-05,0.000103309,9.33E-05,9.01E-05,9.30E-05,8.70E-05,9.18E-05,9.28E-05,8.43E-05,7.90E-05,8.71E-05,8.33E-05,8.22E-05,7.44E-05,7.13E-05,7.45E-05,7.12E-05
,HNGH031,#N/A,6.91E-05,7.42E-05,7.79E-05,7.59E-05,7.76E-05,7.79E-05,8.47E-05,8.41E-05,8.40E-05,9.30E-05,9.05E-05,9.38E-05,9.40E-05,0.000100307,9.56E-05,9.84E-05,9.90E-05,0.0001093,0.000113831,0.000112018,0.000116235,0.000115747,0.000114806,0.000113831,0.000114667,0.000113552,0.000122509,0.000120627,0.000127737,0.000130142,0.000122648,0.000134045,0.000128434,0.000133244,0.000130212,0.000139308,0.00013415,0.000138646,0.000137461,0.000144571,0.000158861,0.000149416,0.000148335,0.000143212,0.000147778,0.000147743,0.00014708,0.000147011,0.000149485,0.000161301,0.000156735,0.000153389,0.000149416,0.000152622,0.000150217,0.00015318,0.000154783,0.000153389,0.000160394,0.000171443,0.000179598,0.000163531,0.000163461,0.00016266,0.000159732,0.000161998,0.000167086,0.000167644,0.000174475,0.000166912,0.000174161,0.000171025,0.000174824,0.000173987,0.000170781,0.000179633,0.000181411,0.000181202,0.00018514,0.000188625,0.00019002,0.000196467,0.000188556,0.00019584,0.000199709,0.000205181,0.00020647,0.000205425,0.000213302,0.000220795,0.000216055,0.000219087,0.000221318,0.000221074,0.000229648,0.000237455,0.000245471,0.000243659,0.000248782,0.00025394,0.000247353,0.000258367,0.000263664,0.000271506,0.000274155,0.000284541,0.000276177,0.000276595,0.000294893,0.000298413,0.00030392,0.000302874,0.000314585,0.000306325,0.000315665,0.00033358,0.000332918,0.000336089,0.000350309,0.000348706,0.000347556,0.000352122,0.000361358,0.000358639,0.000359336,0.000371012,0.00036913,0.000380667,0.00037746,0.00038112,0.000391366,0.00038464,0.00039175,0.00039419,0.00039419,0.000397431,0.000396908,0.000397884,0.000407016,0.000400742,0.00040841,0.000403461,0.000406806,0.000407016,0.000409769,0.00042134,0.000409002,0.000410257,0.000412662,0.000424094,0.000417332,0.000418831,0.000435212,0.000419249,0.000429391,0.000437547,0.000438558,0.000441451,0.000442078,0.000447863,0.000453126,0.000467451,0.000466196,0.000473062,0.000472296,0.000489165,0.000495299,0.000508682,0.00050795,0.000514433,0.000526527,0.000526144,0.000538412,0.000556571,0.000568072,0.000577622,0.000593306,0.000598708,0.000624813,0.000634154,0.000657017,0.000673398,0.00070379,0.000712852,0.000746695,0.000780955,0.000808455,0.000837487,0.000895553,0.000924028,0.000970696,0.001033083,0.0010778,0.00115622,0.001225891,0.001311212,0.001417932,0.001519878,0.001666784,0.00182568,0.002009496,0.002175501,0.002377022,0.002599037,0.002852385,0.003106151,0.003388288,0.003678824,0.003935657,0.004220164,0.004505228,0.004758611,0.005019278,0.005201176,0.005358783,0.0055671,0.005694245,0.005790579,0.005804032,0.005809121,0.005855719,0.005846867,0.005821668,0.005759594,0.005761929,0.005686054,0.005610423,0.005543644,0.005471951,0.005395413,0.005321525,0.005215675,0.005109547,0.005065772,0.004979336,0.004901509,0.0048585,0.004747527,0.004686813,0.004642375,0.004578629,0.004551827,0.004451449,0.004412518,0.004375644,0.004297573,0.004237939,0.004175133,0.004138398,0.004077405,0.00405611,0.00398609,0.003969325,0.003944057,0.003908088,0.003897179,0.003895437,0.003891533,0.003868774,0.003875187,0.003887385,0.003881077,0.003870551,0.003895227,0.00388045,0.003869053,0.003842111,0.003831551,0.003846851,0.003837615,0.003822245,0.00381869,0.003824859,0.003771255,0.003786625,0.003768292,0.003745219,0.003783035,0.003751005,0.003776727,0.003747241,0.003752643,0.003737029,0.003780421,0.003726294,0.003751946,0.003741978,0.00373797,0.003748182,0.003736088,0.003711098,0.003741769,0.003719289,0.003730546,0.003721066,0.003734624,0.003736576,0.003713468,0.003713851,0.003742082,0.00376052,0.003735774,0.003742396,0.003779759,0.003701374,0.003730337,0.003730442,0.003711725,0.003717337,0.003746404,0.003728873,0.003711447,0.003742361,0.003744104,0.003726956,0.003730755,0.003746021,0.003746544,0.003768188,0.003768815,0.003755362,0.003789099,0.003783558,0.003804958,0.00383399,0.003805968,0.003817923,0.003804714,0.003829076,0.003835315,0.003847479,0.003855181,0.003861559,0.003861071,0.003878254,0.003898469,0.003885573,0.003920461,0.003906834,0.003899549,0.003909238,0.003931719,0.003951167,0.003969813,0.003970685,0.003987449,0.004013519,0.004035546,0.004104137,0.004148122,0.004188587,0.004206954,0.00426136,0.004349818,0.004424787,0.004457653,0.004530671,0.004564444,0.004604838,0.004681899,0.004734388,0.004779836,0.004855503,0.004923815,0.005022728,0.005104319,0.005194276,0.005287578,0.005396529,0.00546627,0.005535314,0.00565622,0.00569644,0.005799048,0.005820796,0.005908836,0.005958083,0.005981261,0.00603476,0.006042811,0.006042079,0.005971571,0.005939228,0.005907964,0.005795423,0.005684904,0.00553751,0.005337278,0.005118993,0.004895444,0.004656665,0.004420848,0.004098282,0.003859468,0.003540213,0.003257519,0.002995109,0.002733117,0.00249162,0.002297104,0.002072162,0.001891134,0.001725616,0.001587807,0.001444456,0.00135903,0.00124513,0.001182952,0.001122621,0.001049325,0.000978573,0.00091995,0.000888303,0.000841112,0.000799219,0.000772591,0.000752062,0.000710029,0.000695042,0.000673503,0.000654752,0.000634921,0.000624081,0.000601287,0.000582292,0.000577901,0.000556466,0.00055326,0.000539283,0.000531128,0.000517186,0.000514538,0.000506905,0.000499446,0.000489931,0.000486551,0.000478221,0.000467904,0.000461108,0.00046062,0.000443263,0.000455113,0.000445459,0.000441241,0.000442426,0.000435944,0.000438593,0.000434724,0.000436397,0.000421514,0.000422177,0.000416914,0.000420957,0.000405865,0.000417681,0.000412244,0.000415485,0.000420086,0.000405935,0.000395863,0.000407573,0.00040712,0.000399592,0.000409316,0.00039872,0.000393005,0.000385616,0.000380701,0.00039046,0.000384222,0.000390321,0.000378924,0.000386138,0.00037516,0.000374951,0.000374288,0.000366098,0.000362369,0.000360417,0.000361985,0.000352157,0.000367666,0.000334451,0.000342781,0.000326714,0.000323891,0.000327481,0.000317896,0.000306394,0.000300574,0.000298831,0.000299006,0.00029444,0.000283949,0.000284193,0.000281614,0.000263874,0.000272447,0.000261852,0.000252093,0.000254324,0.000247109,0.000251117,0.000245471,0.00024331,0.000236583,0.000232053,0.000229334,0.000220586,0.000219854,0.00021832,0.000213545,0.000214974,0.000210722,0.00020776,0.000201591,0.000207551,0.000202358,0.000204728,0.000195492,0.000197095,0.000196084,0.00019218,0.000189601,0.000186081,0.000189253,0.000182491,0.000183363,0.000174614,0.000182387,0.000177263,0.000184339,0.000187963,0.000185768,0.00017329,0.000171791,0.000165378,0.000170188,0.000169421,0.000159279,0.000161858,0.000162486,0.000169317,0.000156456,0.000162207,0.000160604,0.000158826,0.000157362,0.000177856,0.000165239,0.000155376,0.000162764,0.000166285,0.000171408,0.000175625,0.000153354,0.000152971,0.000150461,0.000157571,0.000156282,0.000145338,0.000152901,0.000142654,0.00014126,0.000141365,0.000142794,0.000132826,0.000137217,0.000147429,0.0001353,0.000133906,0.000135962,0.000125367,0.000118919,0.000121777,0.000116549,0.000118501,0.000112506,0.000118117,0.000111391,0.000111391,0.000107592,0.000106442,0.000102503,9.61E-05,0.000103514,9.28E-05,8.90E-05,8.77E-05,8.76E-05,8.90E-05,9.25E-05,8.30E-05,8.25E-05,8.85E-05,8.31E-05,8.01E-05,7.46E-05,7.35E-05,7.06E-05,6.78E-05
CH?NG,HNGH032,HNGH032,7.21E-05,7.17E-05,8.17E-05,7.82E-05,7.61E-05,7.94E-05,9.05E-05,8.54E-05,8.59E-05,9.50E-05,9.12E-05,9.52E-05,9.48E-05,0.000102702,9.97E-05,9.77E-05,0.000101817,0.000112992,0.000112697,0.000110567,0.000116728,0.00011155,0.000118399,0.000119513,0.000115155,0.00011522,0.000118137,0.000122102,0.000132228,0.00013131,0.000126002,0.000133342,0.00013521,0.000136554,0.000138716,0.000137635,0.000133277,0.000137275,0.000139962,0.000146745,0.000148941,0.000146876,0.000146712,0.000144517,0.00014763,0.000146876,0.000144812,0.000145107,0.000148941,0.000156248,0.000159394,0.000153889,0.000151792,0.000157625,0.000149367,0.000150972,0.000158805,0.000155888,0.000162671,0.00016821,0.000172371,0.000168341,0.000167784,0.000160574,0.000165228,0.000163949,0.000169586,0.000171945,0.000181318,0.00017437,0.000178073,0.000176435,0.000172666,0.000180662,0.000177353,0.000180859,0.000179155,0.0001804,0.000185807,0.000188101,0.000197146,0.000199243,0.000196425,0.000203372,0.000203274,0.000211499,0.000212712,0.000207534,0.000223034,0.000220216,0.000217103,0.000220511,0.00023257,0.000227196,0.000236962,0.000244237,0.00024889,0.000251544,0.000246989,0.00026131,0.000252986,0.000262096,0.000272222,0.000273631,0.000277826,0.000288837,0.000281988,0.000281988,0.000290606,0.000299782,0.000301978,0.000305681,0.000317511,0.000314856,0.00031928,0.00032649,0.000332814,0.000337107,0.000349462,0.00034648,0.000357982,0.00035441,0.000359489,0.00036257,0.000362701,0.000375088,0.000371942,0.000387541,0.000380757,0.000379512,0.000390818,0.00038777,0.000399174,0.000396913,0.000396389,0.000400977,0.000402517,0.000410283,0.00040658,0.000409235,0.000410119,0.000411496,0.000402189,0.000402582,0.000408841,0.000423359,0.000417689,0.000432928,0.000429618,0.000418574,0.000426079,0.000424178,0.000431944,0.000431682,0.000447215,0.000431912,0.00043591,0.000438204,0.000443643,0.000458751,0.000466091,0.000464518,0.000471072,0.000472088,0.000479199,0.000484508,0.000490407,0.000512363,0.000519998,0.000517966,0.00053422,0.000533401,0.000544969,0.000563156,0.000576265,0.000574855,0.000588848,0.000601661,0.00062696,0.000635218,0.000663794,0.000677885,0.000710721,0.00072786,0.000736282,0.000783045,0.000814144,0.000829382,0.000877751,0.00091501,0.000969049,0.00102466,0.001061821,0.001132736,0.001222199,0.001300618,0.00140155,0.00153155,0.00164382,0.001798234,0.0019651,0.002149727,0.002342678,0.002574462,0.002794514,0.003063525,0.003321067,0.003608101,0.003892711,0.004162704,0.004436467,0.004704822,0.004926185,0.005121856,0.005315758,0.005470171,0.0056062,0.005693271,0.005745081,0.005773558,0.005753306,0.005762056,0.005753404,0.005705363,0.005662893,0.005625568,0.005552392,0.005500189,0.005436221,0.005348069,0.005284921,0.005193296,0.005102293,0.005022006,0.004948273,0.004886075,0.004815258,0.004788681,0.004678705,0.004627321,0.004577412,0.004526028,0.004463765,0.004424276,0.004360702,0.004314103,0.004266521,0.00422002,0.004167161,0.004110698,0.004068064,0.004055153,0.003973293,0.003957628,0.003935934,0.003928561,0.003936197,0.0039224,0.003912012,0.003941702,0.00392204,0.003925677,0.003909653,0.003911455,0.00387508,0.003885239,0.003892776,0.003895201,0.003870001,0.003869476,0.003877374,0.003849061,0.003859416,0.003809212,0.003830316,0.003796202,0.003820026,0.003793581,0.003818551,0.00379961,0.00378683,0.003788042,0.003795547,0.00382173,0.003774312,0.003771395,0.003791745,0.003750553,0.003780964,0.003781751,0.003761105,0.003782045,0.003779555,0.003775098,0.003777621,0.003769822,0.003757599,0.003772608,0.00377618,0.003805771,0.003781554,0.003807115,0.003763104,0.00380872,0.003757533,0.003782275,0.003781423,0.003767528,0.003765922,0.003796038,0.00378411,0.003756943,0.003772378,0.003801544,0.003752487,0.003786469,0.003779391,0.003787027,0.003788403,0.003779162,0.003799414,0.003816651,0.003817437,0.003830316,0.003857155,0.003846046,0.003842179,0.003871606,0.003895299,0.003871115,0.00389389,0.003907752,0.003879602,0.003908244,0.003895562,0.003907195,0.003896807,0.003953467,0.003927349,0.003937212,0.003953565,0.003943865,0.003983877,0.003995019,0.004000426,0.003999902,0.004034868,0.004058331,0.004128886,0.004160443,0.004179319,0.004229261,0.004312038,0.00433098,0.004449116,0.004458521,0.004512461,0.004570792,0.004614999,0.004678082,0.004719209,0.004763645,0.004840524,0.004892334,0.005004899,0.005087251,0.005163016,0.005271223,0.005359113,0.00545277,0.005487834,0.005585883,0.00565375,0.005754682,0.005799447,0.005827072,0.005892055,0.005920238,0.005939703,0.005959759,0.005951894,0.005898445,0.005857974,0.005775524,0.00569078,0.005592601,0.00540296,0.005237896,0.005050614,0.004822468,0.004564107,0.004323606,0.004024152,0.003751667,0.003479248,0.003206404,0.002945684,0.002706657,0.002439351,0.002275499,0.002050335,0.001858039,0.001700087,0.00156917,0.001442415,0.001341712,0.001250676,0.001167308,0.001122774,0.001032754,0.000971408,0.000910095,0.00088614,0.000836329,0.000794023,0.000771805,0.000742213,0.000713179,0.000693058,0.000684275,0.000656781,0.000638331,0.000636332,0.000604381,0.000586358,0.00058118,0.000568596,0.000551523,0.000532942,0.000539595,0.000516426,0.00051777,0.000512723,0.000501909,0.00049388,0.000494699,0.000478478,0.000478576,0.000473759,0.000472743,0.000455932,0.000458947,0.000455441,0.000443447,0.000445347,0.000439973,0.000444102,0.000438433,0.000433812,0.000427652,0.00042267,0.000422081,0.000428405,0.00041474,0.000421786,0.000415363,0.00041379,0.00042267,0.000410185,0.0004035,0.000395275,0.000414117,0.000409595,0.000401829,0.000402418,0.000391965,0.000397765,0.000386033,0.000398781,0.00038315,0.000385968,0.00038564,0.000383117,0.000371188,0.000379348,0.000373646,0.000369681,0.000365912,0.000361849,0.000363619,0.000353951,0.000359195,0.000345693,0.000343629,0.000331799,0.00033229,0.000328817,0.000311907,0.000313939,0.00030378,0.000306172,0.000298275,0.00029739,0.00028533,0.000287723,0.000289263,0.000280612,0.000264816,0.000259442,0.000253805,0.000257443,0.000259901,0.00024617,0.000246825,0.00024676,0.000246432,0.000235749,0.000233029,0.000227425,0.00022795,0.000223526,0.000214743,0.000208386,0.000214153,0.000207206,0.000205535,0.000211434,0.000205994,0.000205273,0.000198948,0.000201471,0.000196589,0.000195311,0.000191214,0.000188527,0.000189346,0.000180597,0.000182006,0.000181383,0.000181875,0.000181252,0.000179122,0.00018797,0.00018951,0.000175255,0.00017342,0.000167095,0.000171618,0.000168636,0.00016064,0.000162803,0.00015946,0.000165293,0.000156019,0.000162737,0.000165555,0.000164933,0.000154938,0.0001843,0.000164343,0.000154774,0.000162475,0.00016159,0.000170438,0.000178303,0.0001552,0.000149957,0.000149236,0.000155888,0.000148482,0.000145434,0.000149858,0.000141141,0.000140683,0.000138061,0.000147433,0.000132359,0.000131507,0.00014455,0.000135439,0.000130622,0.000131179,0.000118989,0.000116433,0.000120857,0.000116793,0.000115613,0.000111288,0.000115974,0.000117219,0.000112009,0.000108142,0.000104996,0.000103718,9.86E-05,0.00010339,9.32E-05,9.11E-05,8.82E-05,8.64E-05,9.21E-05,9.44E-05,8.78E-05,8.53E-05,9.01E-05,8.67E-05,8.16E-05,7.49E-05,7.64E-05,7.40E-05,6.97E-05
,HNGH033,#N/A,7.21E-05,7.35E-05,8.03E-05,7.48E-05,7.77E-05,8.28E-05,8.65E-05,8.71E-05,8.61E-05,9.04E-05,9.18E-05,9.62E-05,9.49E-05,0.000100606,9.76E-05,9.77E-05,0.000101346,0.00011134,0.000121371,0.00010812,0.000114079,0.000115745,0.000117818,0.000116337,0.000115227,0.000115634,0.000120446,0.000119113,0.000128996,0.000129885,0.000123407,0.000130625,0.000133882,0.000135326,0.000139212,0.000140027,0.000133216,0.000139694,0.000135326,0.00014643,0.000151649,0.000149651,0.000148466,0.000150206,0.000147208,0.000151353,0.000149206,0.000146986,0.000151834,0.000150835,0.000158238,0.000153685,0.000148762,0.000155129,0.000151316,0.000153648,0.000160422,0.000156535,0.000164679,0.000165715,0.000173303,0.000170083,0.000163198,0.00015983,0.000161347,0.00016912,0.000163901,0.000170305,0.000175561,0.000173488,0.00017408,0.000179744,0.000170194,0.000177634,0.000183852,0.000185629,0.000179003,0.000179633,0.000185592,0.000189256,0.000192995,0.000197029,0.000194031,0.00020099,0.000201841,0.000203285,0.000214834,0.000214686,0.000217573,0.000225716,0.000218979,0.000224272,0.000234525,0.000226049,0.000236783,0.00023993,0.000246703,0.000252959,0.000246074,0.000254587,0.000259918,0.000260029,0.000269245,0.000275205,0.000279646,0.000281201,0.00027972,0.000289455,0.000298635,0.000306371,0.000300745,0.000305076,0.000328321,0.000320548,0.000319992,0.000326322,0.000324878,0.000327099,0.000347902,0.000347457,0.000356119,0.000351862,0.000354601,0.000362337,0.000369,0.000366076,0.000376662,0.000385509,0.000384805,0.000380771,0.000394096,0.000392245,0.000402683,0.000401721,0.000400796,0.000403498,0.000401943,0.000412085,0.000414972,0.000404312,0.000418563,0.00040694,0.000406644,0.000416823,0.000417415,0.000420265,0.000414528,0.000428187,0.000426299,0.000425781,0.000424226,0.000430518,0.000434109,0.000425559,0.000437514,0.000430481,0.000436034,0.000439069,0.000449433,0.00045939,0.000448804,0.000466756,0.000472493,0.000469088,0.0004853,0.000491778,0.000501217,0.000501106,0.000509397,0.000517318,0.000520131,0.000537232,0.000538342,0.000555739,0.000571767,0.000579022,0.000589312,0.000604932,0.000634988,0.000636839,0.000657086,0.000669412,0.000702873,0.000720196,0.00074544,0.000774348,0.000816064,0.000841234,0.000885578,0.000926368,0.000968121,0.001038041,0.001090232,0.001154009,0.001222449,0.001324536,0.001414333,0.001559912,0.001675991,0.001832119,0.002000758,0.002179909,0.002386785,0.002602285,0.002877267,0.00313067,0.003400693,0.003693479,0.003974643,0.004245221,0.004511616,0.004779566,0.005011278,0.005208493,0.005384461,0.005581046,0.005687501,0.005751462,0.005778187,0.005831821,0.005816312,0.005805244,0.005810945,0.005776743,0.005723257,0.005666846,0.005589486,0.005557653,0.005454197,0.005385312,0.005304768,0.005204902,0.005128874,0.005041482,0.004945355,0.004897347,0.004842269,0.004744106,0.004672297,0.004634357,0.004583388,0.004513097,0.00446483,0.004400757,0.004353008,0.004279349,0.00421783,0.004174634,0.00411678,0.004069179,0.004059111,0.003985044,0.003978308,0.003908942,0.003916493,0.003873889,0.003898874,0.003885031,0.003874963,0.003887918,0.003916456,0.003862304,0.003870928,0.003855271,0.003867115,0.003867671,0.003853716,0.003850829,0.003833617,0.003815221,0.003799341,0.003802599,0.00378931,0.00377406,0.00380308,0.003765029,0.003760772,0.003768804,0.003728902,0.003744078,0.003750741,0.003738452,0.003734307,0.003753739,0.003745633,0.003730716,0.003721277,0.003708581,0.003727496,0.003727422,0.003739007,0.003727903,0.003694849,0.003717095,0.003729273,0.003724053,0.00370488,0.003723535,0.003712875,0.003724276,0.003715836,0.003734825,0.003724831,0.00376625,0.003723054,0.003716391,0.003737009,0.003729828,0.00372583,0.003733159,0.00373823,0.003736824,0.00373327,0.003734677,0.003722499,0.003718501,0.003719612,0.003739155,0.003738415,0.003750519,0.003740969,0.003759217,0.00376477,0.003793086,0.003800748,0.003782981,0.003816923,0.003808632,0.003836541,0.003839132,0.003841871,0.003833617,0.003864487,0.003863969,0.003857862,0.003879219,0.003888954,0.003915568,0.003923822,0.003907684,0.003911496,0.003903538,0.003927079,0.003970831,0.003953915,0.003969646,0.00400866,0.004016137,0.00409483,0.00413525,0.004162271,0.004225529,0.004265875,0.004337684,0.004407642,0.004457167,0.004521499,0.004552777,0.004629249,0.004648349,0.004727486,0.004757357,0.00483631,0.004894015,0.004996991,0.005074721,0.005162224,0.005274934,0.005360327,0.005465116,0.005543217,0.005625316,0.00568069,0.00579303,0.005836374,0.005898855,0.005958967,0.005963668,0.006038771,0.006035254,0.006042139,0.005986284,0.005936203,0.005892969,0.005797693,0.00567573,0.005517455,0.005336749,0.005143051,0.004925071,0.004650273,0.004423077,0.004094719,0.003826991,0.00352336,0.003269253,0.003013037,0.00275423,0.002492795,0.002284994,0.002096367,0.001897487,0.001733956,0.001594928,0.001463193,0.001347226,0.00128245,0.001197538,0.001130986,0.001040114,0.000989293,0.000931032,0.000892388,0.000846823,0.000810808,0.000778013,0.000745625,0.000717568,0.000697099,0.000680072,0.000668449,0.000638837,0.000621292,0.000608893,0.000589867,0.000583389,0.000568658,0.000557775,0.000538639,0.000533123,0.000517392,0.000519613,0.000516874,0.000504437,0.000507842,0.000491519,0.000481303,0.000482413,0.000465423,0.000473493,0.000455466,0.000447101,0.000449322,0.000447175,0.000444288,0.000443511,0.000439772,0.000440401,0.000441771,0.000429704,0.000430593,0.000420376,0.000426891,0.000418526,0.000424078,0.000415898,0.000420413,0.000416934,0.000406829,0.000414195,0.000413048,0.000407606,0.000403572,0.00040583,0.000407569,0.000394392,0.000402054,0.000395206,0.000392467,0.000386878,0.000389654,0.000383547,0.0003938,0.000379179,0.000380252,0.000381474,0.000370407,0.000369296,0.000362893,0.000360302,0.000354601,0.000358599,0.000340906,0.00033776,0.000330653,0.000332429,0.000327062,0.000318882,0.000313959,0.000303151,0.000305816,0.000300782,0.000294933,0.000294711,0.000293194,0.000282793,0.000274464,0.000273428,0.000262286,0.000257808,0.000255476,0.000252404,0.000249294,0.000249813,0.000248073,0.000244186,0.000241743,0.000230269,0.000229269,0.000233267,0.000219201,0.000215241,0.000209318,0.000220275,0.000203544,0.000209059,0.000210799,0.000209652,0.00021017,0.000203729,0.000196659,0.000200139,0.000194587,0.000192736,0.000187258,0.000187665,0.000182668,0.000178411,0.000178152,0.000189293,0.00018685,0.000185703,0.000189034,0.000183963,0.000176005,0.000173673,0.000174154,0.000175228,0.000172045,0.000162643,0.00016627,0.000164345,0.000169231,0.000161162,0.000171785,0.000162643,0.000158016,0.00015635,0.000179114,0.000161347,0.000159756,0.000168343,0.000162754,0.000173673,0.000177116,0.000159052,0.000157905,0.000153833,0.000157572,0.000156313,0.000150909,0.000150391,0.000140656,0.000136695,0.000135733,0.000145468,0.000139472,0.000137621,0.000146912,0.000136029,0.000132402,0.000129404,0.000128293,0.000119521,0.000124592,0.000115153,0.000120076,0.000116041,0.000123481,0.000114302,0.000111896,0.000107491,0.000107639,0.000102013,9.96E-05,0.000104382,9.51E-05,9.48E-05,8.96E-05,8.84E-05,9.16E-05,9.53E-05,9.08E-05,8.62E-05,8.82E-05,8.47E-05,7.92E-05,7.98E-05,7.81E-05,7.79E-05,7.10E-05
,HNGH034,#N/A,7.76E-05,7.35E-05,8.08E-05,7.42E-05,7.46E-05,7.92E-05,8.51E-05,8.93E-05,8.03E-05,9.34E-05,8.71E-05,9.10E-05,9.20E-05,0.000103629,9.93E-05,0.000100773,9.77E-05,0.000108717,0.000112689,0.00011003,0.000114757,0.000115873,0.000113805,0.000115545,0.000117974,0.000114625,0.000117153,0.000121749,0.000128609,0.000130677,0.000123751,0.00013199,0.0001335,0.000133927,0.000135699,0.000139376,0.000133106,0.000138686,0.000136487,0.000144726,0.000153195,0.000150766,0.000146138,0.000146466,0.000147648,0.000144989,0.000148304,0.000147155,0.000147451,0.000156117,0.000157659,0.000150864,0.00014965,0.000155723,0.00015139,0.000153097,0.000164881,0.000155526,0.000158644,0.000166456,0.000172332,0.000171512,0.00016173,0.000162846,0.000154278,0.000165505,0.000170757,0.000163371,0.000176501,0.000170789,0.000172004,0.000174138,0.0001744,0.00017742,0.000182771,0.00017417,0.00017939,0.000181819,0.000183722,0.000192388,0.000190091,0.000200102,0.000190386,0.00020043,0.000199774,0.000204665,0.00020844,0.000206405,0.000220782,0.000219305,0.000213429,0.000215399,0.000226822,0.000225673,0.000238639,0.000244974,0.000243628,0.000245828,0.000248487,0.000257809,0.000251211,0.000257907,0.000272712,0.000267656,0.000279867,0.000280852,0.00028187,0.000288172,0.000286039,0.000299628,0.00030232,0.000300547,0.000315778,0.000313973,0.00031719,0.000325133,0.000335079,0.000330582,0.00034601,0.000348505,0.000351032,0.000358812,0.000356186,0.000361011,0.000369316,0.000370399,0.000365574,0.000384908,0.000374667,0.000380641,0.000384613,0.000388289,0.000392917,0.000396561,0.000393114,0.000397349,0.000395707,0.000399482,0.00040375,0.000400566,0.000412645,0.000406638,0.000404078,0.000407787,0.000408805,0.000417142,0.000408641,0.0004199,0.000426596,0.000426924,0.000417569,0.00042873,0.000427975,0.000426629,0.000433128,0.000434868,0.000432767,0.000441564,0.000442779,0.000450952,0.000460504,0.000462704,0.000464607,0.000472715,0.000483416,0.000478821,0.000492312,0.000499763,0.000517883,0.000511876,0.000527172,0.000522577,0.00053505,0.000560555,0.000567974,0.000580382,0.000588457,0.000601488,0.000631031,0.000635528,0.000648428,0.000663265,0.000697305,0.000719003,0.000742768,0.000775692,0.000798013,0.000824962,0.000894978,0.000917759,0.00097819,0.001025196,0.001087038,0.00115305,0.001224215,0.001321968,0.001427271,0.001538877,0.001671983,0.00184205,0.002017763,0.002185992,0.00239174,0.002643608,0.002871415,0.003149575,0.003434859,0.003716597,0.003985041,0.004299638,0.004547534,0.004799631,0.005054124,0.005239849,0.005458662,0.005600565,0.005728025,0.005814716,0.005848592,0.005842651,0.005868254,0.005855617,0.005847443,0.005806806,0.005756222,0.005674816,0.005650689,0.005549949,0.005464308,0.005406962,0.00531817,0.005183948,0.005117543,0.005062856,0.004967794,0.0048985,0.0048361,0.004751739,0.004686351,0.004609015,0.004560335,0.00453657,0.004444364,0.004391351,0.004329936,0.00426632,0.004227587,0.004196304,0.004133674,0.004060145,0.004022692,0.004002636,0.003920146,0.003927532,0.003879541,0.003885975,0.00387987,0.003881183,0.003860831,0.003865492,0.003874092,0.003859649,0.003848095,0.003862505,0.003859321,0.003823706,0.003819931,0.0038219,0.00383805,0.003814909,0.003798463,0.003797675,0.003778702,0.00376206,0.003774008,0.003758121,0.003767804,0.003736358,0.003735143,0.003760813,0.003748011,0.003733601,0.003754904,0.003750571,0.003723326,0.003719026,0.003729596,0.003726675,0.003727167,0.003727659,0.003711378,0.003725755,0.003719978,0.003698084,0.00370652,0.003710065,0.003696278,0.003696541,0.003732747,0.003700382,0.003729793,0.003722801,0.003727397,0.003767673,0.003720766,0.003734815,0.003721587,0.003733404,0.003721061,0.003701169,0.003718796,0.003718731,0.003716302,0.003725821,0.003715153,0.003724147,0.003723392,0.003736128,0.003739378,0.003761305,0.003746632,0.003755462,0.003765638,0.003776963,0.003799481,0.003786942,0.003786384,0.003782215,0.003835818,0.003830665,0.003846125,0.003845403,0.003830566,0.003847832,0.003854922,0.003855743,0.003870744,0.003886172,0.003877079,0.003888076,0.003902322,0.003910299,0.003942828,0.003939513,0.003934228,0.003969712,0.003989506,0.004029946,0.004094054,0.004095826,0.004163906,0.004220037,0.004287722,0.004330723,0.004392435,0.004461991,0.004487365,0.004545236,0.00461453,0.004639969,0.004709263,0.004777047,0.00483285,0.004915996,0.005001801,0.005118495,0.005202363,0.005287249,0.005407028,0.005476322,0.005583956,0.005666773,0.005726089,0.005791378,0.005879349,0.005909844,0.00597057,0.006034317,0.006045707,0.006076267,0.006089365,0.006049712,0.005998899,0.005941553,0.005819673,0.005726811,0.005561569,0.005369903,0.005194452,0.004946195,0.004687861,0.004444922,0.004131901,0.003859616,0.003554178,0.00329824,0.003006753,0.00277248,0.002520514,0.002314601,0.002093885,0.001914101,0.001737207,0.001586211,0.00144631,0.001363262,0.001278311,0.001181542,0.001132567,0.00105208,0.000982063,0.00091835,0.000889234,0.000836057,0.000807434,0.000777267,0.000753699,0.000714899,0.000692874,0.000688935,0.000653976,0.000630604,0.0006266,0.00060569,0.000586356,0.000579791,0.000560358,0.00054516,0.000532227,0.000530291,0.000512631,0.000506657,0.000511186,0.000497433,0.000494675,0.000491721,0.000478328,0.000473076,0.000462704,0.000458469,0.000447867,0.000453611,0.000436903,0.000445208,0.000445831,0.000434343,0.000433653,0.000440021,0.000431454,0.000419571,0.00042873,0.000422427,0.00042269,0.000408115,0.000416092,0.000411956,0.000410216,0.000415206,0.00040805,0.000401813,0.000404472,0.000406146,0.00040201,0.000396397,0.00039771,0.000394493,0.000389372,0.00038586,0.00038865,0.000387829,0.000381363,0.000383496,0.000381888,0.000372369,0.0003833,0.000381002,0.000364819,0.000362094,0.000358287,0.000359009,0.000349851,0.000357794,0.000335834,0.000342071,0.000325954,0.000335243,0.000324575,0.000324641,0.000318995,0.000309312,0.00029907,0.000296378,0.000294672,0.000283019,0.000279703,0.000281738,0.000271234,0.000267394,0.000262733,0.000249045,0.000253279,0.000248093,0.000249767,0.000245828,0.000246714,0.000242644,0.000238541,0.000222916,0.000224524,0.000220782,0.000215136,0.000213922,0.000209195,0.000211854,0.000204993,0.000198559,0.000206175,0.000200857,0.000203024,0.000194325,0.000195375,0.000196688,0.000189204,0.000185003,0.000183361,0.000181162,0.00018067,0.000184248,0.000179521,0.000179685,0.00017637,0.000180506,0.000183197,0.000183985,0.000172168,0.000173087,0.00016964,0.000175877,0.000172595,0.000159071,0.000163601,0.000162977,0.000166785,0.000158611,0.000168065,0.000155854,0.000157791,0.000155066,0.000175549,0.000161828,0.000155033,0.000160843,0.000155821,0.000170921,0.00017568,0.000158152,0.000154836,0.000148534,0.00015825,0.000151554,0.000142396,0.000149814,0.000139277,0.000138654,0.000139638,0.000145974,0.000134944,0.000134386,0.000143643,0.000129824,0.000130972,0.000130972,0.000121059,0.000122996,0.000119516,0.000116989,0.000119024,0.000113936,0.00012014,0.000109931,0.000111277,0.00010724,0.000104515,0.000101331,9.90E-05,0.000105434,9.44E-05,8.70E-05,8.72E-05,8.56E-05,9.16E-05,9.29E-05,8.32E-05,7.94E-05,9.02E-05,8.40E-05,7.96E-05,7.32E-05,7.45E-05,7.49E-05,6.81E-05
CH?NG,HNGH035,HNGH035,7.04E-05,6.99E-05,7.59E-05,7.49E-05,7.46E-05,7.39E-05,8.03E-05,8.72E-05,8.20E-05,8.73E-05,8.80E-05,9.64E-05,9.44E-05,9.72E-05,9.64E-05,9.41E-05,0.000100435,0.000103412,0.000105771,0.000105265,0.000110658,0.000115039,0.000111669,0.000112006,0.000114534,0.000117286,0.000118297,0.0001206,0.000128239,0.00012779,0.000119477,0.000129138,0.000132677,0.000132171,0.000127116,0.000136609,0.000124925,0.000135373,0.000142338,0.000142395,0.000150876,0.000144641,0.000145596,0.000139474,0.000154134,0.000148686,0.000147281,0.000149641,0.000138968,0.000153179,0.000153011,0.000150764,0.000157168,0.000151551,0.000147338,0.000146944,0.000159021,0.000150315,0.000159583,0.000160426,0.000168683,0.000172165,0.000164582,0.000158123,0.000155314,0.000155988,0.000162729,0.000169525,0.000173851,0.000166155,0.000165144,0.000175367,0.000174244,0.000170368,0.000176491,0.000177389,0.00017576,0.000178625,0.000181827,0.000185422,0.000193904,0.000195196,0.000193005,0.000198791,0.000200701,0.00020497,0.000201936,0.000204857,0.000214125,0.000216485,0.000219237,0.000218338,0.00021963,0.000225135,0.000234684,0.000239908,0.000247997,0.000241032,0.000244177,0.000257827,0.00025221,0.000248952,0.000266196,0.000271701,0.000276476,0.000275914,0.000282711,0.000291754,0.000287654,0.000305966,0.000305573,0.000308606,0.000315346,0.000313549,0.000316695,0.000323154,0.000321918,0.000323772,0.000344443,0.000345679,0.000348768,0.000347926,0.000350791,0.0003618,0.000362418,0.000365564,0.00036253,0.00038601,0.000371293,0.000380618,0.000390953,0.000393369,0.000399042,0.000403592,0.000389493,0.000396402,0.00039657,0.000394773,0.000401176,0.000398986,0.000406232,0.000408591,0.000400278,0.000401794,0.000399154,0.000425667,0.00041286,0.000415219,0.000416736,0.000423308,0.000413646,0.000421679,0.00043106,0.000425162,0.000426341,0.000436789,0.000442069,0.000447293,0.000445159,0.000449989,0.000461392,0.000462965,0.000478244,0.000473806,0.000475435,0.000492399,0.000499982,0.000498858,0.000500824,0.000512396,0.000528461,0.000533909,0.000536718,0.000554805,0.000580925,0.000573566,0.0005807,0.000607943,0.000620357,0.000616875,0.000659733,0.00065979,0.000701188,0.000713096,0.00073006,0.000774885,0.000798477,0.00081735,0.000872904,0.000916549,0.00095469,0.001018163,0.001081356,0.00115466,0.001230154,0.001299245,0.001395242,0.001521684,0.001686828,0.001813888,0.002005264,0.002159791,0.002348808,0.002585459,0.002837612,0.003086227,0.003357254,0.003625753,0.003942336,0.004242179,0.004473549,0.004737161,0.004990944,0.00515474,0.005355215,0.005498677,0.005668821,0.005758414,0.005763189,0.00580689,0.005817956,0.005803632,0.005768019,0.005737518,0.005707747,0.005691626,0.005588945,0.005516708,0.005459582,0.005399647,0.005337915,0.005254949,0.005133844,0.005054923,0.004961004,0.004907922,0.004858435,0.004785974,0.004687281,0.004668014,0.004618583,0.004537135,0.004450855,0.004461528,0.00438227,0.004302338,0.004239202,0.00421634,0.004159944,0.004069789,0.00402575,0.004028727,0.003977667,0.003971151,0.003918069,0.003949525,0.003899645,0.003900095,0.003931326,0.003905656,0.003923743,0.003884423,0.003872908,0.003890826,0.003868414,0.003873132,0.003850158,0.003850439,0.003824713,0.00386392,0.00385482,0.00380567,0.003838138,0.003835217,0.003804266,0.003817466,0.003846058,0.003777866,0.003771237,0.003784887,0.003769271,0.003790673,0.003756914,0.00378191,0.003745342,0.003752195,0.003761744,0.003741354,0.003754161,0.003736973,0.003730232,0.003740455,0.00372894,0.003771631,0.003745848,0.003741298,0.00373467,0.003748432,0.003753824,0.003758262,0.003750342,0.003777135,0.003774102,0.003786965,0.00372675,0.003767586,0.003757251,0.003741017,0.003745567,0.003759778,0.003751914,0.003745848,0.003747252,0.003753993,0.003756352,0.003765789,0.00376607,0.003773372,0.003799997,0.003769384,0.003772754,0.003805558,0.003816624,0.003784044,0.003834599,0.003833363,0.003832633,0.003833531,0.00386201,0.003891051,0.003867347,0.003848529,0.00386465,0.003910823,0.003883917,0.003920541,0.003901106,0.003938741,0.00391161,0.003910149,0.003942616,0.003964804,0.003977162,0.003966377,0.003984633,0.003995923,0.004048443,0.004048331,0.004093324,0.004156236,0.004184097,0.004242965,0.004288857,0.004349073,0.004413501,0.004454731,0.004520845,0.004575107,0.004628694,0.00468773,0.004737891,0.004758787,0.004842988,0.004937637,0.005020378,0.005125137,0.005165862,0.005272812,0.005399872,0.005476153,0.005563387,0.00566354,0.0056923,0.00580616,0.005864859,0.00591766,0.005925131,0.005974449,0.005981246,0.006016297,0.005969001,0.005949509,0.00587716,0.005819697,0.005744877,0.005633938,0.005528448,0.005309829,0.005090143,0.004875399,0.00461291,0.004341377,0.004064845,0.003817466,0.003509928,0.003230138,0.002968435,0.002715552,0.002449411,0.002255114,0.002057953,0.001865228,0.001714071,0.001582237,0.001449223,0.001340306,0.001255993,0.001172916,0.001114273,0.001033891,0.000963115,0.000922279,0.000889475,0.000837123,0.000808026,0.000763988,0.000743092,0.000704334,0.000685404,0.000674394,0.000668271,0.000649117,0.000623728,0.000606483,0.000573903,0.00058379,0.000564972,0.00056632,0.000538235,0.000538347,0.000514755,0.00051234,0.000506722,0.000498184,0.000487849,0.000486838,0.000481501,0.000475379,0.000468526,0.000458696,0.000454202,0.000451281,0.000452966,0.000446226,0.000443586,0.000433419,0.000430947,0.0004337,0.000426285,0.000421679,0.000421904,0.000418477,0.000422409,0.000415219,0.00041359,0.00041432,0.000422971,0.000419769,0.000414545,0.000392245,0.000403255,0.000404827,0.00039848,0.000404434,0.000403592,0.00040303,0.000385111,0.000388369,0.000388201,0.00038455,0.000382864,0.000393312,0.000380056,0.000373147,0.000375281,0.000368485,0.000362699,0.000368091,0.000356239,0.000360958,0.000336242,0.000370619,0.000338208,0.000338882,0.000327479,0.000331299,0.000319728,0.000311471,0.000307819,0.000300012,0.000300629,0.000297821,0.000293833,0.000281587,0.000287036,0.000276139,0.00026423,0.000264399,0.000253221,0.000253389,0.000245301,0.000253558,0.00024839,0.000240021,0.000242661,0.000232381,0.000241088,0.000226371,0.000222888,0.000227719,0.000218732,0.000211485,0.000204071,0.000210699,0.000206823,0.000200139,0.00021025,0.000206823,0.000198341,0.000199521,0.000192387,0.000193061,0.000191095,0.000186096,0.000184523,0.000184579,0.000176884,0.000181771,0.000176322,0.000179299,0.000177277,0.000174075,0.000180647,0.000179355,0.000168065,0.00016975,0.00016593,0.000171154,0.000166043,0.000154921,0.000159808,0.000163796,0.000162279,0.000158235,0.00015992,0.000159246,0.000157111,0.000158628,0.000182108,0.000158066,0.000154415,0.000162111,0.00015582,0.000171604,0.000174693,0.00015273,0.000148461,0.000147225,0.000161156,0.000158291,0.00014408,0.000148967,0.000134194,0.000132677,0.000140597,0.000145596,0.000131778,0.000129307,0.000138687,0.000137395,0.000128576,0.000123746,0.000127284,0.000117117,0.000120937,0.000112624,0.000117005,0.000108467,0.000115657,0.000108692,0.000110939,0.000105546,0.000102906,0.000107456,9.73E-05,0.000106557,9.46E-05,8.81E-05,8.57E-05,8.43E-05,8.91E-05,9.08E-05,8.55E-05,7.80E-05,8.67E-05,8.04E-05,7.76E-05,7.34E-05,7.32E-05,7.13E-05,6.95E-05
CH?NG,HNGH036,HNGH036,7.31E-05,7.17E-05,7.62E-05,7.47E-05,7.62E-05,7.74E-05,8.24E-05,8.54E-05,8.28E-05,8.56E-05,8.64E-05,9.39E-05,9.18E-05,9.66E-05,9.49E-05,9.66E-05,0.000101407,0.000103412,0.000113706,9.89E-05,0.00011003,0.000109294,0.000114509,0.000113907,0.000106821,0.000115177,0.00011023,0.000115712,0.000121862,0.00012106,0.000123533,0.00013122,0.000131688,0.000127209,0.00012761,0.000130886,0.00012868,0.000130619,0.000128413,0.000141247,0.00014479,0.000142049,0.000141114,0.000135632,0.00014713,0.0001484,0.000143253,0.000144122,0.000143386,0.000152879,0.000149001,0.000145726,0.00014733,0.000150539,0.000139777,0.000150472,0.000149202,0.000151742,0.000159028,0.000156421,0.000172465,0.000163507,0.000157959,0.000151341,0.000159563,0.0001607,0.000158962,0.000161101,0.00016959,0.000172532,0.000170259,0.000175339,0.000181288,0.000172799,0.000174938,0.000176542,0.00017447,0.000176542,0.00018697,0.00018931,0.000190179,0.000197198,0.000186502,0.000202278,0.000198735,0.000206089,0.000206289,0.000203615,0.000215247,0.000218455,0.000212038,0.00022748,0.000224405,0.000225808,0.000231223,0.000236771,0.000245328,0.000237106,0.000245996,0.000250742,0.000245862,0.000253282,0.000253015,0.000267253,0.000275943,0.000281492,0.000279353,0.00027835,0.00029192,0.000288711,0.000291118,0.00030081,0.000321867,0.000303484,0.000318592,0.000315851,0.000319327,0.00032795,0.000343325,0.00033791,0.000346801,0.000341654,0.000352817,0.00035636,0.000354622,0.000362443,0.000363379,0.000391856,0.000384235,0.000373874,0.000388915,0.000386709,0.000392925,0.00040088,0.000393059,0.00038858,0.000392925,0.000409303,0.000405693,0.000401081,0.000407498,0.00040088,0.000405091,0.000414316,0.000417124,0.000422204,0.00041211,0.000418795,0.000422204,0.000430025,0.000423073,0.000423875,0.000444865,0.00043163,0.000427686,0.000435574,0.000439451,0.000442526,0.000451015,0.000458235,0.000455895,0.000469599,0.000470067,0.000479626,0.000489252,0.000480094,0.000500148,0.000516592,0.000520603,0.000518464,0.000535911,0.000529894,0.000553759,0.000552957,0.000573412,0.000586647,0.000587316,0.000611581,0.000631234,0.00063344,0.000654497,0.000662853,0.000703295,0.000732841,0.000746411,0.000766866,0.000808645,0.000829234,0.000893273,0.000913261,0.000965334,0.001022956,0.001077771,0.00115431,0.001204512,0.001304782,0.001397967,0.001522703,0.001643896,0.00179136,0.001961418,0.002139297,0.002309222,0.002568053,0.002783767,0.003046809,0.003316202,0.003597493,0.003872033,0.004109606,0.004371311,0.004596785,0.004869587,0.0050601,0.005186775,0.00535436,0.005467398,0.005553563,0.005580369,0.005643673,0.005639662,0.005605971,0.005634047,0.005626627,0.005613792,0.005509578,0.00548324,0.005440993,0.005392462,0.005316524,0.005228287,0.005100409,0.005084967,0.004987304,0.004932623,0.004867715,0.004794719,0.004743982,0.004692577,0.004677469,0.004587226,0.004581878,0.004492905,0.004420644,0.00442392,0.00435734,0.00426937,0.004200852,0.004217029,0.004138016,0.004130395,0.004083469,0.004069565,0.004001983,0.004014282,0.004009603,0.003994095,0.003969829,0.003986541,0.003970164,0.003974709,0.003937141,0.003989415,0.003958666,0.003947101,0.003936406,0.003950644,0.003937409,0.003940216,0.003955858,0.00389817,0.003925109,0.003892688,0.003906124,0.003887207,0.003889212,0.003874573,0.003859733,0.003840481,0.00386107,0.003832994,0.003844759,0.003857727,0.003845093,0.003818488,0.003846831,0.003826309,0.003817954,0.00385024,0.003820828,0.003823168,0.003828649,0.003823101,0.003828983,0.003824772,0.003793621,0.003799704,0.003818355,0.003818756,0.003825841,0.003823569,0.003865147,0.003799303,0.00383393,0.003811001,0.003836403,0.003794891,0.003849037,0.00380318,0.003840815,0.003841484,0.003795092,0.003818555,0.00381421,0.003837339,0.003825039,0.003810266,0.003823234,0.003828114,0.003880121,0.003844224,0.003870562,0.00385873,0.003910871,0.003892755,0.003920563,0.003921499,0.003913945,0.003957463,0.003927248,0.003959,0.003949441,0.003951179,0.003963479,0.003963613,0.003983533,0.003948171,0.004004389,0.003998239,0.004002517,0.003993694,0.004032532,0.004025981,0.00404677,0.0040578,0.004113216,0.004064752,0.004132133,0.004151586,0.004197242,0.004234543,0.004316898,0.004338155,0.0044044,0.004426125,0.004482812,0.004549926,0.004630543,0.004664033,0.004667375,0.004722123,0.00475314,0.004840442,0.004907489,0.004961969,0.005046196,0.005087775,0.005210439,0.005257833,0.005388184,0.005468601,0.005522479,0.005582575,0.005627362,0.005680371,0.005740199,0.005761724,0.005806378,0.005846352,0.005833852,0.005838531,0.005804773,0.005750761,0.005681708,0.005552226,0.005462919,0.005330028,0.005149006,0.004956822,0.004749931,0.004515099,0.004277993,0.003964816,0.0037487,0.003431847,0.003167601,0.00293845,0.002736306,0.002462769,0.002300197,0.002051394,0.001858407,0.00168621,0.001563279,0.00144516,0.001345492,0.001252241,0.001180982,0.001110058,0.00104555,0.000969211,0.00091306,0.000890065,0.000847015,0.000803298,0.000762989,0.000748751,0.000712386,0.000699217,0.000678963,0.000654029,0.000632838,0.000626889,0.000607838,0.000581567,0.000578559,0.000571607,0.000550751,0.000543397,0.000543598,0.00052575,0.000509172,0.000510509,0.00049988,0.000489987,0.000498744,0.000490856,0.000482567,0.000475281,0.000462847,0.000447673,0.000445266,0.000446871,0.000443528,0.000440721,0.000443395,0.000443996,0.000432231,0.000440654,0.00043036,0.000421268,0.000422405,0.000424343,0.000413581,0.000422137,0.000421603,0.000425547,0.000421603,0.000413314,0.000408701,0.000400613,0.000410172,0.000399276,0.00040703,0.000399008,0.000397204,0.000397605,0.000396669,0.000391054,0.000376548,0.000393794,0.000379422,0.000393393,0.000383901,0.000380224,0.000390118,0.000369796,0.000356962,0.000356628,0.000358499,0.00035489,0.000353018,0.000339448,0.000342456,0.000328686,0.00032795,0.00031438,0.000318124,0.000312241,0.000297067,0.000302415,0.000307094,0.000296599,0.000286438,0.000281692,0.000278149,0.000275275,0.000265114,0.000253015,0.000254419,0.000255355,0.000245461,0.000249205,0.000248202,0.000244325,0.000242186,0.000234164,0.000220594,0.000220728,0.00022534,0.00021518,0.000205955,0.000210567,0.000208428,0.000200407,0.000200941,0.000203682,0.00020415,0.000205888,0.000189444,0.000188642,0.000194524,0.000183428,0.000186035,0.000184965,0.000180219,0.000175941,0.000175941,0.000177812,0.000172732,0.000177144,0.000182625,0.000180152,0.000181756,0.000168253,0.00016959,0.000164911,0.000173066,0.00016685,0.000155419,0.000155753,0.000163039,0.000166382,0.000152745,0.000162438,0.000160833,0.000153413,0.00014967,0.000173935,0.000152945,0.000149269,0.000158226,0.000162237,0.000159363,0.000172933,0.000155085,0.000147932,0.000140646,0.000149737,0.000144924,0.000141047,0.000147464,0.000140378,0.000135899,0.000133159,0.00014225,0.000124201,0.000134228,0.000139175,0.000133493,0.000126675,0.000126808,0.000121594,0.000114642,0.000119589,0.000112102,0.000112369,0.000112837,0.000119188,0.000108492,0.000110899,0.000110364,9.72E-05,0.000103679,9.77E-05,0.000102342,9.00E-05,9.05E-05,9.18E-05,8.63E-05,8.70E-05,8.73E-05,7.97E-05,8.08E-05,8.44E-05,7.99E-05,7.48E-05,7.29E-05,7.39E-05,7.42E-05,6.68E-05
CH?NG,HNGH037,HNGH037,7.40E-05,7.18E-05,8.00E-05,7.16E-05,7.63E-05,7.77E-05,8.11E-05,8.52E-05,8.15E-05,8.95E-05,9.11E-05,9.16E-05,9.32E-05,0.000102249,9.48E-05,9.81E-05,9.92E-05,0.000106991,0.000102295,0.000103814,0.000109753,0.000110489,0.000113666,0.000117303,0.000113666,0.000113896,0.000114264,0.000114633,0.000127891,0.000129365,0.000126695,0.000129963,0.000131528,0.000129181,0.000131252,0.000137467,0.000129595,0.000135027,0.000137329,0.000148056,0.000142255,0.000144787,0.000142623,0.000143728,0.000147273,0.000144097,0.000147918,0.000147273,0.000144419,0.000151463,0.000153442,0.000154685,0.000146629,0.000151417,0.000146813,0.000153258,0.00016021,0.000159243,0.000163386,0.000166333,0.00017089,0.000160808,0.0001609,0.000157539,0.000161959,0.000166747,0.00016753,0.000168634,0.000177704,0.000168174,0.000174665,0.000176691,0.000181893,0.000175494,0.000181893,0.000175632,0.000185024,0.000179361,0.000182354,0.000187049,0.00019239,0.000200124,0.000194507,0.000196165,0.000197546,0.00021062,0.000212324,0.000202978,0.000212002,0.000210851,0.000217802,0.000220518,0.00021771,0.000225675,0.000233915,0.000238427,0.000248095,0.000248969,0.000251409,0.000255461,0.000255967,0.000264576,0.000272633,0.000272633,0.000274106,0.000284832,0.000276546,0.000283405,0.000284188,0.000293395,0.000298966,0.000308864,0.000315816,0.000312823,0.000321662,0.000326542,0.000336302,0.000346154,0.000345464,0.000354671,0.000354993,0.000349837,0.000360057,0.000359597,0.000367746,0.000374099,0.000369357,0.000395138,0.000375618,0.000376723,0.000395966,0.000388785,0.000398268,0.000399465,0.000387081,0.000399281,0.00040347,0.00040591,0.000415348,0.00039767,0.000413507,0.00041056,0.000408673,0.000415808,0.000414658,0.00042009,0.000416913,0.000421747,0.000418479,0.000429205,0.000421563,0.000426535,0.000424878,0.000429481,0.000441681,0.000437032,0.000436019,0.000443247,0.000455953,0.000454204,0.00046668,0.000463641,0.000466357,0.000467646,0.000482332,0.000477268,0.000497755,0.000502957,0.000516032,0.000510323,0.000527311,0.000533065,0.00054195,0.000555624,0.000579655,0.000582509,0.000582555,0.000601293,0.000620444,0.000630342,0.000656445,0.000666711,0.00070727,0.000711552,0.000722739,0.000777615,0.000802429,0.000825954,0.000884744,0.000906842,0.000947124,0.00101305,0.001061757,0.001123079,0.00118882,0.001279974,0.00137656,0.001499802,0.001622905,0.001766725,0.001920536,0.002108368,0.002304533,0.002500099,0.002741979,0.003020688,0.003281996,0.003549242,0.003801802,0.004092113,0.004356459,0.004613577,0.004831563,0.005037304,0.005213074,0.00537089,0.005490679,0.005587863,0.005633394,0.00568247,0.005685923,0.005674643,0.00565029,0.005642003,0.005612355,0.00559348,0.005500392,0.005432073,0.005361636,0.005320801,0.005260676,0.005142775,0.005101434,0.005015022,0.004930774,0.004889202,0.004839528,0.0047899,0.004695799,0.004657174,0.004605843,0.004560036,0.004521364,0.004461056,0.004402588,0.00434831,0.004282293,0.004244082,0.004214434,0.00415477,0.00412038,0.004076921,0.004055421,0.004011133,0.003980565,0.003971403,0.003972692,0.003978907,0.003989312,0.003975777,0.004001696,0.003964222,0.003960032,0.003961828,0.003970298,0.003918046,0.003958881,0.003917448,0.003938303,0.003919796,0.003923202,0.003923709,0.003926471,0.003849543,0.003897744,0.00388384,0.003859257,0.003861835,0.003861374,0.003889089,0.003860546,0.003845031,0.003869845,0.003876751,0.003828596,0.003862479,0.00383099,0.003824314,0.003837527,0.003840658,0.003847793,0.0038268,0.003826156,0.003834396,0.003798902,0.003845998,0.003814048,0.003818468,0.003805025,0.003827491,0.003860269,0.003831588,0.003844248,0.003839322,0.0038268,0.003828043,0.003823624,0.003828872,0.003801986,0.003851062,0.003823301,0.003801572,0.003832325,0.003839691,0.003830023,0.003819526,0.003826524,0.003851292,0.003845998,0.003861236,0.003877027,0.00387362,0.003882137,0.003911141,0.003899585,0.003910404,0.003933515,0.003926103,0.003948477,0.003907043,0.003986872,0.00395704,0.003963531,0.003972692,0.003973889,0.003961505,0.003957132,0.004003169,0.003982406,0.00396459,0.003999256,0.004006852,0.004031528,0.004030791,0.00404603,0.004053212,0.004097269,0.004107121,0.00416766,0.004175855,0.004222721,0.004253243,0.004330908,0.004388593,0.004444758,0.00449121,0.004537247,0.004574307,0.00464433,0.004686086,0.004745796,0.004778666,0.004835845,0.0049357,0.004988504,0.005054798,0.005129931,0.005238625,0.005296493,0.005394783,0.005466141,0.005532388,0.005582431,0.005663226,0.005678557,0.005736471,0.005777905,0.00579609,0.005843324,0.00584627,0.005807829,0.00579945,0.005718839,0.005650612,0.005579853,0.005478156,0.005315139,0.005142315,0.004955542,0.004702475,0.004473532,0.004206147,0.00396482,0.003667097,0.003418818,0.003143792,0.002888837,0.002627392,0.002424828,0.002225717,0.002009158,0.001835459,0.001669817,0.001543767,0.001405103,0.001314225,0.001221322,0.001160185,0.001098817,0.001021981,0.000954674,0.000906381,0.000870334,0.000823698,0.000796859,0.000757405,0.000737287,0.000713715,0.000685264,0.000660911,0.000659438,0.000645258,0.000621595,0.000606633,0.00058099,0.000569066,0.000571691,0.000551066,0.000536886,0.000533848,0.00051419,0.000509863,0.00052128,0.000501668,0.000498353,0.000494993,0.000478972,0.000475104,0.000469764,0.000461846,0.000458163,0.00045692,0.000451395,0.000443707,0.000442004,0.000435881,0.000439932,0.000433809,0.000433579,0.00042962,0.000426765,0.000427134,0.000429435,0.00041277,0.000421839,0.000412494,0.000426443,0.000420919,0.000414473,0.000412033,0.000408212,0.00040347,0.000408719,0.000409732,0.000407936,0.000394954,0.000387864,0.000391685,0.000390856,0.000390672,0.000392375,0.000384595,0.000389061,0.000387265,0.000375664,0.000375756,0.000375572,0.000364339,0.00036397,0.000353106,0.000348962,0.000364983,0.000344543,0.000339433,0.000336624,0.000330686,0.000328706,0.000320005,0.000310613,0.000300853,0.000302925,0.000304352,0.000295007,0.000284556,0.000286352,0.000278387,0.000278479,0.000268121,0.000266602,0.000254816,0.000253895,0.000253021,0.000250074,0.00024745,0.00024768,0.000235941,0.000235527,0.000230324,0.000229542,0.000221071,0.000213106,0.000212416,0.000204543,0.000211219,0.000202932,0.000207122,0.000207904,0.000204543,0.000201597,0.000200124,0.000199249,0.000197638,0.000193909,0.000189581,0.000183781,0.000184103,0.000177842,0.000186175,0.000177888,0.000185714,0.000180926,0.000179453,0.000188154,0.00018042,0.000174803,0.000170568,0.000166241,0.000175264,0.000166517,0.000160118,0.00016265,0.000164859,0.000162373,0.000153718,0.000164399,0.000155974,0.000158184,0.000157493,0.000178855,0.000162465,0.000154823,0.000162189,0.000166241,0.000169509,0.000176967,0.000157816,0.000150127,0.000151647,0.000163018,0.000152521,0.000143958,0.000144971,0.000136823,0.000135856,0.000133922,0.00014801,0.000129411,0.000130976,0.000141012,0.000132541,0.000127247,0.000128122,0.000120065,0.000119421,0.00011804,0.000115139,0.000116336,0.000112009,0.000116428,0.000112837,0.000105702,0.000103354,0.000105241,0.000102111,9.70E-05,0.000102663,9.06E-05,8.89E-05,8.82E-05,8.27E-05,8.89E-05,8.85E-05,8.43E-05,8.20E-05,8.64E-05,8.30E-05,7.61E-05,7.30E-05,7.59E-05,7.58E-05,6.72E-05
,HNGH038,#N/A,7.18E-05,7.56E-05,7.48E-05,7.26E-05,7.27E-05,7.78E-05,8.03E-05,8.73E-05,8.43E-05,8.66E-05,8.84E-05,8.77E-05,9.34E-05,9.65E-05,9.14E-05,9.53E-05,9.85E-05,0.000102024,0.000106314,0.000101488,0.000110068,0.000109532,0.000110202,0.00011342,0.000115699,0.000111007,0.000118246,0.000116637,0.000122469,0.00012877,0.000121799,0.00013353,0.000131519,0.000130379,0.000134133,0.00013782,0.000125955,0.000133597,0.000137418,0.000147339,0.000147205,0.000141775,0.000142244,0.000143048,0.000147003,0.000149819,0.000144054,0.000142244,0.000145596,0.000154042,0.000158868,0.000146668,0.000146333,0.000151428,0.000151696,0.000153707,0.000153103,0.000147942,0.000160611,0.000168722,0.000166577,0.000165639,0.00017147,0.000162756,0.000159539,0.00016108,0.000169057,0.000163829,0.000169258,0.000173683,0.000170599,0.000170934,0.000165974,0.000175962,0.000178777,0.000172007,0.000178509,0.000177839,0.000183805,0.000182129,0.000184341,0.000193256,0.000190374,0.000199557,0.000196809,0.0001952,0.000203043,0.000207333,0.000213634,0.000216114,0.000220204,0.000220606,0.000227041,0.00022141,0.000234415,0.000234951,0.000249162,0.000243397,0.000243263,0.000255195,0.000251776,0.000258278,0.000255932,0.000265719,0.000275305,0.000282276,0.000271149,0.000292331,0.000284823,0.000290253,0.000294409,0.000298632,0.000315927,0.000307212,0.000315457,0.000318876,0.000327322,0.000329601,0.000337511,0.000338316,0.000346092,0.000351052,0.000360504,0.000350315,0.000351722,0.000358292,0.000360571,0.000377865,0.000374648,0.0003721,0.000379005,0.000376726,0.00039221,0.000401796,0.000391004,0.000399718,0.000392948,0.000409103,0.000400589,0.000400589,0.000394489,0.000395361,0.000400455,0.000398109,0.000400925,0.000405751,0.000404745,0.000409505,0.000416074,0.00041346,0.000417415,0.00041299,0.000434575,0.000424922,0.000426598,0.000425526,0.000435916,0.000435983,0.000439133,0.000449054,0.000458104,0.000459109,0.000465745,0.000466818,0.000478549,0.000477074,0.000488537,0.000505027,0.00051421,0.000514344,0.000507239,0.000519104,0.000534119,0.000551481,0.000561201,0.000574138,0.000579769,0.000594315,0.000620659,0.000619653,0.000644187,0.000663091,0.000681793,0.000716851,0.000737095,0.000759551,0.000806072,0.000830807,0.000866871,0.000918352,0.00096179,0.001027214,0.001078897,0.001128434,0.001214974,0.00130701,0.001398979,0.001521985,0.001649415,0.001817601,0.001981027,0.002158464,0.002341397,0.002589285,0.002838782,0.003097864,0.003378465,0.003653166,0.003944022,0.0042326,0.004494565,0.004759345,0.00501159,0.005177162,0.005397365,0.005529957,0.0057025,0.005790447,0.005837236,0.005830734,0.005851179,0.005824165,0.005832678,0.005765712,0.005756864,0.005659465,0.005640427,0.005521779,0.005455215,0.005390461,0.005353794,0.005221873,0.005153767,0.005067161,0.004977202,0.004920761,0.004855604,0.004769936,0.004704311,0.004662817,0.004573731,0.004510653,0.004445966,0.004423979,0.00434374,0.004298962,0.004258943,0.004192514,0.004185475,0.004123001,0.004077284,0.004001,0.003979483,0.003983572,0.003958233,0.003920561,0.003906886,0.003898909,0.003927398,0.003907623,0.003920159,0.003925186,0.003903735,0.003881279,0.003887782,0.003882687,0.003870755,0.003903333,0.003840724,0.003880609,0.003841194,0.003841663,0.003815788,0.003792595,0.00377034,0.003796885,0.003768798,0.003768262,0.003769736,0.003758475,0.003748353,0.003781333,0.003750498,0.003762564,0.003743124,0.003753447,0.003716914,0.003756799,0.003750431,0.003770809,0.003768262,0.003751906,0.003744532,0.003712356,0.003715976,0.003753716,0.003709608,0.003697609,0.003726433,0.003744733,0.003748956,0.003744867,0.003746342,0.003773691,0.003757536,0.003763368,0.003746074,0.003719059,0.003750498,0.003750833,0.003746409,0.00371973,0.003686884,0.003748956,0.003739169,0.003733539,0.003730455,0.003770273,0.003767256,0.003752509,0.003795879,0.003759681,0.003803521,0.00381438,0.003818469,0.003810425,0.003836635,0.003823363,0.003840858,0.003844679,0.003864856,0.003876788,0.003893144,0.003872431,0.003899579,0.003919086,0.003912383,0.003898641,0.003941006,0.003910975,0.003942212,0.003917008,0.003965071,0.003982231,0.003971171,0.003993627,0.004048929,0.004065955,0.004098131,0.004172471,0.004205049,0.00422536,0.004288237,0.004365459,0.004428872,0.004485984,0.004531969,0.004612006,0.00462843,0.004747547,0.0047999,0.004809285,0.004916403,0.004924045,0.005040616,0.005131647,0.005193518,0.005308547,0.005387378,0.005481693,0.00557621,0.005609726,0.005713225,0.005779253,0.005833616,0.00588979,0.005985982,0.006006092,0.006031632,0.006037263,0.006029554,0.005992284,0.005935037,0.005891131,0.005794268,0.005654437,0.005516617,0.005296011,0.00509699,0.004845952,0.004664158,0.004418214,0.004103025,0.003794069,0.003490879,0.003270206,0.002981428,0.002716178,0.002471307,0.002265515,0.002041089,0.001872098,0.001711018,0.001566629,0.001436451,0.001327723,0.001262835,0.001157862,0.001096861,0.00103861,0.000969901,0.000921905,0.000873641,0.000840661,0.000799168,0.000753585,0.000743731,0.000712896,0.000688161,0.000672743,0.000629507,0.000628234,0.000614425,0.000604973,0.000575076,0.000562541,0.000556642,0.000534119,0.000540621,0.000531036,0.000519439,0.000505161,0.000506435,0.000489944,0.000498122,0.000485319,0.000475532,0.000465008,0.00046112,0.000459578,0.000447714,0.000452004,0.000447513,0.000438798,0.000431559,0.000424855,0.000443826,0.00043243,0.000425861,0.000417683,0.000424319,0.000419225,0.000418755,0.000412454,0.000407561,0.000413996,0.000411449,0.000415672,0.00040803,0.000404544,0.000402869,0.000394221,0.00039831,0.000393551,0.000399517,0.000380815,0.000392545,0.000379139,0.00038611,0.000368212,0.000382759,0.000372167,0.000381619,0.000375653,0.00037029,0.00037391,0.000367542,0.000366738,0.00035742,0.000351923,0.00034093,0.000353532,0.000339187,0.000344416,0.000316664,0.000321289,0.00032444,0.000316329,0.00031834,0.000300844,0.000305201,0.000293605,0.000288778,0.000278455,0.000285159,0.000276511,0.000269339,0.000266188,0.000254256,0.000252916,0.0002501,0.000241721,0.000243129,0.000240582,0.000235889,0.000238839,0.000236895,0.000224225,0.00022684,0.000222013,0.000213098,0.000210082,0.00021283,0.00020921,0.000203982,0.000196608,0.000207266,0.00020311,0.000198351,0.000202909,0.000198083,0.000199289,0.000184475,0.000185547,0.000188631,0.000180922,0.000176364,0.000182397,0.0001769,0.000171739,0.000179649,0.000178174,0.000184609,0.000181727,0.00017013,0.000171806,0.000167784,0.000171135,0.00016899,0.000157394,0.000168052,0.000159539,0.000166778,0.000153103,0.000163024,0.000159673,0.00015793,0.000149819,0.000177638,0.000160276,0.000151092,0.000161483,0.000158399,0.000168253,0.000174487,0.000153573,0.000151629,0.000148277,0.000153305,0.000146534,0.00015002,0.000149484,0.00013849,0.000133597,0.000133731,0.000141976,0.000135139,0.000132122,0.00014211,0.000131519,0.000134066,0.000123877,0.000124078,0.000118112,0.00012314,0.000110269,0.000114157,0.000114626,0.000112079,0.000108191,0.000106918,0.00011047,0.000103432,9.91E-05,9.87E-05,9.79E-05,9.75E-05,8.80E-05,8.70E-05,8.21E-05,8.62E-05,8.81E-05,8.51E-05,8.04E-05,8.81E-05,8.50E-05,7.34E-05,7.29E-05,7.37E-05,7.41E-05,6.57E-05
,HNGH039,#N/A,7.31E-05,7.26E-05,8.10E-05,7.38E-05,7.81E-05,7.69E-05,8.42E-05,8.82E-05,8.41E-05,9.12E-05,9.13E-05,9.45E-05,9.36E-05,0.000101595,0.000100572,0.000101266,0.000104078,0.000111857,0.000118101,0.000104918,0.00011507,0.000117846,0.000117115,0.000114303,0.00011832,0.000121023,0.000117736,0.000123141,0.000131248,0.000137675,0.000122228,0.000127633,0.000127852,0.000134644,0.000131065,0.000139063,0.000133695,0.000142021,0.000140816,0.000143664,0.000147864,0.000148631,0.000147243,0.00014381,0.000150822,0.00015042,0.000147389,0.000147097,0.000150932,0.000155825,0.000160025,0.000150092,0.000153634,0.000158929,0.00014644,0.000154218,0.000162362,0.000162471,0.000165137,0.000171017,0.000173719,0.000170031,0.000170433,0.000160536,0.000161522,0.000166854,0.000166671,0.000170213,0.000179745,0.000175764,0.00017361,0.000177736,0.000182812,0.000174048,0.000179745,0.000174851,0.000183068,0.000183835,0.000189641,0.000190481,0.000190043,0.000195265,0.000196032,0.000202825,0.000205125,0.000212794,0.000211041,0.000211845,0.00021389,0.000218272,0.000216446,0.000220755,0.000231236,0.000231309,0.000235728,0.000238576,0.000249642,0.000247377,0.000252417,0.000256909,0.000250335,0.000258698,0.00027148,0.000266038,0.000284371,0.000286343,0.00028039,0.000281011,0.000291054,0.00030504,0.000299563,0.000310482,0.00031585,0.000315339,0.000324906,0.00032907,0.000333269,0.000333269,0.00034784,0.000357262,0.000351492,0.000351456,0.00035204,0.000361279,0.000361827,0.000376946,0.000366246,0.00038812,0.00038246,0.000378443,0.000394401,0.000390129,0.000397031,0.000394109,0.00039305,0.000395168,0.000400756,0.000412588,0.000409338,0.000407585,0.000408388,0.000411383,0.000405247,0.000413282,0.000411419,0.000422849,0.000415619,0.000424529,0.000418394,0.00042683,0.000420074,0.000424091,0.000430664,0.000436654,0.000439721,0.00043994,0.000436727,0.000440378,0.000450129,0.000453598,0.000457579,0.000466708,0.000471529,0.000471237,0.000482667,0.000486392,0.000491358,0.000506696,0.000511663,0.000509545,0.000528242,0.000536021,0.000532332,0.000554024,0.000573452,0.000577433,0.000581742,0.000599892,0.000615266,0.000627573,0.000662741,0.000674755,0.000701231,0.000725407,0.000749728,0.000774962,0.000813051,0.000822802,0.000872138,0.000909241,0.000970118,0.001031652,0.001074123,0.001142851,0.001216436,0.001291336,0.001401951,0.001532688,0.001661087,0.001801063,0.001994831,0.002160699,0.002342197,0.002575442,0.002826763,0.003091267,0.003368663,0.003656102,0.003903333,0.004216663,0.004461192,0.004730736,0.004973658,0.005181486,0.005361705,0.005517969,0.005650276,0.005732041,0.005789886,0.00578167,0.005781195,0.005815888,0.005764725,0.005751286,0.005734451,0.005633696,0.005599551,0.005540829,0.005440038,0.005385077,0.005314669,0.00521417,0.005121741,0.005033841,0.004962374,0.004880901,0.004846865,0.004759184,0.004690529,0.004652988,0.004594412,0.004505124,0.004485184,0.004412038,0.004343017,0.004320814,0.004243358,0.004179816,0.004143005,0.004076869,0.00402158,0.004013911,0.003960119,0.00394259,0.003919364,0.00389581,0.003906364,0.003883576,0.003885366,0.003868567,0.003921665,0.003893509,0.003892815,0.003869772,0.003887557,0.003847569,0.003878464,0.003860971,0.003848737,0.003845852,0.003825073,0.003829127,0.003840192,0.003803527,0.003795931,0.003802797,0.003781178,0.003750721,0.003767191,0.003795311,0.003756309,0.003746339,0.003740423,0.003796516,0.003755907,0.003763211,0.003755688,0.003733192,0.003760983,0.003768469,0.003750685,0.003759559,0.003747836,0.003756601,0.003749443,0.0037371,0.003743965,0.003751196,0.003734361,0.003734434,0.003761312,0.003767009,0.003762298,0.003778512,0.003746595,0.003764051,0.003764708,0.003732462,0.003732206,0.003742724,0.003733777,0.003736296,0.003743235,0.003765438,0.003758463,0.003765475,0.00375346,0.003775846,0.003763978,0.003772048,0.003786217,0.003788189,0.003814958,0.003795603,0.00385301,0.003801482,0.003824781,0.003827922,0.003865572,0.00386203,0.003869955,0.003872365,0.003889127,0.003883941,0.003878427,0.003890003,0.003908226,0.003929407,0.003906254,0.003903552,0.003930064,0.003931343,0.003965561,0.003969395,0.003981373,0.003985609,0.004015956,0.004061349,0.004112475,0.004158744,0.004166669,0.004252889,0.004279877,0.004349262,0.004396006,0.00446813,0.004495483,0.004578964,0.004619208,0.004675593,0.004728326,0.004765173,0.004859428,0.004915338,0.005020073,0.005089897,0.005184918,0.005282606,0.005370944,0.005489119,0.005515997,0.00562212,0.005697019,0.005783861,0.005802449,0.005889035,0.005921792,0.005968097,0.00597562,0.006001475,0.006023241,0.005987452,0.005913137,0.005839223,0.005771664,0.005632856,0.005485138,0.005276398,0.005094206,0.00486695,0.004618039,0.0043581,0.004055689,0.003777964,0.003503636,0.003252132,0.002979703,0.002724145,0.002471035,0.002266603,0.002060236,0.00188082,0.001707576,0.001563473,0.001440588,0.001338409,0.001247587,0.001181598,0.001128098,0.001039138,0.00098447,0.000923082,0.00088733,0.000835291,0.000795413,0.000773757,0.000742607,0.00071456,0.000693708,0.000676983,0.000657664,0.000635717,0.000629545,0.000604931,0.000583203,0.000580172,0.000567865,0.000551724,0.000537956,0.000528206,0.000520427,0.000523239,0.000513562,0.00050246,0.000497055,0.000498699,0.000476861,0.000482631,0.000467074,0.000464481,0.000457177,0.000455278,0.000450932,0.000447682,0.000444249,0.000444651,0.000438114,0.000432344,0.000436909,0.000421608,0.000427816,0.000426428,0.00042117,0.000418066,0.000422813,0.000419636,0.000421535,0.000414998,0.000415765,0.000403349,0.000412588,0.000412003,0.000400354,0.000406964,0.000405868,0.000400427,0.000399003,0.00039064,0.0003856,0.000387755,0.000386513,0.000386148,0.000384468,0.000382715,0.000384614,0.000366501,0.000374024,0.000364493,0.00036431,0.000358723,0.000350689,0.000362375,0.000341888,0.000338637,0.000335168,0.000336008,0.000326659,0.00032067,0.000314499,0.000304419,0.000303908,0.000304748,0.00029204,0.000281705,0.000288315,0.000282873,0.000275971,0.00027641,0.000262861,0.000250007,0.000265125,0.000251212,0.000250189,0.000245734,0.000252855,0.000241279,0.000238978,0.000227694,0.000227767,0.000228643,0.0002205,0.000214072,0.000212758,0.000216446,0.000206111,0.00020319,0.000209946,0.00020655,0.000207389,0.000202569,0.00019742,0.00019815,0.000192198,0.000192892,0.000182958,0.000185916,0.000182995,0.000181826,0.000181023,0.000182995,0.000179635,0.000179964,0.000187669,0.000182958,0.000179014,0.000168241,0.000172076,0.000172514,0.000168899,0.000165466,0.000166123,0.000169593,0.000171163,0.000160134,0.000166269,0.000164261,0.000165393,0.00015473,0.00018179,0.000162362,0.000159258,0.000161778,0.000158674,0.000167584,0.000174048,0.00016028,0.000152831,0.000147535,0.00015955,0.000161047,0.000146367,0.000157578,0.000141254,0.000142861,0.000139684,0.000144906,0.000131978,0.000130883,0.000151735,0.000134973,0.000134827,0.000124127,0.000122776,0.000119051,0.000119891,0.000111345,0.00011602,0.000114778,0.000114559,0.000110469,0.000108059,0.00010773,0.000103749,0.000103348,0.000100353,0.00010605,9.31E-05,9.18E-05,8.86E-05,8.94E-05,9.37E-05,9.35E-05,8.43E-05,8.25E-05,8.89E-05,8.18E-05,7.81E-05,7.81E-05,7.49E-05,7.12E-05,6.80E-05
,HNGH040,#N/A,7.52E-05,7.33E-05,8.30E-05,7.89E-05,7.62E-05,8.14E-05,8.90E-05,9.32E-05,8.78E-05,9.66E-05,9.52E-05,9.78E-05,9.90E-05,0.000106565,0.000102551,0.000103512,0.000104586,0.000118183,0.000113208,0.000116317,0.0001192,0.000117504,0.000121659,0.000120246,0.000120585,0.000121066,0.000122818,0.000128274,0.000133814,0.000136697,0.000131722,0.000137404,0.000132005,0.000143792,0.00013746,0.000147806,0.000135708,0.000142294,0.000143962,0.000149502,0.000155947,0.000150943,0.000157812,0.000147382,0.00015736,0.000150237,0.000149813,0.00015295,0.000152498,0.000158773,0.000161798,0.000151198,0.000152639,0.0001642,0.000153827,0.000156992,0.00016584,0.000160667,0.000167197,0.000172454,0.000185655,0.000178899,0.000172737,0.000161996,0.00016389,0.000168582,0.000171748,0.000171663,0.000177118,0.000175337,0.000175366,0.000176779,0.000183648,0.000178475,0.000178362,0.000176751,0.000177457,0.000183874,0.000192495,0.000190517,0.000196,0.00019959,0.000193682,0.000207505,0.000203208,0.000211603,0.000217568,0.000212027,0.0002265,0.000221073,0.000217596,0.000222232,0.000228196,0.000225426,0.000242584,0.000242103,0.000249481,0.000248915,0.000257706,0.000260307,0.000251403,0.000258272,0.000274723,0.000269126,0.000292191,0.000286708,0.000285747,0.000284842,0.000287527,0.000301067,0.000305986,0.000308982,0.000318705,0.00030624,0.000324726,0.000331765,0.000336033,0.000335609,0.000353897,0.000359127,0.000357572,0.000359183,0.000359833,0.000358731,0.000365854,0.000364667,0.00036772,0.000390729,0.000380609,0.00037261,0.000398672,0.000389626,0.000396636,0.000401272,0.000391775,0.000404042,0.000395845,0.000405993,0.000406558,0.000407349,0.000417469,0.000405371,0.0004,0.000407717,0.000403166,0.000424055,0.000413059,0.000419985,0.000418967,0.000414444,0.000420748,0.000429341,0.000431941,0.00041224,0.000432337,0.000433892,0.000431998,0.000441382,0.000442767,0.000449834,0.000454328,0.000454215,0.000466624,0.000469649,0.000476489,0.000484715,0.000488559,0.000505774,0.00050713,0.000512671,0.000527878,0.000529744,0.000534521,0.000562816,0.000571324,0.000583507,0.000589047,0.000598573,0.00062438,0.000630175,0.000667289,0.000677493,0.000701915,0.000727666,0.000747735,0.000772525,0.0008106,0.000841185,0.000881634,0.000920218,0.000969911,0.001038005,0.001078539,0.001143439,0.001225299,0.001311258,0.00140988,0.001525433,0.001661311,0.001802361,0.002003788,0.002177232,0.002369162,0.002613526,0.002853114,0.003131087,0.003407336,0.00368791,0.003960993,0.0042743,0.004551878,0.004775495,0.005041285,0.005239518,0.005415563,0.005586717,0.005710694,0.005828057,0.005832862,0.005871531,0.005902398,0.005871841,0.005841229,0.005810362,0.005793289,0.00570897,0.005650288,0.005573092,0.005466697,0.00542523,0.005336331,0.005241412,0.005132614,0.005051546,0.004975,0.004922,0.00482742,0.004739596,0.004683939,0.004641087,0.004587154,0.004514594,0.004439377,0.004412835,0.0043511,0.004278399,0.004249143,0.00417288,0.004129886,0.0040584,0.004057015,0.003978491,0.003936232,0.003924699,0.003880745,0.003897196,0.003888518,0.003859941,0.003878483,0.003866922,0.003866498,0.003877155,0.003821131,0.003857453,0.003834557,0.003832889,0.003819321,0.003801966,0.003799591,0.003819972,0.003792383,0.003807393,0.003770307,0.003764371,0.003774858,0.00373602,0.003730875,0.003749786,0.003738423,0.003731639,0.003740995,0.003728868,0.003724148,0.003757333,0.003723357,0.003706594,0.003711937,0.003717901,0.00370586,0.003730508,0.003698171,0.003709082,0.003697521,0.003708997,0.003692235,0.003687317,0.003689437,0.003689267,0.003693761,0.003705125,0.003702863,0.003715922,0.00369851,0.003728416,0.003702072,0.003701365,0.003696277,0.003694129,0.003699697,0.003724713,0.003711428,0.003712219,0.003718184,0.003716149,0.003724148,0.003718693,0.003712757,0.003722904,0.003733448,0.003731667,0.003743143,0.003742239,0.003766293,0.003787409,0.003791083,0.003779494,0.003789218,0.003767141,0.003816693,0.003822205,0.00383826,0.003832437,0.003845044,0.003836225,0.003846486,0.003845412,0.003849001,0.003912205,0.003883091,0.003882723,0.003893634,0.003889055,0.003911075,0.003930381,0.003928883,0.003961615,0.004003309,0.004055913,0.004088787,0.004117958,0.004177855,0.004209824,0.004281706,0.004338324,0.004399153,0.004466287,0.004509619,0.004584299,0.004612312,0.004675544,0.004724926,0.004779848,0.004854245,0.004909337,0.005026247,0.005099938,0.005196327,0.005290596,0.005393232,0.005517831,0.005573771,0.005647801,0.005745942,0.005824467,0.005875007,0.005933293,0.00598895,0.006004751,0.006065043,0.006088533,0.006070047,0.006026262,0.005994744,0.00592894,0.005831279,0.005702468,0.005575975,0.005343115,0.005163594,0.004916714,0.004681169,0.004406899,0.004110665,0.003834359,0.003535356,0.003267389,0.003010389,0.00275223,0.002493704,0.00229369,0.002088532,0.001901972,0.00172248,0.00158256,0.001442217,0.001350435,0.001268773,0.001178603,0.001125207,0.001039842,0.000981585,0.000924995,0.000893704,0.00083963,0.000803336,0.000756724,0.000747085,0.000713448,0.000689224,0.000676193,0.000654965,0.000633397,0.000623108,0.000602276,0.000583987,0.000579351,0.000558378,0.000554901,0.00052997,0.000528387,0.000512699,0.000516402,0.000502947,0.00049882,0.000491273,0.000495796,0.00048415,0.000475698,0.000467783,0.000465861,0.000448816,0.000450343,0.000451417,0.000436549,0.000445566,0.000429821,0.000442965,0.000434231,0.000436238,0.000424536,0.000418713,0.00042284,0.000418345,0.000411278,0.00042038,0.000411929,0.000416282,0.000412353,0.000404014,0.000404608,0.00041125,0.000400905,0.000402148,0.000407067,0.000399972,0.000392849,0.000391888,0.000389937,0.000385188,0.000383945,0.000382644,0.000376765,0.000391181,0.000375719,0.000380044,0.000378376,0.000359692,0.000368313,0.000358477,0.000354915,0.000352371,0.000361812,0.000340895,0.000337672,0.00032809,0.000331284,0.000324783,0.000323369,0.000310989,0.000304629,0.000312854,0.000302113,0.00029793,0.000286312,0.000281733,0.000283853,0.000274666,0.00026972,0.000260929,0.000259091,0.000251318,0.000254201,0.000249905,0.000250696,0.000248322,0.000244421,0.000243403,0.000229751,0.000224719,0.000227602,0.000221327,0.000217963,0.000212536,0.000217398,0.000203434,0.000202502,0.000210105,0.000207024,0.000208438,0.000204424,0.000199392,0.000202162,0.000196707,0.000192213,0.000190064,0.000186842,0.000185711,0.000186785,0.000188651,0.000179945,0.000184468,0.000182432,0.000188114,0.000187916,0.00017237,0.000179267,0.000173557,0.000173048,0.000168638,0.000167366,0.00016666,0.000162561,0.000169882,0.000160017,0.000165246,0.000170589,0.000167649,0.000160017,0.000188792,0.000168638,0.000157699,0.000162561,0.000170363,0.000173924,0.000184213,0.000166377,0.000159763,0.000155212,0.000163805,0.000159621,0.000148654,0.000153233,0.00014317,0.000145686,0.000142492,0.000157021,0.000134323,0.000139411,0.00015117,0.000134973,0.000131298,0.000133729,0.000126521,0.000125532,0.00012426,0.000116543,0.000121801,0.000113434,0.000120924,0.000113123,0.000116147,0.000111172,0.000109222,0.000106706,0.000100488,0.000108148,9.56E-05,9.20E-05,8.96E-05,8.90E-05,9.37E-05,9.98E-05,8.52E-05,8.15E-05,9.10E-05,8.50E-05,8.35E-05,7.71E-05,7.73E-05,7.50E-05,6.87E-05
,HNGH041,#N/A,7.25E-05,7.17E-05,8.01E-05,7.63E-05,7.43E-05,7.95E-05,8.44E-05,8.69E-05,8.39E-05,9.16E-05,9.05E-05,9.38E-05,9.95E-05,0.000102888,9.52E-05,9.83E-05,0.000104922,0.000110918,0.000113619,0.000112567,0.000120422,0.000113303,0.000119229,0.000117827,0.000117371,0.000120807,0.000118668,0.000121474,0.00012498,0.000132415,0.000123578,0.000132625,0.000130907,0.000133712,0.000135922,0.00013764,0.0001301,0.000137254,0.00014304,0.000147213,0.000151772,0.000151316,0.000150439,0.000143566,0.000150124,0.000152053,0.000149949,0.000152438,0.000145004,0.000159136,0.000158259,0.0001557,0.000149212,0.000157804,0.000151632,0.000155524,0.000157698,0.000151912,0.000159943,0.000163064,0.000171129,0.000164922,0.000159873,0.000154297,0.000160048,0.000167202,0.000170603,0.000168499,0.000173233,0.000172462,0.000169727,0.000172041,0.000172146,0.000179616,0.000173233,0.000176319,0.000180001,0.000182772,0.000188102,0.000188382,0.000190557,0.00019764,0.000193011,0.00020283,0.000198973,0.000206863,0.000209598,0.000209949,0.000216577,0.000214823,0.000219768,0.000220645,0.000223415,0.000223415,0.000238283,0.000238354,0.000242351,0.00024947,0.000252521,0.000257045,0.000250487,0.000261814,0.000271177,0.00027293,0.000282749,0.000285519,0.000285204,0.000284783,0.000287203,0.000295549,0.000303053,0.000303474,0.000319745,0.000317466,0.000322936,0.000326618,0.000328617,0.000343661,0.000352112,0.000353761,0.000352779,0.000348325,0.00035625,0.000362177,0.000365719,0.000366139,0.000372943,0.000390967,0.000378623,0.000383778,0.000395561,0.000383778,0.000393562,0.000400576,0.000391844,0.00039756,0.000398612,0.000414462,0.000405906,0.000403101,0.000408817,0.000407274,0.000411517,0.000410079,0.000407239,0.000416952,0.000414042,0.000420599,0.000421195,0.000423405,0.000422598,0.000416181,0.000434311,0.000424632,0.000437747,0.000436134,0.000433399,0.000440097,0.000444445,0.000459489,0.000455176,0.0004624,0.000465941,0.00047555,0.000476076,0.000485474,0.000487859,0.00050143,0.000514685,0.00050697,0.000528432,0.000528642,0.000539443,0.000551752,0.000568093,0.000584715,0.000592079,0.000605896,0.000625393,0.000628549,0.000656323,0.000680625,0.000698754,0.000706469,0.000734558,0.000780111,0.000816195,0.000840427,0.000879562,0.000916032,0.000980662,0.001040627,0.001089722,0.001148249,0.00122894,0.00132036,0.001416375,0.001541321,0.00168138,0.001841603,0.002017326,0.002172184,0.00237519,0.002631744,0.002868449,0.003137522,0.003413748,0.003694498,0.003985313,0.004281563,0.004552179,0.004840889,0.005067811,0.005244901,0.00544177,0.005575307,0.005755238,0.005817203,0.005858933,0.005897788,0.005883655,0.005873661,0.00587296,0.005823129,0.005789289,0.005670901,0.005639551,0.00555069,0.005502823,0.005362272,0.005333868,0.005233575,0.005145205,0.005069915,0.004972708,0.004874378,0.004803121,0.004751888,0.004668638,0.004637848,0.004533908,0.004527351,0.00443835,0.00437628,0.004330061,0.004255052,0.004215952,0.004174327,0.004106436,0.00406716,0.004011263,0.003972689,0.003948913,0.003905254,0.003865768,0.003877165,0.003863418,0.003854511,0.003862436,0.003880601,0.003875727,0.003851004,0.003833997,0.003845885,0.003840519,0.003863769,0.003826212,0.003821162,0.0038044,0.003800157,0.003803102,0.003778871,0.003782377,0.00377838,0.003761372,0.003761407,0.003740261,0.003751904,0.00374191,0.00376274,0.00372669,0.003732301,0.003723148,0.003748713,0.003723674,0.003723359,0.003725288,0.003703546,0.003711681,0.003743943,0.003738438,0.003725147,0.003709157,0.003720974,0.003693516,0.003728444,0.003710524,0.003746223,0.003699197,0.003715644,0.003721115,0.003744294,0.003717117,0.00375008,0.003721641,0.003718169,0.003704703,0.003693446,0.003722482,0.003715048,0.003711927,0.003703756,0.003709507,0.00372157,0.00370337,0.003717748,0.003727602,0.003731284,0.003739209,0.003714767,0.003757339,0.003744014,0.003756533,0.003779993,0.003772523,0.003806925,0.003806644,0.003790478,0.003808608,0.003835084,0.003837258,0.003835329,0.003841115,0.003852863,0.003834453,0.0038435,0.003850584,0.003905008,0.003877551,0.003883722,0.003885756,0.003872922,0.003910093,0.003931695,0.003914336,0.003966587,0.003997587,0.004012981,0.004073718,0.004117237,0.004147745,0.004207816,0.004231557,0.004323433,0.004394235,0.004444136,0.004502874,0.004549549,0.004552599,0.004642898,0.00471668,0.004780854,0.00483079,0.004917547,0.005026887,0.005121078,0.005192265,0.005302272,0.005396393,0.005515166,0.005570783,0.00564688,0.005747453,0.005812784,0.005890739,0.005947794,0.005982581,0.006059203,0.006061973,0.00608873,0.006082909,0.006048473,0.005987701,0.005956491,0.005866367,0.005729639,0.005559737,0.005367813,0.00516877,0.004926629,0.004707212,0.004446205,0.004126214,0.003865803,0.003569728,0.003265378,0.00301703,0.002747571,0.002504133,0.002306002,0.002102961,0.001898202,0.001729387,0.001591537,0.001458667,0.001360793,0.001258536,0.001190611,0.00113317,0.001032912,0.00097691,0.000926588,0.000890223,0.000853753,0.000796102,0.000777481,0.000744973,0.000713237,0.000687287,0.000674488,0.000657655,0.000641384,0.000627988,0.00060565,0.000587836,0.000586994,0.000559677,0.000553821,0.00053776,0.000539373,0.000522505,0.000515036,0.00051202,0.000502587,0.000496976,0.000490769,0.000469729,0.000477268,0.000467204,0.000460997,0.000456263,0.000455702,0.000448338,0.000442797,0.000442306,0.000445708,0.00043908,0.000434486,0.000431891,0.000427648,0.000424527,0.000420389,0.000422668,0.000410009,0.00041825,0.000420389,0.000420564,0.000417794,0.000412253,0.000407589,0.00040531,0.000402189,0.000399278,0.000409974,0.000403627,0.000395947,0.00039507,0.000388688,0.000390546,0.000386899,0.00038988,0.000382235,0.00038448,0.000378413,0.000378799,0.000375047,0.000369366,0.000360774,0.000360985,0.000356496,0.000352989,0.000356496,0.000339699,0.000344327,0.000333386,0.000331212,0.000328898,0.000318237,0.000312697,0.000297653,0.000307191,0.000305262,0.000290639,0.000289903,0.000287132,0.000278751,0.00027556,0.000265145,0.000261183,0.00025971,0.000255572,0.000255852,0.000245823,0.000248208,0.000244105,0.000240142,0.000235934,0.000225063,0.000217208,0.000228956,0.000211071,0.000217944,0.000210194,0.000212228,0.000205425,0.000202269,0.000210089,0.000206267,0.000198096,0.000204058,0.000193011,0.000193537,0.000190977,0.00019245,0.00018712,0.000181229,0.000177476,0.000180247,0.000187085,0.0001766,0.000181895,0.000178704,0.000184735,0.000185367,0.000174846,0.000176424,0.000168675,0.000171375,0.000170884,0.000160749,0.000163905,0.000163625,0.000167061,0.00016096,0.000163905,0.00016131,0.000162257,0.00015591,0.000175513,0.000162853,0.000160048,0.000166395,0.000163555,0.000170218,0.000176495,0.000155314,0.000156576,0.00014802,0.000160784,0.000157804,0.00014802,0.000153806,0.000141322,0.000141988,0.000141497,0.000151702,0.000132485,0.000137464,0.000151246,0.00013799,0.000133432,0.000128803,0.000123928,0.000120422,0.000123192,0.000119194,0.000116459,0.000116915,0.000117581,0.000109726,0.000109095,0.00010664,0.000103695,0.000103414,0.000101836,0.000100538,9.65E-05,9.19E-05,8.94E-05,8.82E-05,8.90E-05,9.26E-05,8.94E-05,8.60E-05,9.06E-05,8.22E-05,8.07E-05,7.30E-05,7.17E-05,7.21E-05,7.21E-05
,HNGH042,#N/A,7.13E-05,7.24E-05,8.13E-05,7.37E-05,7.71E-05,7.94E-05,8.19E-05,8.62E-05,8.40E-05,8.92E-05,8.72E-05,8.98E-05,9.57E-05,9.93E-05,9.37E-05,9.40E-05,0.000102876,0.000109419,0.000113929,0.000103861,0.000116057,0.000114279,0.000116534,0.000115581,0.000114977,0.000115454,0.000119138,0.000118662,0.000124156,0.000129334,0.000125236,0.000128635,0.000132478,0.000133621,0.000134924,0.000137941,0.000132224,0.000135337,0.000137369,0.000141594,0.000147279,0.000144039,0.000146326,0.000143563,0.000145151,0.000140736,0.000143658,0.000144452,0.000145373,0.000156934,0.000155855,0.000150836,0.000146008,0.000156649,0.000147565,0.000148645,0.000155696,0.000155505,0.000159063,0.000165955,0.000172942,0.000165161,0.000160587,0.000155283,0.000158078,0.000163636,0.000163255,0.000166749,0.000173228,0.000170687,0.000168527,0.000175293,0.000174626,0.000176182,0.000175928,0.000174721,0.000175991,0.0001812,0.000185711,0.000190062,0.000190284,0.000196128,0.00019038,0.000198796,0.000200575,0.000209151,0.000202354,0.000204386,0.000217917,0.000220204,0.000220617,0.000218203,0.00023113,0.000227001,0.000233766,0.000239832,0.000244057,0.000247678,0.000250314,0.000254379,0.000253077,0.000257428,0.000266576,0.000272102,0.000271118,0.000277184,0.000277819,0.000279598,0.000280551,0.000289158,0.000299449,0.000304722,0.000312948,0.000306087,0.000314917,0.000322032,0.000322667,0.000334641,0.000346202,0.00035338,0.000357446,0.000348076,0.000358558,0.00035716,0.000362941,0.000371898,0.000371453,0.000382919,0.000382569,0.000373232,0.000380886,0.000384412,0.000382665,0.000399181,0.000400102,0.000389748,0.000399657,0.000401499,0.000397942,0.0003988,0.000409027,0.000404485,0.000404644,0.000414141,0.000402929,0.000413759,0.000411822,0.00042062,0.000417317,0.000426146,0.000416682,0.000420588,0.000432721,0.000428433,0.000432467,0.000436691,0.000438756,0.000439232,0.00044803,0.000454986,0.000457114,0.000465753,0.00047093,0.000466166,0.000474615,0.00048319,0.000494593,0.000509711,0.000508695,0.000504471,0.000525179,0.00052356,0.00053042,0.000553288,0.000565803,0.0005773,0.000585082,0.000605378,0.000626118,0.000629485,0.000652353,0.000675317,0.000695136,0.000706888,0.000733695,0.000769204,0.000804301,0.000832505,0.000875987,0.000908765,0.000966444,0.001015993,0.00107148,0.001141483,0.001221618,0.001293653,0.00140501,0.001532851,0.001664884,0.001811115,0.001986884,0.002159826,0.002365896,0.002583463,0.002827266,0.003095684,0.003347649,0.003642747,0.003922155,0.004206454,0.004486306,0.004729505,0.004979342,0.005174423,0.005356893,0.005510302,0.005611495,0.00574121,0.005756519,0.005814484,0.005800477,0.005786184,0.00578628,0.005732856,0.005734159,0.005638556,0.005591199,0.005514781,0.005439982,0.00538424,0.005306329,0.005200721,0.005105404,0.005051219,0.00498344,0.004898699,0.004812498,0.004770128,0.004673604,0.004631933,0.004571681,0.004543985,0.004484813,0.004429421,0.004369264,0.004304597,0.004254668,0.004207343,0.004157128,0.004088935,0.004048026,0.004012612,0.003993047,0.00396119,0.003916978,0.003920217,0.003907894,0.003916533,0.003914596,0.003926316,0.003911451,0.00389935,0.003898588,0.003882167,0.003895284,0.003883056,0.003871749,0.003872384,0.003859584,0.003881278,0.003844148,0.003817722,0.003828934,0.003816007,0.003807146,0.003786532,0.003783039,0.00380632,0.003800063,0.00380254,0.003769318,0.00378974,0.003770429,0.003802286,0.003749816,0.003760393,0.003752547,0.003752135,0.003771192,0.003779195,0.003774812,0.003767031,0.003753596,0.0037333,0.003771509,0.003739017,0.003745052,0.003742574,0.003746926,0.003779195,0.003775098,0.003757756,0.003770239,0.003790376,0.003739811,0.003757534,0.003742542,0.003768778,0.003750165,0.003761981,0.00375007,0.003749594,0.003764585,0.003780402,0.00376576,0.003764649,0.003750197,0.003801016,0.00377189,0.003795267,0.003807305,0.003796061,0.003810131,0.003841353,0.00385301,0.003826679,0.003853804,0.003837669,0.003862633,0.003873528,0.003892966,0.003851517,0.003898016,0.003906846,0.003907894,0.003893696,0.003913674,0.0039529,0.003924219,0.003915199,0.003936543,0.003916152,0.003975927,0.003984535,0.003974911,0.003990411,0.004036942,0.004057364,0.004153539,0.004150553,0.004206263,0.004250412,0.004295831,0.004341631,0.004404297,0.004482209,0.004527405,0.004554339,0.004633553,0.004678813,0.004746783,0.004768064,0.00484553,0.004914231,0.004987505,0.005113377,0.005201007,0.005277172,0.00538983,0.00545437,0.005539174,0.005590247,0.005718246,0.005780817,0.00580702,0.005904687,0.005928858,0.00594801,0.005994636,0.006000671,0.005999718,0.005993112,0.005907292,0.005830937,0.005751374,0.005628519,0.005471839,0.005285557,0.005100037,0.004870527,0.004583179,0.004340488,0.004061112,0.003776813,0.003510396,0.003236166,0.002961999,0.002726645,0.002463055,0.002277122,0.002051296,0.001883341,0.001697694,0.001566454,0.001439503,0.001340502,0.001253507,0.001182487,0.001119282,0.001041275,0.000972733,0.000914451,0.000893901,0.000839684,0.000794804,0.000771078,0.000733409,0.000711398,0.000686179,0.000673951,0.000654831,0.000635964,0.000625419,0.000600645,0.000586575,0.000573902,0.000562341,0.000554813,0.000536296,0.000535724,0.000523369,0.000506885,0.000505328,0.000491321,0.000493481,0.000487097,0.000477315,0.0004729,0.000463816,0.000465118,0.000450825,0.000451302,0.000443647,0.000443139,0.000444219,0.000431832,0.000434087,0.000431609,0.000425194,0.000421128,0.000423034,0.000418937,0.000416904,0.00041684,0.000414966,0.000411504,0.000413823,0.00041719,0.000412425,0.000404676,0.000402738,0.000403437,0.000405406,0.000403246,0.000401468,0.00038997,0.000388191,0.000388032,0.000389017,0.000390065,0.000384952,0.00037447,0.0003806,0.000374788,0.000379457,0.000375233,0.000368658,0.000360844,0.000354365,0.000357891,0.00034868,0.000364846,0.000338357,0.000342264,0.000323715,0.00032597,0.000324064,0.000316442,0.000310089,0.000303832,0.000301831,0.000293351,0.000301323,0.000282234,0.000281059,0.000282615,0.000268958,0.000267846,0.000258095,0.000257079,0.000252918,0.000247582,0.000245486,0.000247995,0.000242405,0.000242119,0.00023726,0.000224301,0.000224587,0.000224365,0.000214105,0.000209341,0.000205403,0.000206197,0.000205149,0.000203338,0.000202957,0.000207308,0.000202798,0.000199336,0.000198447,0.000196859,0.000191332,0.000185552,0.000186346,0.000182312,0.000172244,0.000176817,0.000181327,0.000173101,0.000182312,0.000178151,0.000184917,0.000185266,0.000173196,0.000171195,0.000167416,0.000170179,0.000169639,0.000161826,0.000163319,0.000164811,0.000169576,0.000156109,0.000163954,0.000159094,0.000157316,0.000152742,0.000176277,0.000161985,0.000153631,0.000157983,0.000157347,0.000169512,0.000175452,0.000157983,0.000150106,0.00015036,0.000158459,0.000151122,0.000145469,0.000150042,0.000137306,0.000136385,0.000139815,0.000145341,0.000131017,0.000130541,0.000142578,0.000132256,0.000127968,0.000124919,0.000119519,0.000117518,0.000123045,0.000114628,0.000114215,0.000107799,0.000114691,0.000112087,0.000108117,0.000105544,0.000101637,9.91E-05,9.81E-05,9.76E-05,9.09E-05,9.22E-05,9.09E-05,8.78E-05,8.74E-05,8.97E-05,8.62E-05,8.26E-05,8.81E-05,8.37E-05,8.04E-05,7.41E-05,7.47E-05,7.45E-05,6.78E-05
CH?NG,HNGH043,HNGH043,7.51E-05,7.24E-05,8.19E-05,7.91E-05,7.75E-05,8.24E-05,9.20E-05,8.75E-05,8.82E-05,9.41E-05,9.35E-05,9.56E-05,9.55E-05,0.000103243,0.000102463,0.00010123,0.000107804,0.000117746,0.000115199,0.000113186,0.000124566,0.000122142,0.000120293,0.000121895,0.000124689,0.000119471,0.000121895,0.000127072,0.000134837,0.000138288,0.00013118,0.000142807,0.000138493,0.000142478,0.00014141,0.000147121,0.000139931,0.000148764,0.000147039,0.000152831,0.000165115,0.000162815,0.000155255,0.000150777,0.000161911,0.000158008,0.000156775,0.000159323,0.000156077,0.000166923,0.0001691,0.00015846,0.000167087,0.000166225,0.000158337,0.000162815,0.000167046,0.00016832,0.000171401,0.000177975,0.000186561,0.000175838,0.000173414,0.000166677,0.000169758,0.000170662,0.000171524,0.000177605,0.000179043,0.000177769,0.000179454,0.000181343,0.000189396,0.000185041,0.000187218,0.000184959,0.000185575,0.000184959,0.000189807,0.000192559,0.000195517,0.000201228,0.00019712,0.000208664,0.000207596,0.000208828,0.000217456,0.000215525,0.000224974,0.000224892,0.000220948,0.000227275,0.000235369,0.000236108,0.000244448,0.000242846,0.000258252,0.000255089,0.000251309,0.000260758,0.000255417,0.000264456,0.000277644,0.000275548,0.00028738,0.000297405,0.00029153,0.000296131,0.000293502,0.000303116,0.000309812,0.000313921,0.000325424,0.00032033,0.00032641,0.000329204,0.000336599,0.000337503,0.00035069,0.000353813,0.000362399,0.000359236,0.000365522,0.000364536,0.000370945,0.000369712,0.000375793,0.00039691,0.000387501,0.000388077,0.000394855,0.000395431,0.000398224,0.000404921,0.000393952,0.000402743,0.000398142,0.000405578,0.000417123,0.000402292,0.000418889,0.000411166,0.000406688,0.000413918,0.000412111,0.000425093,0.000412152,0.000420533,0.000421601,0.00042534,0.000420574,0.000427147,0.000432694,0.000435528,0.000441485,0.000439061,0.000431132,0.000435282,0.000447812,0.000451222,0.000452208,0.000454879,0.000456111,0.000472709,0.000472504,0.000484541,0.000491073,0.00050422,0.000510383,0.000510301,0.00052164,0.00052998,0.000549618,0.0005626,0.000566462,0.000575788,0.000598836,0.000607587,0.000620117,0.000627759,0.000655655,0.000669705,0.000690412,0.000714856,0.000740944,0.000765718,0.000808692,0.000822167,0.000886751,0.000914277,0.000971178,0.001019369,0.001064438,0.001147221,0.001200425,0.00129919,0.001388506,0.001517426,0.001653947,0.001805793,0.001989232,0.002159236,0.002352863,0.002590122,0.002834405,0.003102805,0.003395157,0.003670171,0.003974848,0.004277142,0.004554826,0.004807162,0.005059909,0.005268327,0.005460229,0.005642558,0.005797362,0.005897976,0.005908123,0.006004711,0.005983265,0.005942551,0.005934951,0.005930226,0.005874065,0.005774067,0.005723863,0.005650282,0.005576824,0.005476703,0.005389852,0.005279666,0.005199799,0.00511036,0.005011143,0.004913898,0.004859256,0.004780335,0.004682473,0.004638062,0.004574629,0.00450532,0.004453966,0.004385767,0.004321676,0.004259928,0.004208819,0.004121475,0.004108041,0.004028585,0.004000114,0.003951677,0.003921727,0.003891694,0.003876493,0.00385969,0.003845475,0.003833931,0.003846584,0.003812115,0.003820209,0.00379712,0.003817169,0.003789273,0.003795723,0.003777276,0.003775797,0.003776249,0.003763431,0.003769881,0.003760555,0.003762692,0.003740219,0.003696424,0.003723744,0.003709283,0.003712775,0.003691535,0.003693055,0.003705133,0.003698889,0.00367732,0.003678223,0.003683195,0.003664789,0.00365912,0.003648356,0.003692151,0.003676293,0.003705092,0.003669267,0.003695643,0.003665077,0.00367773,0.003658873,0.00366557,0.003661502,0.003677279,0.003658996,0.003668733,0.003696875,0.003704805,0.003679949,0.003722142,0.003640385,0.003684879,0.00368644,0.003660188,0.003667049,0.003652341,0.003682291,0.003633607,0.003676005,0.003669842,0.003657805,0.003657271,0.003673252,0.003697451,0.003692233,0.003681017,0.003667418,0.003713309,0.003693507,0.003716472,0.003754598,0.003737014,0.003725388,0.003739685,0.003779166,0.003784096,0.003804926,0.003786684,0.003780604,0.003776003,0.003832698,0.003823619,0.003798229,0.003826988,0.003828056,0.003840052,0.003850323,0.003844612,0.003862771,0.003914085,0.003868811,0.003955128,0.003943008,0.003992514,0.004072052,0.004090745,0.004139265,0.004165887,0.004235524,0.004284783,0.00440294,0.004422167,0.00449316,0.004574998,0.00459665,0.004689129,0.004768133,0.004792701,0.004897752,0.004942246,0.005082012,0.005161263,0.005252099,0.005356616,0.00546446,0.005554105,0.00564983,0.005745719,0.00580525,0.005928254,0.005988812,0.005997439,0.006055696,0.006151996,0.006148216,0.006213457,0.006156269,0.006127551,0.006088933,0.00600163,0.005920572,0.005776327,0.005626453,0.005418981,0.005237761,0.004964554,0.004694305,0.004435478,0.004145674,0.003821359,0.003527077,0.003245735,0.002978897,0.002704417,0.002478415,0.00228031,0.00206084,0.001867131,0.001719312,0.001556168,0.001434191,0.001326921,0.001257079,0.001165257,0.001108602,0.001051578,0.000983996,0.00092352,0.000889051,0.000823194,0.000795257,0.000758446,0.000740534,0.000704257,0.000686016,0.000671308,0.000651136,0.000633634,0.000621596,0.000590866,0.000584416,0.00057357,0.000558656,0.000548139,0.000532239,0.000532897,0.000513464,0.000512642,0.000509232,0.000499948,0.000498304,0.000495593,0.000478995,0.000482405,0.000462151,0.000462356,0.000458535,0.000448511,0.000447114,0.000438774,0.000440623,0.000441568,0.000430721,0.000438856,0.000432899,0.00043409,0.000424189,0.00042686,0.000419916,0.000411946,0.000414945,0.000415849,0.000422299,0.000428174,0.000407345,0.000409111,0.000407263,0.000411659,0.000407674,0.000412604,0.000408249,0.000401675,0.000389515,0.000391076,0.000391404,0.00038631,0.000386885,0.000383598,0.000395184,0.000381175,0.000386762,0.000385119,0.000370986,0.000369055,0.000369342,0.000361208,0.000355867,0.00037797,0.000348184,0.000355785,0.000329779,0.000337503,0.000336927,0.000324931,0.000320535,0.000308744,0.000308128,0.00030139,0.00029798,0.000284094,0.000297241,0.000290585,0.000276411,0.000275631,0.000268975,0.000262689,0.000260306,0.000258909,0.000257677,0.000260347,0.000254472,0.000245064,0.00024149,0.000226412,0.00023048,0.00023541,0.000225591,0.000220496,0.00021799,0.000217744,0.000215566,0.000200571,0.000218031,0.000214251,0.000211869,0.000212649,0.000204967,0.000207226,0.000206404,0.000198352,0.000197407,0.000192724,0.000189396,0.000189478,0.000197695,0.000188739,0.000193258,0.000189232,0.000198434,0.000196462,0.000182535,0.000185575,0.000180522,0.000182658,0.000182247,0.000168566,0.00017592,0.00016947,0.000178673,0.000167005,0.00017362,0.00017099,0.000174154,0.000166512,0.000201762,0.000170087,0.000167087,0.000175633,0.0001721,0.000180892,0.000198886,0.000171114,0.000167211,0.000160021,0.000163143,0.000169347,0.000158994,0.000159528,0.0001486,0.00014445,0.000149093,0.000159281,0.000144327,0.000146094,0.000154146,0.000142725,0.000140465,0.000136069,0.000132577,0.000121608,0.000127935,0.000122388,0.000123128,0.000119019,0.000123867,0.000118732,0.000113843,0.000112734,0.000109242,0.00010842,0.000104681,0.000108009,9.23E-05,9.12E-05,8.80E-05,8.90E-05,9.26E-05,9.32E-05,8.73E-05,8.51E-05,8.87E-05,8.73E-05,7.99E-05,7.14E-05,7.59E-05,7.60E-05,7.12E-05
CH?NG,HNGH044,HNGH044,7.23E-05,7.26E-05,8.11E-05,7.70E-05,7.63E-05,8.13E-05,8.40E-05,8.64E-05,8.42E-05,8.94E-05,8.76E-05,9.45E-05,9.56E-05,0.000102978,9.96E-05,9.78E-05,1.00E-04,0.000110619,0.000112576,0.000108549,0.000114119,0.000113141,0.000122663,0.000117733,0.000116189,0.000118636,0.000115662,0.000123341,0.000126841,0.000132186,0.00012511,0.000132901,0.00013324,0.000135611,0.000135234,0.000139224,0.000135234,0.000139939,0.000141708,0.00014231,0.000156086,0.000150365,0.00014773,0.00014822,0.000155521,0.00015029,0.000150741,0.000149763,0.000149499,0.00015985,0.000160979,0.000155935,0.000153941,0.000153451,0.000150628,0.000154505,0.00015857,0.000158269,0.000162108,0.000169034,0.000170087,0.000171292,0.000161242,0.000163426,0.00016192,0.000161468,0.000163802,0.000172647,0.000175959,0.000175846,0.000168845,0.000175206,0.000179196,0.000181718,0.000183901,0.000177126,0.000180024,0.000184014,0.000184804,0.000189848,0.000191315,0.000191993,0.000192106,0.000200386,0.000199408,0.000206747,0.000210699,0.000207726,0.000215592,0.000221087,0.000215065,0.000221953,0.000228013,0.000226169,0.000239078,0.000240132,0.000245966,0.000244988,0.000252327,0.00025722,0.000245176,0.000268361,0.000270318,0.000275851,0.000277846,0.00028639,0.000281873,0.000279803,0.000289025,0.000296176,0.000299714,0.000304193,0.000321205,0.000309726,0.000318307,0.000323878,0.000333513,0.00032926,0.000346724,0.000348869,0.000347552,0.000353988,0.000360048,0.000366635,0.000365204,0.000371151,0.000376421,0.000385604,0.000380222,0.000380937,0.000382556,0.000393019,0.000391212,0.000399568,0.00038997,0.000396482,0.000399756,0.00040081,0.000406569,0.0004013,0.000417183,0.000407886,0.000400246,0.000405779,0.000420721,0.000418613,0.000409693,0.00042042,0.00041564,0.000420608,0.000418688,0.00041786,0.000424259,0.000421549,0.000438072,0.000436303,0.000436454,0.000438787,0.000443944,0.000452074,0.00045787,0.000455837,0.000465623,0.000468823,0.000465887,0.000481733,0.000495358,0.000500665,0.000515419,0.00050473,0.000521441,0.000537287,0.000545793,0.000559004,0.000562241,0.000584259,0.000584071,0.000592991,0.000614784,0.000628936,0.000651971,0.000667741,0.000700599,0.000715354,0.000737184,0.000761987,0.000810052,0.000836474,0.000882204,0.000906217,0.000967756,0.001025757,0.001086768,0.00115064,0.001227498,0.001301231,0.001407371,0.001522921,0.001649574,0.001806526,0.001984856,0.002160024,0.00234671,0.002593241,0.002840186,0.003124995,0.003360084,0.003683359,0.00396177,0.004256214,0.004521,0.004777768,0.005064045,0.005212829,0.005431809,0.005590868,0.005701713,0.005817376,0.00585381,0.005858703,0.005885313,0.005878124,0.005849142,0.005794605,0.005802697,0.005726667,0.005614167,0.005559704,0.005505429,0.005418222,0.005354274,0.005265297,0.005142709,0.00506796,0.004986096,0.004913755,0.004861175,0.004764595,0.004684087,0.004675392,0.004587093,0.004513209,0.004464015,0.004403004,0.004351138,0.004290766,0.004259828,0.004175781,0.00410935,0.004058387,0.004024362,0.003980627,0.003952059,0.003927895,0.003916416,0.003872304,0.003886644,0.00387731,0.003882428,0.003897446,0.003873847,0.003882315,0.003844677,0.003867749,0.003855555,0.003814755,0.003830902,0.003820024,0.003830487,0.003816486,0.003804329,0.003791494,0.003796688,0.003782762,0.003772524,0.003785322,0.003749151,0.003773051,0.003754985,0.003745914,0.003738499,0.003727471,0.003737295,0.003747232,0.003731725,0.003715804,0.003713169,0.003725288,0.003717121,0.003728977,0.003724159,0.003707335,0.003724385,0.003713282,0.003729692,0.003738838,0.003706545,0.003713357,0.003695968,0.003700899,0.003709104,0.003739215,0.003701388,0.003738424,0.003723444,0.00370805,0.003711475,0.003719981,0.003706206,0.003734924,0.003710835,0.003733494,0.003705415,0.003717121,0.003725477,0.003741435,0.003713056,0.003735375,0.003720809,0.00374806,0.003730859,0.003763905,0.003774595,0.003782649,0.003785698,0.003774218,0.003787655,0.003793451,0.003819949,0.003788295,0.003821379,0.003829245,0.003839634,0.003849645,0.003851076,0.003843887,0.00386918,0.0038577,0.003898801,0.003885439,0.003894548,0.003926465,0.003917733,0.003935235,0.003933842,0.003965948,0.003989283,0.00402903,0.004091057,0.004130013,0.00415237,0.00424481,0.004277932,0.004339771,0.004407144,0.004472635,0.0044939,0.004559353,0.004630941,0.004688754,0.004757556,0.004809384,0.004867498,0.004931295,0.005041688,0.005119223,0.005231648,0.005294128,0.005424959,0.005487627,0.005579125,0.005655004,0.005742701,0.005812257,0.005876242,0.005957353,0.006008315,0.006061874,0.006045915,0.006087393,0.006077231,0.006064208,0.005998717,0.005939663,0.005832356,0.005723017,0.005532868,0.005357059,0.005172443,0.004917595,0.004662557,0.004407897,0.004097117,0.003812346,0.003533295,0.003268435,0.002990137,0.002725578,0.002472234,0.002315734,0.002060095,0.00187164,0.001699557,0.001574674,0.00144245,0.001345268,0.001249328,0.001174277,0.001118497,0.001048302,0.000975999,0.000918036,0.000891162,0.000840012,0.000805573,0.000766241,0.000746104,0.000707186,0.000695518,0.000662171,0.000646024,0.000630667,0.000618284,0.000595927,0.000585539,0.000584184,0.000558214,0.000543083,0.000532356,0.000528178,0.00051843,0.000506273,0.000510639,0.00050744,0.000485308,0.000483351,0.000476651,0.000472436,0.000468333,0.000461747,0.000447143,0.000446089,0.000445299,0.000439992,0.000444019,0.000434346,0.000441121,0.000429867,0.000431674,0.000423017,0.000426141,0.000423054,0.000415527,0.000417333,0.00041899,0.000417597,0.000417221,0.000410521,0.000413984,0.00040879,0.000410257,0.000403859,0.00040288,0.000407058,0.000398401,0.000395541,0.000395691,0.000384551,0.000388766,0.000376609,0.000383196,0.000392304,0.000383572,0.000374012,0.000375141,0.000377023,0.000373522,0.000365656,0.000363398,0.000360311,0.000357338,0.000367914,0.000350488,0.000347816,0.00033054,0.000327679,0.0003267,0.000316049,0.000310328,0.00030487,0.000298622,0.000301106,0.000296138,0.000292111,0.000284094,0.000279276,0.000276077,0.00026614,0.000260495,0.000256242,0.000259516,0.000253306,0.000245929,0.000248375,0.000246456,0.000242315,0.000241864,0.000219168,0.000226281,0.000223572,0.000214312,0.000213974,0.000212393,0.000210285,0.00020543,0.000200763,0.000212017,0.000202833,0.000200989,0.000200462,0.000199746,0.000196096,0.000196208,0.000192821,0.00018789,0.000184051,0.000178067,0.000184541,0.000183901,0.000183863,0.000181153,0.000185331,0.000184202,0.00018902,0.000176524,0.000171367,0.000177352,0.00017404,0.000176373,0.000157817,0.000163501,0.000164668,0.000171555,0.000161242,0.000166286,0.000162936,0.000160226,0.000154392,0.000181567,0.00016798,0.000159963,0.000167716,0.000168243,0.000169448,0.000181266,0.00015778,0.000152247,0.000150854,0.000159586,0.00016049,0.000146375,0.000153564,0.0001361,0.000142273,0.000138245,0.000147693,0.000141595,0.000135648,0.000145698,0.000135009,0.000132826,0.000132863,0.000128347,0.000120781,0.000119803,0.000117469,0.000118674,0.000113555,0.000116716,0.000109603,0.000110807,0.000105274,0.000105952,0.000103769,9.81E-05,0.000101849,9.31E-05,9.22E-05,9.11E-05,8.45E-05,8.52E-05,9.35E-05,8.79E-05,7.84E-05,8.82E-05,8.31E-05,7.80E-05,7.32E-05,7.71E-05,7.29E-05,6.82E-05
CH?NG,HNGH045,HNGH045,7.24E-05,7.23E-05,8.66E-05,7.65E-05,7.61E-05,8.13E-05,8.75E-05,8.99E-05,8.80E-05,9.53E-05,9.53E-05,9.74E-05,9.57E-05,0.000105856,9.97E-05,0.000105035,0.000106608,0.000116626,0.000119327,0.00010972,0.000119362,0.000116455,0.00012155,0.000119054,0.000114985,0.000118575,0.000120866,0.000126644,0.000127978,0.000136731,0.00012767,0.000130371,0.000133414,0.000136389,0.000132525,0.000143364,0.00014121,0.000134884,0.000139329,0.00014668,0.000156972,0.000157553,0.000151809,0.000144834,0.000153416,0.000147091,0.000152766,0.000148937,0.000149245,0.000162408,0.000159228,0.000155502,0.000153074,0.000160254,0.000153313,0.000157553,0.000164494,0.000155775,0.000162442,0.000167981,0.000178034,0.00017352,0.000164049,0.000164289,0.000159981,0.000163537,0.000171469,0.000169212,0.000176598,0.000172392,0.000174375,0.000180051,0.000178547,0.000182034,0.000183675,0.000175503,0.000182376,0.000184393,0.000192497,0.000187983,0.000196736,0.000202104,0.000198446,0.000204669,0.000202446,0.000210755,0.000214105,0.000207575,0.000221388,0.000223611,0.00022385,0.000221456,0.000226414,0.000225252,0.000241595,0.000248126,0.000252263,0.000248741,0.000254143,0.000256263,0.000255545,0.000263101,0.000269598,0.000269666,0.000281907,0.000290078,0.000288027,0.000288847,0.00029548,0.000305225,0.000302148,0.000308986,0.000316508,0.000317978,0.000328236,0.000325705,0.00033504,0.000343724,0.000349605,0.000356443,0.000359555,0.000354221,0.000362769,0.000363384,0.00036906,0.000374565,0.00037436,0.000387933,0.000385574,0.000380104,0.000391797,0.000392686,0.00039655,0.000406089,0.000393985,0.000403696,0.000400379,0.000413474,0.000409098,0.000407901,0.000415799,0.000409611,0.00040267,0.000408414,0.000418911,0.000422056,0.000420928,0.000428758,0.000425817,0.000430946,0.000422432,0.000420723,0.000432416,0.000427082,0.00044028,0.000438639,0.000437853,0.000437989,0.000445477,0.000457171,0.000450572,0.000461239,0.000467496,0.000475429,0.000481857,0.000485378,0.000493242,0.000509312,0.000515227,0.000518715,0.000533691,0.000537417,0.000534956,0.000560975,0.000572634,0.000580943,0.000602928,0.000602586,0.000627716,0.000626998,0.000662489,0.000681978,0.0007134,0.000728922,0.00074424,0.000760071,0.000822982,0.000827769,0.000882167,0.000920256,0.000975851,0.001033019,0.001080545,0.001154227,0.00122661,0.001311336,0.001421636,0.001510705,0.00165824,0.001807655,0.001993553,0.002182699,0.002354236,0.002598908,0.002849256,0.003106921,0.003380177,0.003648202,0.003949974,0.004240052,0.004500931,0.004742013,0.00500214,0.005208382,0.005392877,0.005538156,0.005670715,0.005786999,0.005766587,0.005809942,0.005799513,0.005804916,0.005795889,0.005778554,0.005733353,0.005649004,0.005583869,0.005516957,0.005449293,0.005345933,0.005322409,0.005177986,0.005104714,0.005033015,0.004940528,0.004860007,0.004821371,0.004757468,0.004682999,0.004642004,0.004549243,0.00451601,0.004444687,0.004413265,0.004345908,0.004299237,0.00423571,0.004213178,0.004115596,0.004075866,0.004056377,0.004003312,0.003959753,0.00391421,0.003914381,0.003898072,0.003903269,0.003887575,0.003887302,0.003894277,0.00390026,0.00386983,0.003872599,0.003857179,0.003882344,0.003860564,0.003847469,0.003847366,0.003813175,0.003851401,0.003818509,0.003814679,0.003806405,0.003810064,0.003769991,0.003768111,0.00375693,0.003758982,0.003757204,0.003782403,0.003751289,0.003743117,0.003761033,0.003755973,0.003739937,0.003737954,0.003743835,0.003744109,0.003741271,0.003751631,0.003737339,0.0037265,0.003729167,0.003745716,0.00369819,0.003737202,0.00368212,0.003735287,0.003708926,0.003737612,0.003746502,0.003747425,0.003770709,0.003759255,0.003729338,0.003701985,0.003706259,0.003721474,0.003719047,0.003740348,0.003730603,0.003721372,0.003744109,0.003736176,0.003743562,0.003745305,0.003752896,0.003769034,0.003751562,0.003769957,0.003758059,0.003786266,0.00378042,0.003808935,0.003803191,0.003795635,0.003817073,0.003817893,0.003843947,0.003834066,0.003854888,0.003865898,0.00386012,0.003846067,0.003877762,0.003878446,0.003911441,0.003926416,0.003898995,0.003928707,0.003928844,0.003925356,0.003942042,0.003970455,0.003947752,0.003981601,0.004038871,0.004030529,0.004092004,0.004135906,0.004153412,0.004206476,0.00430228,0.004348507,0.004395588,0.004442396,0.004543841,0.004574408,0.004618446,0.004671203,0.00472567,0.004750561,0.004839219,0.004892763,0.004984566,0.005053632,0.005182054,0.005269755,0.005377457,0.005469329,0.005511692,0.005611564,0.005683298,0.005785734,0.005832747,0.005863348,0.005916858,0.005968726,0.006011054,0.00602497,0.006011841,0.005980795,0.005920243,0.005869674,0.005764331,0.005648901,0.005555388,0.005333316,0.005117399,0.004901892,0.004635439,0.004394733,0.004091423,0.003818509,0.003535611,0.003244609,0.002979867,0.002730715,0.002493121,0.00228411,0.002080193,0.001893441,0.001724365,0.001588968,0.001430013,0.00134539,0.001258647,0.001181341,0.001122874,0.001047414,0.000972364,0.000932873,0.000899947,0.000852045,0.00081293,0.000769918,0.000751523,0.000725332,0.000699997,0.000686833,0.000647787,0.000636675,0.0006337,0.000613732,0.000584054,0.00057407,0.000560394,0.000556975,0.000533075,0.000537349,0.000523707,0.000523638,0.000510372,0.000505415,0.000496217,0.000492593,0.000481173,0.000492524,0.000465308,0.00046565,0.000447802,0.000462949,0.000452179,0.00044664,0.000442913,0.000442263,0.000441032,0.000434263,0.000433716,0.000429134,0.000431014,0.000428279,0.000417441,0.000420142,0.000414876,0.000415013,0.00041197,0.000424347,0.000410021,0.000408859,0.000416517,0.000409508,0.000410602,0.000419218,0.000409474,0.000398157,0.000396481,0.000392139,0.000394874,0.000390737,0.000384378,0.000388686,0.00038366,0.000379386,0.0003773,0.000385232,0.00037665,0.000369265,0.000365231,0.000361264,0.000361264,0.000360683,0.000342972,0.000345468,0.000331928,0.000341331,0.000328646,0.000325056,0.000316098,0.000302934,0.000307994,0.000305088,0.000298763,0.000285291,0.000284334,0.000281804,0.000272777,0.000270623,0.000259477,0.000250895,0.000255443,0.000255101,0.000251921,0.000246006,0.00024792,0.00024857,0.00024139,0.000230175,0.000223508,0.000233116,0.000219918,0.000216294,0.000209831,0.000216943,0.000211268,0.000202788,0.000208772,0.000205899,0.000208601,0.00020207,0.000198275,0.000196634,0.000196599,0.000193659,0.000186,0.000183436,0.000176666,0.000182239,0.000186034,0.000185145,0.000179162,0.000183504,0.00019489,0.000184701,0.000169383,0.000173418,0.000172837,0.000172939,0.000169076,0.000167845,0.000168802,0.000169144,0.00016658,0.000157143,0.000166956,0.000166545,0.000165109,0.000152664,0.000180051,0.000165656,0.000157621,0.000167742,0.000163571,0.000177384,0.000183162,0.000157861,0.000156698,0.000150612,0.000164631,0.000155604,0.000149074,0.000153724,0.000145415,0.000139295,0.000141176,0.00015157,0.000133756,0.000139227,0.000148971,0.000132764,0.000134919,0.00013444,0.000129824,0.000122952,0.000124046,0.000117105,0.000120763,0.000112968,0.00012237,0.00011095,0.000112421,0.000110096,0.000111087,0.000104557,9.62E-05,0.000109412,9.59E-05,8.92E-05,8.89E-05,8.87E-05,9.11E-05,9.84E-05,9.05E-05,8.36E-05,8.95E-05,8.56E-05,7.97E-05,7.75E-05,7.43E-05,7.55E-05,7.10E-05
,HNGH046,#N/A,7.64E-05,7.13E-05,7.95E-05,7.72E-05,7.47E-05,7.94E-05,8.39E-05,8.91E-05,8.61E-05,8.99E-05,8.98E-05,9.18E-05,0.000101221,0.000106422,0.000100044,0.000100841,9.97E-05,0.000112915,0.000118876,0.00011094,0.000123318,0.000120736,0.000117964,0.00011785,0.000119103,0.000112991,0.00011899,0.000121154,0.000131557,0.000133379,0.000129431,0.000135126,0.000136644,0.000137214,0.000130987,0.000145035,0.000132582,0.000140783,0.000136948,0.000145111,0.000154413,0.000147237,0.000145187,0.000143023,0.000149629,0.000143213,0.000147655,0.000143099,0.000148566,0.000156691,0.00015783,0.000157299,0.000150578,0.000157033,0.00014868,0.000148414,0.000163449,0.000158362,0.000164209,0.000170587,0.000178712,0.000166676,0.0001584,0.000161171,0.00016307,0.000166069,0.000168195,0.000165689,0.000170777,0.000171802,0.000171233,0.00017913,0.000179471,0.000172182,0.00017689,0.000178712,0.000174801,0.000178143,0.000186913,0.00018866,0.000188356,0.000199101,0.000185964,0.000195911,0.000202024,0.000205479,0.000211478,0.000211516,0.000216755,0.000218881,0.000211971,0.000219337,0.000230879,0.000226285,0.000234068,0.000240409,0.000241662,0.000239004,0.000251154,0.000253242,0.000248838,0.00025366,0.000273061,0.000265619,0.000275225,0.000284071,0.000278946,0.00027887,0.000285742,0.00029717,0.000302865,0.00030389,0.0003108,0.000317065,0.000321355,0.00032743,0.000327962,0.000329404,0.00035059,0.00035078,0.000352944,0.000353931,0.000352488,0.000358297,0.000368169,0.000367485,0.000373332,0.000385102,0.000377167,0.000375231,0.000382369,0.000381761,0.00039448,0.000392506,0.00038962,0.00039224,0.000391481,0.000400175,0.000404162,0.000394784,0.000409174,0.000405035,0.000401542,0.000411148,0.000410768,0.000416805,0.000412932,0.000419197,0.000419766,0.000414451,0.000412932,0.000425424,0.000432334,0.000421513,0.000432865,0.000445508,0.000434118,0.000437307,0.000444028,0.000452722,0.000452191,0.000450064,0.000464606,0.000466428,0.000484083,0.000475882,0.000496005,0.0005058,0.000514837,0.000511647,0.000520456,0.000524784,0.000540958,0.000553943,0.000566586,0.000581089,0.000590923,0.000597757,0.000622246,0.000627144,0.000655695,0.000674413,0.000698522,0.000720012,0.000742754,0.000774837,0.000799743,0.000834559,0.000884752,0.000913721,0.000976747,0.00103552,0.001085067,0.001140917,0.001219851,0.001303379,0.001413067,0.001538321,0.001676104,0.001815824,0.001977413,0.002170249,0.002372425,0.002609075,0.002851876,0.003123152,0.00339982,0.00366673,0.003954446,0.00425359,0.004540016,0.004788967,0.005018631,0.005245828,0.005444359,0.005561981,0.005701663,0.005799277,0.005814008,0.005895334,0.005883109,0.00586553,0.005840092,0.005825322,0.005788418,0.005705422,0.005633626,0.005569992,0.005477732,0.005413909,0.005300463,0.005215985,0.005130141,0.005076949,0.0049826,0.004901768,0.004867294,0.004786575,0.004690328,0.004667776,0.004560556,0.004524601,0.00444616,0.004426911,0.004349154,0.004302606,0.004242694,0.004187717,0.004140562,0.004086382,0.004047542,0.003999171,0.003974113,0.003946814,0.003893395,0.003882878,0.003919212,0.003882688,0.003895786,0.003885611,0.003889104,0.00388003,0.003857174,0.003855579,0.00385444,0.003854288,0.003857174,0.003839025,0.003832837,0.00383838,0.003800489,0.003805424,0.003787694,0.003771292,0.003766508,0.003779189,0.003757548,0.003762673,0.003748967,0.00375956,0.003735451,0.003737539,0.003744183,0.003742247,0.003709595,0.003737767,0.003730857,0.003706709,0.003709861,0.003760851,0.003727098,0.003704621,0.00371248,0.003716315,0.003719504,0.00374274,0.003699496,0.003700521,0.003727553,0.003734995,0.003741829,0.0037506,0.003731084,0.003763281,0.003714189,0.003707089,0.003722807,0.003694674,0.003701849,0.003715859,0.003715556,0.003695965,0.003713012,0.003718973,0.003706861,0.003737956,0.00372034,0.003741032,0.003741032,0.003749954,0.003751169,0.003774367,0.003785036,0.003786858,0.003799236,0.00380083,0.003811461,0.003785605,0.003834393,0.003814612,0.003858768,0.003817498,0.003834507,0.003862223,0.003864805,0.003875512,0.003872095,0.003885194,0.003906645,0.003922212,0.00391758,0.003906721,0.003939829,0.003946511,0.003946055,0.003990743,0.004031102,0.004030191,0.004094583,0.004122907,0.004182364,0.004206169,0.004268777,0.004352685,0.004386666,0.00446708,0.004503225,0.004566137,0.004622898,0.004667889,0.004760188,0.004773401,0.004874887,0.004909323,0.005014341,0.005095439,0.005191269,0.005274987,0.005405214,0.005500474,0.005581838,0.005664379,0.005704093,0.005822209,0.005880755,0.005920241,0.005984367,0.006003389,0.006025714,0.006070212,0.006088474,0.006028903,0.00598395,0.005903269,0.005811085,0.005707244,0.00557789,0.005356578,0.00517836,0.004926523,0.004661207,0.004405156,0.004100506,0.003818561,0.003519151,0.003250684,0.002996569,0.002713978,0.002499577,0.002283353,0.002059726,0.001880103,0.001708035,0.001581907,0.001435392,0.00136276,0.001269247,0.001187275,0.001113998,0.001050631,0.000965281,0.000922681,0.000893978,0.000838736,0.000793517,0.00076151,0.000737363,0.000719404,0.00069389,0.00066906,0.000650873,0.00063132,0.000620196,0.000594682,0.000586101,0.000567649,0.000563245,0.000552272,0.000527404,0.000541869,0.000511609,0.000517608,0.000504775,0.000502991,0.000491942,0.000492094,0.000478654,0.000474136,0.000465251,0.000458911,0.000450444,0.000453975,0.000447255,0.000441446,0.0004408,0.000429296,0.000442395,0.000430739,0.000425386,0.000421285,0.0004255,0.0004225,0.000415362,0.000410047,0.000413312,0.000409098,0.000417109,0.000408604,0.000405415,0.000406326,0.000400099,0.000397518,0.000396644,0.000402339,0.000397859,0.000400669,0.000393303,0.000394101,0.00039186,0.000383698,0.000379939,0.000380053,0.0003859,0.000372573,0.000377699,0.000379141,0.000364486,0.000363917,0.00035564,0.000361866,0.000349907,0.000362132,0.000342047,0.000346224,0.000331151,0.000328379,0.000324203,0.00031304,0.000308598,0.000296259,0.000301498,0.000297056,0.000292044,0.000278528,0.000276782,0.000275149,0.000275529,0.00026953,0.000260532,0.000254343,0.000254153,0.000253166,0.000242345,0.000246787,0.000240143,0.000243978,0.000241776,0.000227424,0.000224577,0.000221046,0.000219869,0.00021125,0.000214781,0.000213908,0.000207795,0.000201606,0.000206011,0.000206162,0.000208061,0.000201075,0.000192836,0.00019929,0.000192228,0.0001838,0.00018399,0.000187141,0.000179699,0.00017932,0.000180269,0.000181332,0.000178256,0.000180003,0.000178864,0.000185356,0.000170853,0.000174915,0.000171726,0.00016736,0.00016998,0.000167929,0.000161817,0.000158476,0.000168043,0.000154603,0.000161475,0.000159804,0.000162804,0.000154147,0.000174042,0.000161285,0.000158855,0.000164588,0.000158703,0.000168195,0.000179927,0.000157374,0.000152211,0.000145832,0.000153198,0.000155476,0.00014344,0.000148832,0.000138808,0.000135695,0.000135923,0.000151072,0.000128405,0.000135543,0.000151983,0.000128937,0.000134214,0.000126621,0.000125862,0.000119141,0.0001188,0.000112649,0.000117053,0.000113826,0.000119939,0.00011375,0.00010927,0.000111776,0.000103765,0.000102436,0.000100461,0.000106232,9.42E-05,8.78E-05,8.87E-05,8.87E-05,8.85E-05,9.80E-05,8.62E-05,8.37E-05,8.68E-05,8.35E-05,8.00E-05,7.22E-05,7.37E-05,7.44E-05,6.77E-05
CH?NG,HNGH047,HNGH047,7.44E-05,7.58E-05,8.11E-05,7.65E-05,7.80E-05,7.67E-05,8.81E-05,8.92E-05,8.72E-05,9.49E-05,1.00E-04,9.77E-05,9.53E-05,0.000100512,9.98E-05,0.00010217,0.000108238,0.000115323,0.000115097,0.000110499,0.000116228,0.000120373,0.000120524,0.000115625,0.000121089,0.000118753,0.000120713,0.000127986,0.000131567,0.000136956,0.000129946,0.000138237,0.000134544,0.000138426,0.000138991,0.000144606,0.000137823,0.000141403,0.000140536,0.000149996,0.000156289,0.000153463,0.000152558,0.000147772,0.000161302,0.000152521,0.000151428,0.000150825,0.000148978,0.000158174,0.000154028,0.000159757,0.000155121,0.000166729,0.000152935,0.000157081,0.000163186,0.000158211,0.000163638,0.000167897,0.00017698,0.000172043,0.000168651,0.000166163,0.000166163,0.000164204,0.000173136,0.000169706,0.000177847,0.000178487,0.000176226,0.00017698,0.000178487,0.000179354,0.000184743,0.000180635,0.000184065,0.000182369,0.000193751,0.000194052,0.000196879,0.000201853,0.000195673,0.00020076,0.000204755,0.000208147,0.00021821,0.000210898,0.000218511,0.000224692,0.000220622,0.000222092,0.000227292,0.000233812,0.00024037,0.000241614,0.000247681,0.000252769,0.000256575,0.000257141,0.000257518,0.000261023,0.000269351,0.000272555,0.000284916,0.000290569,0.00028812,0.000293848,0.00029268,0.000292077,0.000302554,0.000309941,0.000318948,0.000322867,0.000323998,0.000331536,0.000337716,0.000339864,0.000357992,0.000362552,0.000363042,0.000366133,0.000363042,0.000365303,0.00036862,0.000378795,0.00038181,0.000392966,0.000387953,0.000396509,0.000397074,0.000395114,0.000394398,0.000397488,0.000397903,0.000404347,0.000400089,0.00040642,0.000411998,0.000412488,0.00041196,0.000419121,0.0004149,0.000413506,0.000415088,0.000432538,0.000420855,0.000427224,0.000428505,0.000422588,0.000414636,0.000431181,0.000426771,0.00042858,0.000441168,0.000433367,0.000448856,0.000448705,0.000456959,0.000456318,0.000455602,0.000462273,0.000473315,0.000475803,0.000482926,0.000495815,0.000499207,0.000517711,0.000520651,0.000512246,0.000530864,0.00052898,0.000545298,0.000562107,0.000578651,0.000590749,0.000598739,0.000610761,0.000625497,0.000641853,0.000662506,0.00068086,0.000697442,0.000722127,0.00075582,0.000771686,0.000807301,0.000843104,0.000896846,0.000924018,0.000983037,0.00103546,0.001087054,0.001142002,0.001228833,0.001302663,0.001413991,0.001533913,0.001669172,0.001836466,0.001993849,0.002180024,0.002358587,0.00259809,0.002843208,0.003106115,0.003379839,0.003683297,0.003956681,0.004241183,0.00452625,0.004804495,0.005046486,0.005260475,0.00540787,0.005615678,0.005731227,0.005813235,0.005831815,0.005876436,0.005905833,0.0058666,0.005849565,0.00577257,0.005791941,0.005710085,0.005626268,0.005559297,0.005470431,0.005399805,0.005307961,0.005209333,0.005144963,0.005056285,0.004952607,0.004878777,0.004800877,0.004767411,0.004680391,0.004627779,0.004554817,0.004500622,0.004447596,0.004379081,0.004343428,0.0042673,0.0042171,0.00414655,0.004108749,0.004032282,0.004014833,0.003992446,0.003946129,0.003901657,0.00388206,0.003876482,0.003872751,0.00385289,0.003858694,0.003853719,0.003879686,0.003869548,0.003837551,0.003832237,0.003838418,0.003818519,0.003838833,0.003798733,0.003821308,0.003791007,0.003797603,0.003785807,0.003782942,0.00376327,0.003793457,0.003752076,0.003740732,0.003726901,0.003753132,0.003747667,0.003729954,0.003718497,0.003740318,0.003735155,0.003710733,0.003744162,0.003709113,0.003699766,0.003692116,0.003730519,0.003702706,0.00372709,0.00372464,0.00371665,0.003719778,0.003696714,0.003717969,0.003694942,0.003704327,0.003743597,0.003709867,0.00373165,0.003721663,0.003741976,0.003695545,0.003719552,0.00370998,0.003742541,0.003703874,0.00371111,0.003712354,0.003710432,0.003720758,0.003715256,0.003699427,0.003690005,0.003699465,0.00373425,0.003733007,0.00374469,0.003744916,0.003742994,0.003763194,0.003783282,0.003773634,0.003772541,0.003779061,0.003789274,0.003803746,0.003824511,0.003847576,0.003846182,0.003823268,0.003850327,0.003847538,0.003847802,0.003857789,0.003899962,0.00388549,0.003882098,0.003882776,0.003893479,0.003903806,0.003920614,0.00391319,0.003972397,0.003976203,0.00400575,0.004069366,0.004101099,0.004155029,0.004218118,0.004256408,0.00431799,0.00438447,0.004461691,0.004489354,0.004534466,0.00457905,0.004653558,0.004736244,0.0047425,0.004822397,0.004893249,0.005001826,0.00508308,0.00516343,0.005289833,0.005406739,0.005478722,0.0055775,0.00566633,0.005743325,0.005814855,0.005896448,0.005930028,0.005967791,0.006027977,0.006044183,0.006089257,0.006087033,0.00602745,0.005992627,0.005934701,0.005820659,0.005743664,0.005581156,0.005384127,0.005155666,0.004899995,0.004667954,0.004409834,0.00410679,0.003834989,0.003536128,0.003256563,0.00300402,0.002736779,0.00246984,0.002279443,0.002084487,0.001874493,0.001712061,0.001574163,0.001445875,0.001355689,0.001270704,0.001172265,0.001124741,0.001051364,0.000990725,0.000910036,0.00089123,0.000841332,0.000802853,0.000769462,0.000752616,0.000720092,0.000689151,0.000673586,0.000659001,0.000631263,0.000627306,0.000604317,0.000591767,0.000581139,0.000562785,0.000560486,0.000534972,0.000534407,0.000521781,0.000522422,0.000511304,0.000501016,0.000493101,0.00049491,0.000479195,0.000484508,0.000472072,0.000469094,0.000454547,0.000459183,0.00044015,0.000452286,0.000440452,0.000448253,0.000444786,0.000445502,0.000432311,0.000426809,0.0004299,0.000428279,0.000425942,0.000409548,0.00042093,0.000416181,0.000422249,0.000422174,0.000412714,0.000410905,0.000406194,0.000410114,0.000400654,0.000407664,0.000409171,0.000400202,0.000402199,0.000389725,0.000400202,0.000395717,0.000392174,0.000383808,0.00039274,0.000386107,0.000389762,0.000379248,0.000375366,0.000372464,0.000364738,0.000363231,0.00035004,0.000363268,0.000348872,0.00035607,0.000332666,0.000336925,0.000339601,0.000323659,0.00031484,0.000306285,0.000299878,0.000311147,0.00029577,0.000294677,0.000289062,0.000287253,0.000270331,0.000275532,0.000267203,0.000260306,0.000262229,0.000256236,0.000254013,0.000251299,0.000248661,0.000245721,0.000243686,0.000230684,0.000229704,0.00022993,0.000217946,0.000216363,0.000210861,0.000217192,0.000212217,0.000199818,0.00021429,0.000203059,0.00020777,0.000203361,0.000200308,0.000198424,0.000195823,0.00018855,0.000189567,0.000187608,0.000181879,0.000185158,0.000191226,0.00018301,0.000184668,0.000189756,0.000189153,0.0001861,0.000180334,0.000176301,0.00017747,0.000176151,0.000172231,0.000166503,0.000167445,0.000166616,0.000170611,0.000164769,0.000169518,0.000165372,0.000165447,0.000158362,0.000182181,0.000164882,0.00015987,0.000171289,0.000166842,0.00017404,0.000182972,0.000160887,0.000156968,0.000155611,0.000165937,0.000155083,0.000147885,0.000157005,0.000140461,0.000142458,0.000145963,0.000152332,0.000136127,0.000140725,0.000150523,0.000137747,0.000138916,0.000138652,0.000126629,0.000125612,0.000123464,0.000118301,0.000119996,0.000117019,0.0001232,0.000117773,0.000111818,0.000109708,0.000108276,0.000105449,9.90E-05,0.000103904,9.76E-05,9.21E-05,9.27E-05,8.88E-05,9.39E-05,9.89E-05,8.59E-05,8.67E-05,9.32E-05,8.50E-05,8.27E-05,7.61E-05,7.39E-05,7.41E-05,7.46E-05
CH?NG,HNGH048,HNGH048,7.33E-05,7.11E-05,8.02E-05,7.29E-05,7.77E-05,8.03E-05,8.57E-05,8.74E-05,8.37E-05,9.10E-05,9.01E-05,9.02E-05,9.40E-05,9.95E-05,9.99E-05,0.000101336,0.000100103,0.000105712,0.000110859,0.000107099,0.000114742,0.000110212,0.000116869,0.000114372,0.000112801,0.000112585,0.000115544,0.000120167,0.000126176,0.000130799,0.00012405,0.000128303,0.000129413,0.000135207,0.000134313,0.0001361,0.000133943,0.000139706,0.000136994,0.000144668,0.00015037,0.000149846,0.000145439,0.000142758,0.000144576,0.000145038,0.000147689,0.000149168,0.000147072,0.000155178,0.000157674,0.000150956,0.000152743,0.000153144,0.000147997,0.000153021,0.000161157,0.000153606,0.000167999,0.000165503,0.000176166,0.000171019,0.000163345,0.000161589,0.000162513,0.000161065,0.000166982,0.000167968,0.00017179,0.000166211,0.000172067,0.000172375,0.000173855,0.000175211,0.000182916,0.000174564,0.000179957,0.000182115,0.000188525,0.000185536,0.00019321,0.000199374,0.000191422,0.000198942,0.000201778,0.000207664,0.000209267,0.000204151,0.000219499,0.000214414,0.00021617,0.000221656,0.000230471,0.000224307,0.000236912,0.000239624,0.000245388,0.000249179,0.000250257,0.000258764,0.000250134,0.000259565,0.000272139,0.00026727,0.000281694,0.000282341,0.000285207,0.000283758,0.000283913,0.000295316,0.000300309,0.000309616,0.000317784,0.000312113,0.000317845,0.000321852,0.000327276,0.000331899,0.000348696,0.000351223,0.000349374,0.000358682,0.000355784,0.000355569,0.00036953,0.000368297,0.000372674,0.000379146,0.000381149,0.000384601,0.000387683,0.000381642,0.000395635,0.000401552,0.000398223,0.000393909,0.000400936,0.000409349,0.000410366,0.000407747,0.000412647,0.00041314,0.000411692,0.000410089,0.000420321,0.000423619,0.000413787,0.000420568,0.000420229,0.000427934,0.000426239,0.00042778,0.000434714,0.000427533,0.000434991,0.000442974,0.000437303,0.000447874,0.000450401,0.000456103,0.000457983,0.000455887,0.000467198,0.00047404,0.000475982,0.000481006,0.000492224,0.000506987,0.000512134,0.000514692,0.000523414,0.00053793,0.000542614,0.000560182,0.000568503,0.000582464,0.000590601,0.000604285,0.000625304,0.000631715,0.000651193,0.000670948,0.00069394,0.000716161,0.000732496,0.000773394,0.000808467,0.000828869,0.000862555,0.000913562,0.000967096,0.001028058,0.001064117,0.001124247,0.001202313,0.001287222,0.001401163,0.001512793,0.001651051,0.001786905,0.001977618,0.002129775,0.002337255,0.002589916,0.002811634,0.003076685,0.003342475,0.003640565,0.003883857,0.004195107,0.004453932,0.004727705,0.005009182,0.0051696,0.00536056,0.005504827,0.005651252,0.00576658,0.00577259,0.005823967,0.005853461,0.005831734,0.005807879,0.005785812,0.005731661,0.005674676,0.005643085,0.005574049,0.005483315,0.005419826,0.005336212,0.005243567,0.005161032,0.005053255,0.005007795,0.004938358,0.004852679,0.004784475,0.00468394,0.004644337,0.004583776,0.004523061,0.004491255,0.004433899,0.00438619,0.004294655,0.004230395,0.004197634,0.004151897,0.004063999,0.004031792,0.004013269,0.003972649,0.00392682,0.003908174,0.003913475,0.00390466,0.003891192,0.003897541,0.003905924,0.003904414,0.003890668,0.003878032,0.003872392,0.003866043,0.003863238,0.003868632,0.003853992,0.003863731,0.003858461,0.003846781,0.003838552,0.003831124,0.003819443,0.003818519,0.003800427,0.003770995,0.003798609,0.003766618,0.003798886,0.003756817,0.003770378,0.003756201,0.003775124,0.003749451,0.003763135,0.0037509,0.003746493,0.003767142,0.003752102,0.003748311,0.003737463,0.003730466,0.003768775,0.003759036,0.003738634,0.003725843,0.003767851,0.003751239,0.003764892,0.003737463,0.003745507,0.003768529,0.003801968,0.003742301,0.003739404,0.003744027,0.003754167,0.003726491,0.00375278,0.003737031,0.003735737,0.003758697,0.003751701,0.003755554,0.003758913,0.003763444,0.003770471,0.003744459,0.003775648,0.003786959,0.003787175,0.003777128,0.003823265,0.003817779,0.003812694,0.003847705,0.003822217,0.003885521,0.003859971,0.003874919,0.003847859,0.00387569,0.003865673,0.003880621,0.003884412,0.003893688,0.003905153,0.003903674,0.003934463,0.003915139,0.003923306,0.003966701,0.00396892,0.003953417,0.003996904,0.004029357,0.004078299,0.004109736,0.00413433,0.004170143,0.004234001,0.00429524,0.004338758,0.004413188,0.004490361,0.004511411,0.004585039,0.004629389,0.004678177,0.004759942,0.004775753,0.004846176,0.004946618,0.005022712,0.005128363,0.005209296,0.005302341,0.005401858,0.005494071,0.005577316,0.0056617,0.005757211,0.005788339,0.005874727,0.005887887,0.00594851,0.005964783,0.006003955,0.006013786,0.006042695,0.005969498,0.005925025,0.005853215,0.00576242,0.005618737,0.005487599,0.005314946,0.005074212,0.004839026,0.004615551,0.004347449,0.004023532,0.003771272,0.003474199,0.003210844,0.002955162,0.002687399,0.002450949,0.002247877,0.002026375,0.001864201,0.001697404,0.001551441,0.001431089,0.001323497,0.001239297,0.001175192,0.001104152,0.001027811,0.000969963,0.000911035,0.000885239,0.000837437,0.000801008,0.000767353,0.00073718,0.000711939,0.0006932,0.000670979,0.000647094,0.000635197,0.000627092,0.000608076,0.000582372,0.000581201,0.00057288,0.000545974,0.0005432,0.000526711,0.000514229,0.000516202,0.000518513,0.000500268,0.000495029,0.000490467,0.00047703,0.000476783,0.000462822,0.000464424,0.000451357,0.000453884,0.000443713,0.000442388,0.00044319,0.000438228,0.000441833,0.00043043,0.000431262,0.000426269,0.00042328,0.000419612,0.00041539,0.000416006,0.000418595,0.000413818,0.000410027,0.000418349,0.000408918,0.000410305,0.000406822,0.000407593,0.000407562,0.000399672,0.000405281,0.000399364,0.000400504,0.000389008,0.000392121,0.000386943,0.000384909,0.000380132,0.00038796,0.000377605,0.000384909,0.000374153,0.00037178,0.00036876,0.000365246,0.000358281,0.000352055,0.000366386,0.000344751,0.000339018,0.000324287,0.000323855,0.000319818,0.000315318,0.000312082,0.000304007,0.000300925,0.000300062,0.000293467,0.000285731,0.000278457,0.000278704,0.000270167,0.000265236,0.000258671,0.000258887,0.0002575,0.000252076,0.000249764,0.000242891,0.000247083,0.000241073,0.000239501,0.00022554,0.000218913,0.00022215,0.00021503,0.000210099,0.000212811,0.000216818,0.000202671,0.000199158,0.000209637,0.000201963,0.000199466,0.000202302,0.000193888,0.000194134,0.000192562,0.000188248,0.000186214,0.000184734,0.000177553,0.000184056,0.000178231,0.000185166,0.000182299,0.000187046,0.000182454,0.000178663,0.000167691,0.000169941,0.000170711,0.000167136,0.000169787,0.000163068,0.000161866,0.000164609,0.000167229,0.000157582,0.000162112,0.000158383,0.000163561,0.000159616,0.000174995,0.000161866,0.000160017,0.000164455,0.000158137,0.000164085,0.000170126,0.000153822,0.000146918,0.000149106,0.000157767,0.000149045,0.000144052,0.000147196,0.000135638,0.000134344,0.000134744,0.000145501,0.000127132,0.000133265,0.00014735,0.000132217,0.00013194,0.000127132,0.000123372,0.000120506,0.000120382,0.000111506,0.000114557,0.000112955,0.000113879,0.00011203,0.000110643,0.000108239,0.000106236,0.000100349,9.69E-05,9.93E-05,9.27E-05,8.96E-05,8.70E-05,8.63E-05,9.02E-05,9.19E-05,8.63E-05,8.10E-05,8.76E-05,7.92E-05,7.71E-05,7.13E-05,7.43E-05,7.36E-05,6.68E-05
,HNGH049,#N/A,7.32E-05,7.31E-05,7.82E-05,7.70E-05,7.77E-05,8.14E-05,8.54E-05,8.94E-05,8.59E-05,9.01E-05,9.26E-05,9.96E-05,9.52E-05,0.000101248,9.43E-05,9.90E-05,9.76E-05,0.000110349,0.00011435,0.000110849,0.000116083,0.000113749,0.000120484,0.000111216,0.00011875,0.000115283,0.000118817,0.000119084,0.000124318,0.000127018,0.000126451,0.000128885,0.000129152,0.000132819,0.000131552,0.000137219,0.000132519,0.000133552,0.000137319,0.00014082,0.000153155,0.000147721,0.000142954,0.000144821,0.000148921,0.000145987,0.000148288,0.000149121,0.000145187,0.000152588,0.000160156,0.000152088,0.000149354,0.000156355,0.000150288,0.000152088,0.000156422,0.000150688,0.000160123,0.000164623,0.000172124,0.000170157,0.000157256,0.000160423,0.000159356,0.00016289,0.000165623,0.000167224,0.000173891,0.000168924,0.000170424,0.000172391,0.000172458,0.000174458,0.000178725,0.000175992,0.000177458,0.000179459,0.000183693,0.00018736,0.00019036,0.000194628,0.000192861,0.000196861,0.000200562,0.000202862,0.000207063,0.000204229,0.00021463,0.000215731,0.000216431,0.000215864,0.000220931,0.000224098,0.000240267,0.0002343,0.000247802,0.000244568,0.000246968,0.000254836,0.00025627,0.000260604,0.00026247,0.000269271,0.00028014,0.000277873,0.000279573,0.000288508,0.000288674,0.000294942,0.000300176,0.000308044,0.000319812,0.000313144,0.000316812,0.000325846,0.000332847,0.000337048,0.000347816,0.000345549,0.000356784,0.000353717,0.000357484,0.00035505,0.000362318,0.000370586,0.000371453,0.000385721,0.000373853,0.000383921,0.000395023,0.000388088,0.000399657,0.00039889,0.000395356,0.000396489,0.000400857,0.000407758,0.000407591,0.000408558,0.000408758,0.000407858,0.00040349,0.000412125,0.000413959,0.000415359,0.000415292,0.000419593,0.000411758,0.000426527,0.000421893,0.000429461,0.000438229,0.00042536,0.000435762,0.000439262,0.000436862,0.000441796,0.00044413,0.000457465,0.000454031,0.000463399,0.000460465,0.000472634,0.000485202,0.000485535,0.000497604,0.000502471,0.000524508,0.000511972,0.00052034,0.000525574,0.000543144,0.000548544,0.000579149,0.00059045,0.000594484,0.000606353,0.000624355,0.000635257,0.000656793,0.000675229,0.000711401,0.000714501,0.000749406,0.000781711,0.000810148,0.000836518,0.000888226,0.000924331,0.000971304,0.001030479,0.001086387,0.001149829,0.001232641,0.001319087,0.001416467,0.001544652,0.001686706,0.001818658,0.002017486,0.002182542,0.002383071,0.002625738,0.002859038,0.003139311,0.00341545,0.003699491,0.003947392,0.004254802,0.004512939,0.004762574,0.005018977,0.005215805,0.005395931,0.005547952,0.005677837,0.005743347,0.00576685,0.005832459,0.005832559,0.005809189,0.005788353,0.005761349,0.005745747,0.005645199,0.005569755,0.005527416,0.005414533,0.00536456,0.005266679,0.005208538,0.005094055,0.005034546,0.004938399,0.004865689,0.004796212,0.004746539,0.004677929,0.004598218,0.00456338,0.004496137,0.004433028,0.004389722,0.004339981,0.004274605,0.00421023,0.004181059,0.004109515,0.004087779,0.004016469,0.004011568,0.003959661,0.003914754,0.00391032,0.003895685,0.003915121,0.003895352,0.00388155,0.003895852,0.003886817,0.003865514,0.003865481,0.003855046,0.003879783,0.003872448,0.003869048,0.003848012,0.003850612,0.003804972,0.003818574,0.003821341,0.003806439,0.003780102,0.003822775,0.003774768,0.003769867,0.003782302,0.003766767,0.003779135,0.003769,0.003772668,0.003771901,0.003779268,0.00374073,0.003759366,0.003759366,0.003735729,0.003761399,0.003769567,0.003754198,0.003758699,0.003761499,0.003773034,0.003750464,0.003761666,0.003739063,0.003756565,0.003760499,0.003749898,0.00374603,0.003753832,0.003747364,0.003803439,0.00374293,0.003755632,0.003761133,0.003738996,0.003742397,0.003764166,0.003761699,0.003751398,0.003738863,0.003741763,0.003750464,0.003749664,0.003760266,0.0037696,0.003756332,0.003778068,0.003762299,0.003765633,0.003798505,0.003812507,0.003808406,0.003829576,0.003810106,0.003802172,0.003842611,0.003840077,0.003851112,0.003860913,0.003860347,0.003873082,0.00388075,0.003877182,0.003884483,0.003911154,0.003912487,0.003911287,0.003920222,0.003940391,0.003930523,0.003951093,0.00395136,0.003977963,0.004023736,0.004044173,0.004106848,0.004128251,0.004161289,0.004216364,0.004277406,0.00433188,0.004377286,0.004432928,0.004524607,0.004549411,0.004601852,0.004653392,0.004723269,0.004761508,0.004809814,0.004903094,0.004992674,0.00506405,0.005150296,0.005263045,0.005354325,0.005466007,0.005502012,0.005611128,0.005691506,0.005787953,0.005789787,0.00586183,0.005951943,0.005944975,0.005998849,0.006028154,0.006018819,0.00595541,0.005912271,0.0058879,0.005795354,0.005668569,0.00551148,0.00534089,0.005136894,0.004900127,0.004675995,0.004415492,0.004135686,0.003845778,0.003541201,0.003276164,0.003007859,0.002748823,0.002512656,0.002304626,0.002092896,0.001886334,0.00173848,0.001597526,0.001444038,0.001368027,0.00127078,0.001193669,0.001140995,0.001048348,0.000977838,0.000931899,0.000899094,0.000851087,0.000804181,0.000777543,0.000745206,0.000716001,0.000703133,0.000677896,0.000656093,0.000635057,0.000622221,0.000607619,0.000580182,0.00056748,0.000562813,0.000550578,0.000535242,0.000527908,0.000524008,0.000516106,0.000509039,0.000504505,0.000492336,0.00049187,0.000483268,0.000485135,0.000464099,0.000466999,0.000454464,0.000457098,0.00044653,0.000447697,0.000440662,0.000439662,0.000443129,0.000440596,0.000438162,0.000432295,0.000428527,0.000418026,0.00042546,0.000417092,0.000412625,0.000417759,0.00042066,0.000419826,0.000409991,0.000407258,0.000415225,0.000405224,0.000405357,0.000415859,0.000405257,0.000389989,0.000401223,0.000388922,0.000382888,0.000387955,0.000390755,0.000387655,0.000385055,0.000372286,0.000381554,0.000375286,0.000368352,0.000365885,0.000361151,0.000357117,0.000351483,0.000351983,0.000344282,0.000340748,0.000329713,0.000325546,0.00032998,0.000314678,0.000310844,0.000306543,0.000304843,0.000299709,0.000293942,0.000288074,0.000282707,0.00027984,0.000274839,0.000269572,0.000262837,0.000256936,0.000261337,0.000251936,0.000250069,0.000240867,0.000245268,0.000243668,0.0002382,0.000228432,0.000226799,0.000222898,0.000215997,0.000210563,0.00021053,0.000212063,0.000203495,0.000200995,0.000206629,0.000205796,0.000202862,0.000199428,0.000197461,0.000196094,0.000190594,0.000187593,0.000186893,0.000184759,0.000181359,0.000177859,0.000177759,0.000183793,0.000179392,0.000180326,0.000177525,0.000183926,0.000172191,0.000175125,0.000171724,0.000171758,0.000174825,0.000161223,0.000156922,0.000158489,0.00016589,0.00016239,0.000165023,0.000160356,0.000162223,0.000152388,0.000179859,0.000160589,0.000148888,0.000162156,0.000158822,0.000168757,0.000171458,0.000151955,0.000151321,0.000145721,0.000154789,0.000149621,0.000152122,0.000150121,0.00013892,0.000141053,0.000136586,0.000147588,0.000130352,0.000132619,0.000146287,0.000130919,0.000130752,0.000130352,0.000126185,0.000117217,0.000120417,0.000113916,0.00011735,0.000111516,0.000117017,0.000113216,0.000108882,0.000106382,0.000106482,0.000100781,9.69E-05,0.000103848,9.39E-05,8.96E-05,8.89E-05,8.87E-05,9.31E-05,9.25E-05,8.56E-05,7.89E-05,9.11E-05,8.31E-05,7.86E-05,7.68E-05,7.28E-05,7.64E-05,7.04E-05
,HNGH050,#N/A,7.77E-05,7.51E-05,8.50E-05,7.76E-05,7.83E-05,8.20E-05,9.15E-05,9.03E-05,8.95E-05,9.57E-05,9.31E-05,9.70E-05,0.000102194,0.000109491,0.000101925,0.000102329,0.000104514,0.000115746,0.000118201,0.000108516,0.000121665,0.000120252,0.000120286,0.000116553,0.000122169,0.000125061,0.000118705,0.000123985,0.000130744,0.000137436,0.000129971,0.000139487,0.000136662,0.000140429,0.000137335,0.00014702,0.0001372,0.000140462,0.000146179,0.000150315,0.000155023,0.000156368,0.000153745,0.000150719,0.000153812,0.000152333,0.000156065,0.000150483,0.00015129,0.000162354,0.000161513,0.00015889,0.000154922,0.000162387,0.000156335,0.000158419,0.000174931,0.000163598,0.000174695,0.000177318,0.000183741,0.000174796,0.000172139,0.000165179,0.000162421,0.00017029,0.00017604,0.000170391,0.000180076,0.000177453,0.000182732,0.000182261,0.000183001,0.000181757,0.000186532,0.000184111,0.000185355,0.000185288,0.000196419,0.00019736,0.000197764,0.000203346,0.000200454,0.000211383,0.000210576,0.000210038,0.000222177,0.000215216,0.000223388,0.000230046,0.000222076,0.0002286,0.000237646,0.000235057,0.00025177,0.000248709,0.000253283,0.000253787,0.000259874,0.000267743,0.000252341,0.000265691,0.000274132,0.00027625,0.000286675,0.000286709,0.00028987,0.00029293,0.000295721,0.00031008,0.000310954,0.000314014,0.000323833,0.00031657,0.000327667,0.000334392,0.000344313,0.000347171,0.000358672,0.000359378,0.000365498,0.000365498,0.000370946,0.000372392,0.000373737,0.00037757,0.000380698,0.000396637,0.000384027,0.000394249,0.000407835,0.00039889,0.000407768,0.000415872,0.000396435,0.000410861,0.000415166,0.000415267,0.000412442,0.000410962,0.00041678,0.000421185,0.000410727,0.000409449,0.000420277,0.000428247,0.000427944,0.000430298,0.000430668,0.000426902,0.00042855,0.000428213,0.000440487,0.000435309,0.000448995,0.000434905,0.000449197,0.000440857,0.000448356,0.000466885,0.000461168,0.000465069,0.000469071,0.000475763,0.000478856,0.000484539,0.00049335,0.000513123,0.000516519,0.000515611,0.000528154,0.000534813,0.000547995,0.000561244,0.000578226,0.00058485,0.000596015,0.000606809,0.000624296,0.000633543,0.000653753,0.000673257,0.000710449,0.000723127,0.000745994,0.000765262,0.000810054,0.000829323,0.000888844,0.000921731,0.000982967,0.001024632,0.001081126,0.001139907,0.001210458,0.001297082,0.001407246,0.001522992,0.001658713,0.001797595,0.001967918,0.002150348,0.002359478,0.002564269,0.002815938,0.003096863,0.003363697,0.003631104,0.003902882,0.004199073,0.004456021,0.00470806,0.004981317,0.00514959,0.005352061,0.005491784,0.005645932,0.005714297,0.005758316,0.005806639,0.005785924,0.005778459,0.005783974,0.00576679,0.00572183,0.005642166,0.005571346,0.005503923,0.005453381,0.005376475,0.00527687,0.005179854,0.005093364,0.005047967,0.004944697,0.004878316,0.004819602,0.004747539,0.004657719,0.004653617,0.004566353,0.004494525,0.004463318,0.004427841,0.004355811,0.004293735,0.004246421,0.004171499,0.00415529,0.004092676,0.004033962,0.004026295,0.003969464,0.003908195,0.003917711,0.003883344,0.003878098,0.003884857,0.003894273,0.003897064,0.003875139,0.003888825,0.003860275,0.003852339,0.003855063,0.003859401,0.003876652,0.003835896,0.00381925,0.003833844,0.003822175,0.003800418,0.00381851,0.003772777,0.003791675,0.003767632,0.003772844,0.003773685,0.003778762,0.003787001,0.003758888,0.003770423,0.003750919,0.00377049,0.003741873,0.003730809,0.003743352,0.003734038,0.003755526,0.003767699,0.003738342,0.003755257,0.003722369,0.003738073,0.003722436,0.003733399,0.003724487,0.003753306,0.003727178,0.003754483,0.003763764,0.003749069,0.00375677,0.003772339,0.00373471,0.003739216,0.003741705,0.003723041,0.003727043,0.003760906,0.003739384,0.003741604,0.003740023,0.003750582,0.003746782,0.00374416,0.003760233,0.003745538,0.003761041,0.003761848,0.003765244,0.003775702,0.003804521,0.003790935,0.003810574,0.003802167,0.003832634,0.003817468,0.00384595,0.003857821,0.003876349,0.003873256,0.003868043,0.003873895,0.003886404,0.003879679,0.003909473,0.003912869,0.003901133,0.00389962,0.003914517,0.003917745,0.003924302,0.003958434,0.003949355,0.003981705,0.003984059,0.004051045,0.004117896,0.004152297,0.004168909,0.004239931,0.00428479,0.004338997,0.004391423,0.004458846,0.004501788,0.004563798,0.004596685,0.004652642,0.004730691,0.004773264,0.004850304,0.004914163,0.004983066,0.005082503,0.005179955,0.005267286,0.005353137,0.005474096,0.005534054,0.005609144,0.005658442,0.005787942,0.005847731,0.005877122,0.005909203,0.005962469,0.005983318,0.006001678,0.006020207,0.005946092,0.005888892,0.005845041,0.00574547,0.005620308,0.005462864,0.00526621,0.005078568,0.004838198,0.004595946,0.004348682,0.00406843,0.003766892,0.003493298,0.003213147,0.002949103,0.002715291,0.002451214,0.002273122,0.002064261,0.001866968,0.001707473,0.001555745,0.001440739,0.001345573,0.0012572,0.001174442,0.001113173,0.001043732,0.000974796,0.000922538,0.000901521,0.000840554,0.000787625,0.000764792,0.000755174,0.00071314,0.000690609,0.000677293,0.000663539,0.000639832,0.000633779,0.000612156,0.00059319,0.000580176,0.000571568,0.000557141,0.000538512,0.000536965,0.000522976,0.000518066,0.000519949,0.000506397,0.000502093,0.000497083,0.000478049,0.000479933,0.000472366,0.000472871,0.000455216,0.000455653,0.000453165,0.000449701,0.000449735,0.000449231,0.000446944,0.000442236,0.000446204,0.000433762,0.000430534,0.000433728,0.000428213,0.000416175,0.00042744,0.000418966,0.00042058,0.000422295,0.00041029,0.000403934,0.000412677,0.00041567,0.000408339,0.000408945,0.000413585,0.00040306,0.00039741,0.000398049,0.000398655,0.000395191,0.000393375,0.000389104,0.000395191,0.000383321,0.000386179,0.000382951,0.000376965,0.000369533,0.000367583,0.000370677,0.000359445,0.000370139,0.000348112,0.000353863,0.000339537,0.000341824,0.000336847,0.000329886,0.000321513,0.000313073,0.000310113,0.000308869,0.000303287,0.000285599,0.000291854,0.000286574,0.000284422,0.000274771,0.000261387,0.000257991,0.000262026,0.000256007,0.000253686,0.000250828,0.000253148,0.000253014,0.000240773,0.000229374,0.000233543,0.000235292,0.000226414,0.000213737,0.000216427,0.000217436,0.000214846,0.000208592,0.000213098,0.000212694,0.000214645,0.00020459,0.00020116,0.000203884,0.000200824,0.000194266,0.000195073,0.000187709,0.000184346,0.000187743,0.000184884,0.000187776,0.000190668,0.000185389,0.000195813,0.000193796,0.000178327,0.000179538,0.000179605,0.00017789,0.000179033,0.000168037,0.000168373,0.000166759,0.000173585,0.000160773,0.000171131,0.000165616,0.000172476,0.000158756,0.000192181,0.000169079,0.000157175,0.000177856,0.000171332,0.000177856,0.000187608,0.000169617,0.000159765,0.000156032,0.000167331,0.00016575,0.000149609,0.000160874,0.000143489,0.000143926,0.000143724,0.000153712,0.000139823,0.000137032,0.00015166,0.000137032,0.000134006,0.000134006,0.000130744,0.000121597,0.000125027,0.000118201,0.000120319,0.000114031,0.000125027,0.000117663,0.000116923,0.000110433,0.000109121,0.00010401,0.000103371,0.00010976,9.67E-05,9.14E-05,9.27E-05,8.91E-05,9.09E-05,9.71E-05,8.72E-05,8.71E-05,9.31E-05,8.56E-05,8.10E-05,7.79E-05,8.11E-05,7.78E-05,7.15E-05
,HNGH051,#N/A,7.49E-05,7.57E-05,8.73E-05,7.90E-05,7.94E-05,8.64E-05,8.95E-05,9.20E-05,8.98E-05,9.34E-05,9.61E-05,9.90E-05,0.000102662,0.00010504,0.000100855,0.000102789,0.000110081,0.000118769,0.000121368,0.000113157,0.000121876,0.000120354,0.000122668,0.000123366,0.000119973,0.000121622,0.000122732,0.000123968,0.000131229,0.000136619,0.000129707,0.000134748,0.000133543,0.00014055,0.000142579,0.000144165,0.000140709,0.000145623,0.000140392,0.00014334,0.000154627,0.000155262,0.00015561,0.000147747,0.000152567,0.000148603,0.000152345,0.000151869,0.000151298,0.000159161,0.000165312,0.000154501,0.00015301,0.000158876,0.000154627,0.000155642,0.00016861,0.000163759,0.000165693,0.000173017,0.000179294,0.000169275,0.000171526,0.000164805,0.000166263,0.000167088,0.000173936,0.000173936,0.000182021,0.000180119,0.000179326,0.000180245,0.000181736,0.00018256,0.00018535,0.000183511,0.00018497,0.000184748,0.000192262,0.000196384,0.000196542,0.000202915,0.000196257,0.000211063,0.0002084,0.000210461,0.000215058,0.000213314,0.000222382,0.000222192,0.000223555,0.000229896,0.000231703,0.000225584,0.00024372,0.000241691,0.00025098,0.000255546,0.000250505,0.000267657,0.000255165,0.000265914,0.000268672,0.00027831,0.000282749,0.000294258,0.000287568,0.000291436,0.000291849,0.000302597,0.000306084,0.000315659,0.000325234,0.000324695,0.000327961,0.000331671,0.000340073,0.00033947,0.000356876,0.000361093,0.000361537,0.000360998,0.00036661,0.00037162,0.00036959,0.000373237,0.000384492,0.000390992,0.000389945,0.000390484,0.000400567,0.000392704,0.000404974,0.000404022,0.000393813,0.0004064,0.000405322,0.000416958,0.000417117,0.00041309,0.000424694,0.000422919,0.000414327,0.000413344,0.000417688,0.000432779,0.000431638,0.000437884,0.000430623,0.000426153,0.000428594,0.000431828,0.000441942,0.000436235,0.000446952,0.000439913,0.000457002,0.000444574,0.000461124,0.000460046,0.00046366,0.000471619,0.000474409,0.000480084,0.000490895,0.000489817,0.00050716,0.000512328,0.00052352,0.000521935,0.000537819,0.000541053,0.000544795,0.000570254,0.000585726,0.000592765,0.000599804,0.000608966,0.000638992,0.000635472,0.000660646,0.000688452,0.000705351,0.000726562,0.000755255,0.00078658,0.000821742,0.000835851,0.000894062,0.000927321,0.00098214,0.001035754,0.001085468,0.001152969,0.001229537,0.001322117,0.001412985,0.001533878,0.001658005,0.001816056,0.002004735,0.00216954,0.002347788,0.002589954,0.002821055,0.003089379,0.003345939,0.003624567,0.003887912,0.004194282,0.004474082,0.004713395,0.004952042,0.005149186,0.005341892,0.005486469,0.005625846,0.00569712,0.005733201,0.005752478,0.005773784,0.005789478,0.005748229,0.005717475,0.005679967,0.005603652,0.005546107,0.005485645,0.005402957,0.005325247,0.005275501,0.005174963,0.005069035,0.005024616,0.004907084,0.004861396,0.00481054,0.004749127,0.004639933,0.004629407,0.00452795,0.004509814,0.004443074,0.004397767,0.004347641,0.004299005,0.004231155,0.004177922,0.00412082,0.004068665,0.004049134,0.004001671,0.003986421,0.003960708,0.003908045,0.00390126,0.003911564,0.003892604,0.003905857,0.003902116,0.00390294,0.003897899,0.003880588,0.003873391,0.003879447,0.003866606,0.003875642,0.003875579,0.00387691,0.00385738,0.003831667,0.003826594,0.003818731,0.003803893,0.003788706,0.003809726,0.003779067,0.003783728,0.003790196,0.003795522,0.003769682,0.003765592,0.003777514,0.003779353,0.003740291,0.003757951,0.003747235,0.003745523,0.003754369,0.003770475,0.003738009,0.003744286,0.003731668,0.00373246,0.003749645,0.003762168,0.003713944,0.003754971,0.003754939,0.003764039,0.003772694,0.003753164,0.003755764,0.003799359,0.003728877,0.003749771,0.003749993,0.003743494,0.003736423,0.003741686,0.003766005,0.00373468,0.003755764,0.003773329,0.003753291,0.003763658,0.003738992,0.003788579,0.003772504,0.003769017,0.003813246,0.003790386,0.003817272,0.003830715,0.003822979,0.003808712,0.003845871,0.003834013,0.003875832,0.00385868,0.003888895,0.003872598,0.003886897,0.003879859,0.003901133,0.00389476,0.003897424,0.00393566,0.003933029,0.003930334,0.003921361,0.003916035,0.003952274,0.003981602,0.003966383,0.003981602,0.004026465,0.004054492,0.004095519,0.004122501,0.004172849,0.004232423,0.004286766,0.0043335,0.004369518,0.004438223,0.004483562,0.004550905,0.004576427,0.00464507,0.004703535,0.004738062,0.004826044,0.004860128,0.004950361,0.005075503,0.00515724,0.005248107,0.00531415,0.005449437,0.005489227,0.005580824,0.005682504,0.005707488,0.005782059,0.005824861,0.00589195,0.00593472,0.005950668,0.005964555,0.005968423,0.005911893,0.005846674,0.005790809,0.00571497,0.005615764,0.005433299,0.005289515,0.005076993,0.004834193,0.004603504,0.00434986,0.004036801,0.003773107,0.00349803,0.003227361,0.002967978,0.002716427,0.002486753,0.002285646,0.002057208,0.001882986,0.001722018,0.001576839,0.001452363,0.001357025,0.001253253,0.001182677,0.001126368,0.001049926,0.000987498,0.000920377,0.000904461,0.000844157,0.000798787,0.000769681,0.000762136,0.000719175,0.000708395,0.00069213,0.000672568,0.000646569,0.000625834,0.000615656,0.000590514,0.000587977,0.000577737,0.000563247,0.000546063,0.000545492,0.000520794,0.000527484,0.000522347,0.00050865,0.000507224,0.000498917,0.000491117,0.000486901,0.000475233,0.000480496,0.000465499,0.000465341,0.000462836,0.000452215,0.000454117,0.000445462,0.000455037,0.000447364,0.000446698,0.000433667,0.000432177,0.000438296,0.00042647,0.000423204,0.000426882,0.000426216,0.000425582,0.000422221,0.000421809,0.000414327,0.000412012,0.000411981,0.000406115,0.000419907,0.000418195,0.000398696,0.000400789,0.000395589,0.000392513,0.000395113,0.000396096,0.000381385,0.000395906,0.000379641,0.000387123,0.000382494,0.000372919,0.000373902,0.000361252,0.000364581,0.000359857,0.000361632,0.000346192,0.00035564,0.000328754,0.000340707,0.000333097,0.000322254,0.000322508,0.000301994,0.000312235,0.000304531,0.000302058,0.000294512,0.000289471,0.000290866,0.0002889,0.000271018,0.000266992,0.000260936,0.000262997,0.000257417,0.000257321,0.000258653,0.000249966,0.000248063,0.000244608,0.000233669,0.000225616,0.000234018,0.000219497,0.000218102,0.000214519,0.000219307,0.000209953,0.000209922,0.000211792,0.000214139,0.000210746,0.000206561,0.000204151,0.000206466,0.000196859,0.000200854,0.000190264,0.00019055,0.00018145,0.00018665,0.000188964,0.000185287,0.000188362,0.000185128,0.000191089,0.000189947,0.000174507,0.000175109,0.000177107,0.000176124,0.00017828,0.000165946,0.000168927,0.000166454,0.000169561,0.000161254,0.000171083,0.00016658,0.000165915,0.000157957,0.000180119,0.000166168,0.000162934,0.000161349,0.000165724,0.000176663,0.000179928,0.000161508,0.000155959,0.000152345,0.000165217,0.000155103,0.000153391,0.000156688,0.000142928,0.000140836,0.000144957,0.000151584,0.000137158,0.000137824,0.000153201,0.000138172,0.000131958,0.00013329,0.000130278,0.000124951,0.000126505,0.000116327,0.000117342,0.000115344,0.000125807,0.000116771,0.000114615,0.000110589,0.000108116,0.000107291,0.000101933,0.000110398,9.62E-05,9.26E-05,9.39E-05,9.05E-05,9.46E-05,9.66E-05,9.04E-05,8.82E-05,9.36E-05,8.81E-05,8.63E-05,7.60E-05,8.00E-05,7.75E-05,7.18E-05
,HNGH052,#N/A,7.50E-05,7.54E-05,8.17E-05,7.68E-05,7.61E-05,7.99E-05,8.41E-05,8.80E-05,8.45E-05,9.49E-05,9.32E-05,9.36E-05,9.95E-05,0.000101659,9.85E-05,0.000101064,0.000102943,0.000111806,0.000120356,0.000107015,0.00011594,0.000114656,0.000118696,0.000112339,0.000117694,0.00011475,0.000118383,0.000121452,0.00012543,0.000123018,0.000129376,0.000132132,0.000132288,0.000133385,0.00013802,0.000138646,0.000132884,0.00013636,0.000136172,0.000138709,0.000148198,0.000144534,0.000144565,0.000140995,0.000147697,0.000140932,0.000144127,0.000148981,0.000145254,0.000153867,0.000153115,0.000148856,0.000145567,0.000157187,0.000149326,0.000150328,0.000156811,0.000151267,0.000159755,0.000164108,0.000175351,0.000171061,0.000164045,0.000156216,0.000156059,0.000162761,0.000175915,0.000169996,0.0001746,0.000169338,0.000172251,0.000172658,0.000179078,0.000180174,0.000179141,0.000175758,0.000183055,0.000183055,0.000187847,0.00018625,0.000191386,0.000194831,0.000192388,0.000200281,0.000198996,0.000205354,0.000208235,0.000209551,0.000218664,0.000215626,0.000213278,0.000222391,0.000227715,0.000226932,0.000236297,0.000239334,0.000247101,0.000239491,0.000248699,0.000257405,0.000249074,0.000262197,0.000270026,0.000271436,0.000285873,0.000279766,0.000278075,0.00028437,0.000287753,0.00029696,0.000298182,0.000301407,0.000315156,0.00031287,0.000318288,0.000318538,0.00033401,0.000335012,0.00034685,0.000344564,0.000351986,0.000349387,0.000362227,0.000359753,0.000365015,0.000375412,0.000378325,0.000392199,0.000375131,0.000384244,0.000394767,0.00038866,0.000396521,0.000395581,0.000393233,0.000409424,0.000399058,0.00040457,0.000411616,0.000399496,0.000414999,0.000412963,0.000405885,0.000415594,0.000415437,0.000423392,0.000410082,0.000423329,0.000421576,0.000425302,0.00042405,0.000416596,0.000431128,0.000424739,0.000439302,0.000434353,0.00044115,0.000439333,0.000445252,0.000460254,0.000465359,0.000462571,0.000470276,0.000475944,0.000480955,0.00048368,0.000494798,0.000511083,0.000519445,0.000513463,0.0005217,0.000532912,0.000544563,0.000559752,0.000566329,0.000590506,0.000596895,0.000606416,0.000626115,0.000641367,0.000658592,0.000676287,0.000709109,0.000719319,0.000747599,0.000776788,0.000809985,0.000834006,0.000879042,0.000921729,0.000983332,0.001038985,0.001074312,0.001137825,0.001227051,0.001290752,0.001400899,0.001528396,0.001655391,0.001797013,0.001973241,0.002147308,0.002351722,0.002554884,0.002802142,0.003063055,0.003332079,0.003608933,0.003883469,0.004155781,0.004408238,0.004667773,0.004911743,0.005086655,0.005247537,0.005436324,0.00554741,0.005627272,0.00566144,0.005706256,0.005698082,0.005729244,0.005676066,0.005654017,0.005628681,0.005574657,0.005528556,0.005454457,0.0053994,0.005306572,0.005255931,0.005145815,0.005048353,0.004995362,0.004928905,0.004867145,0.004803444,0.004754932,0.004682367,0.004625525,0.00455913,0.004532635,0.004447355,0.00443774,0.004385125,0.004308834,0.00425838,0.004210745,0.004164676,0.004126812,0.004075826,0.004039778,0.004005391,0.003979898,0.003981495,0.003945604,0.003937743,0.003913566,0.003950271,0.003962328,0.00395572,0.003966462,0.003928223,0.003909839,0.003928818,0.003925811,0.003921082,0.003926156,0.003895025,0.003882623,0.003893334,0.003867215,0.003866056,0.003865523,0.003854781,0.003864333,0.003835176,0.003853842,0.003821114,0.003832044,0.003829695,0.003834894,0.00381103,0.003841001,0.003811875,0.00381128,0.003820456,0.003796435,0.003798095,0.003828787,0.003790422,0.00382362,0.003802981,0.003794995,0.003815727,0.003795872,0.003775076,0.003806363,0.003815007,0.00381388,0.00383289,0.003799411,0.003789671,0.003834049,0.003804609,0.003801853,0.003807867,0.003792959,0.003802135,0.003805831,0.003807271,0.003811405,0.003795277,0.003814944,0.003794525,0.003824841,0.003804234,0.003834017,0.003813222,0.00381413,0.0038317,0.003862298,0.003845824,0.00387351,0.003878615,0.003866588,0.003871505,0.003890891,0.003920017,0.00389703,0.003929381,0.003921458,0.003937712,0.003959322,0.003927127,0.003940249,0.003946199,0.003972538,0.00396903,0.003953841,0.00398256,0.003983374,0.003985097,0.004007207,0.004013283,0.004029976,0.004058789,0.004080743,0.004117604,0.004184281,0.004197936,0.004265208,0.004302163,0.004360697,0.00441635,0.004488946,0.004528845,0.004559349,0.004627216,0.004683182,0.004704353,0.004760976,0.00482283,0.004872877,0.004979359,0.005009988,0.005120134,0.005233475,0.005299902,0.005384868,0.005433286,0.005534695,0.005585556,0.005688562,0.005724797,0.005770772,0.005811799,0.005882203,0.005885397,0.005887871,0.005903593,0.005847032,0.005754361,0.00577428,0.005663476,0.005537138,0.005372184,0.005209893,0.005013339,0.004799999,0.004562606,0.004309648,0.004039528,0.003754594,0.003472604,0.003215011,0.002937782,0.002729014,0.00246522,0.002259521,0.002047778,0.001850755,0.001696637,0.00157459,0.001428647,0.001341582,0.001263944,0.001178414,0.001112958,0.00105123,0.000977976,0.000930153,0.000887842,0.00083457,0.000793386,0.000764166,0.000749948,0.00071722,0.000684461,0.000675661,0.000649855,0.000642933,0.000637296,0.000606228,0.000584932,0.000571653,0.000562852,0.000553551,0.000533163,0.000536764,0.000518631,0.000513714,0.0005103,0.000504005,0.000497272,0.000495487,0.000490507,0.000479233,0.000465985,0.000468616,0.000453677,0.000463887,0.000448353,0.000443718,0.000445941,0.000442809,0.000441212,0.000438863,0.000423611,0.000425584,0.00042715,0.00042239,0.000429061,0.000409174,0.000420949,0.000417786,0.000417567,0.000424144,0.000410176,0.000403035,0.000403568,0.000413495,0.00040576,0.000411491,0.000409957,0.000401563,0.000393608,0.000387125,0.000397868,0.000383211,0.000381989,0.00037892,0.000383461,0.000376477,0.000375318,0.000374661,0.000367301,0.00036442,0.000356747,0.000355619,0.000349387,0.000359471,0.000345159,0.000349919,0.000332318,0.000336233,0.000330408,0.000322547,0.000312149,0.000312243,0.000300812,0.000299058,0.00029292,0.000284464,0.00028008,0.000283525,0.00027629,0.000267427,0.000256716,0.000251392,0.000258564,0.00025183,0.000249669,0.000247289,0.00024209,0.000245535,0.00023401,0.000228655,0.000226306,0.000219604,0.000214186,0.000209864,0.000211618,0.000211962,0.000205135,0.000197368,0.000206168,0.0002036,0.000208956,0.000206294,0.000198621,0.000192044,0.000193954,0.000190478,0.000188536,0.000178765,0.000182366,0.000184246,0.000180832,0.00017983,0.000180581,0.000180174,0.000184246,0.000180644,0.000171029,0.000173973,0.000174506,0.000167866,0.000170653,0.000155809,0.000167396,0.000159441,0.000164233,0.000157594,0.000164264,0.000157969,0.000165204,0.000156247,0.000170058,0.000159911,0.000155213,0.000160256,0.000159661,0.000162793,0.000173817,0.000150171,0.000146006,0.000147227,0.000153146,0.000148449,0.000142624,0.000148637,0.000139053,0.000134011,0.000135264,0.000146758,0.00013351,0.000131913,0.000145192,0.000129877,0.000129564,0.000133071,0.000120638,0.000121139,0.000120074,0.000115063,0.000118133,0.00011118,0.000116285,0.000112934,0.000108581,0.000107516,0.000103319,0.00010191,0.000100469,0.000103444,9.30E-05,9.09E-05,8.99E-05,8.95E-05,8.89E-05,9.10E-05,8.62E-05,8.17E-05,8.83E-05,8.49E-05,7.99E-05,7.45E-05,7.48E-05,7.28E-05,7.28E-05
,HNGH053,#N/A,7.32E-05,7.47E-05,8.12E-05,7.65E-05,7.73E-05,7.88E-05,8.85E-05,8.82E-05,8.53E-05,9.12E-05,9.35E-05,9.58E-05,9.81E-05,0.000106179,9.98E-05,9.91E-05,0.000100571,0.0001138,0.000122193,0.000109893,0.000116043,0.00011701,0.000123006,0.000111092,0.000117281,0.000114805,0.000122658,0.000124553,0.000133914,0.000137511,0.000125713,0.000132869,0.000132521,0.000139561,0.000135538,0.000140876,0.000130819,0.000137975,0.000137666,0.000148496,0.000151784,0.000143739,0.000150701,0.000143081,0.000153099,0.000141921,0.000147452,0.000151784,0.000145634,0.000150508,0.000153099,0.000157973,0.000150044,0.000155962,0.000150082,0.000148264,0.000156542,0.000157045,0.000165245,0.000171744,0.00017654,0.000173175,0.000161261,0.000160758,0.000155382,0.000165168,0.000169113,0.000173407,0.000178706,0.00016834,0.000168533,0.000176656,0.000179867,0.000178629,0.000178861,0.000171164,0.00017302,0.000180215,0.000187796,0.000190504,0.00018505,0.000198356,0.000199323,0.000205009,0.000200097,0.000207408,0.000209226,0.000211817,0.000212668,0.000223112,0.000213635,0.000221217,0.000227638,0.000224775,0.000241756,0.000243033,0.000241137,0.000246514,0.000249028,0.000252316,0.000248758,0.000258853,0.000272972,0.000268253,0.000282797,0.000285853,0.000279896,0.000284383,0.000287284,0.000294363,0.000296142,0.000301557,0.000317532,0.000317494,0.000316101,0.000322909,0.000334707,0.000343062,0.000353699,0.00034898,0.000355788,0.000355749,0.000357993,0.000361551,0.000366541,0.000367508,0.000376018,0.000384876,0.000377295,0.000385611,0.00039122,0.000386501,0.000401045,0.000400697,0.000391761,0.000407659,0.000400619,0.000407505,0.000407466,0.000395243,0.000413732,0.000407543,0.00040089,0.000405648,0.000420153,0.000420463,0.000417291,0.000428354,0.000427541,0.000422822,0.00042522,0.000421198,0.000425491,0.00042847,0.000436129,0.000438333,0.000434736,0.000443981,0.000445257,0.000451137,0.000457519,0.000458563,0.000460652,0.000462548,0.00047744,0.000478446,0.000499411,0.000509236,0.000519873,0.000510203,0.000529234,0.000524283,0.000538556,0.000559444,0.000566638,0.000588957,0.000589344,0.000604314,0.000633208,0.000627213,0.000669259,0.000670149,0.00069974,0.00073668,0.000749638,0.000780003,0.000812031,0.000839958,0.000886376,0.00091732,0.000969385,0.001035491,0.001084384,0.001156601,0.00123025,0.001318829,0.001414758,0.001543605,0.001683398,0.001825628,0.002006849,0.002182267,0.002373893,0.002606211,0.002875624,0.003114248,0.003407914,0.003674388,0.003977492,0.004249536,0.004501078,0.00478109,0.00498463,0.005218998,0.005383857,0.005591342,0.005687309,0.00573334,0.005792483,0.005840138,0.00583244,0.005823505,0.005779409,0.005727576,0.005707152,0.005645108,0.005576411,0.005530806,0.005446713,0.005396467,0.00528932,0.005208322,0.005137845,0.005034606,0.004954884,0.004872107,0.004821396,0.004751306,0.004695876,0.004630079,0.004571555,0.004547457,0.004452224,0.004412035,0.00434678,0.004310187,0.004253365,0.004180683,0.004135388,0.004070017,0.004023406,0.004006387,0.003963141,0.003946315,0.003899008,0.003905158,0.003906822,0.003884039,0.00390276,0.003879165,0.003887713,0.003880867,0.003876651,0.003865278,0.003857078,0.003849342,0.003867444,0.003849613,0.003831355,0.003829112,0.003824199,0.003806174,0.003829421,0.003783236,0.003780335,0.003773798,0.003760453,0.003764011,0.003758364,0.003770858,0.003757668,0.00376053,0.003739836,0.003777705,0.003739604,0.003738327,0.003740919,0.003718136,0.003752639,0.00374703,0.003739913,0.003747456,0.003736006,0.003738869,0.003729082,0.003740339,0.003737554,0.003729315,0.003726994,0.003737747,0.003738946,0.003742311,0.003730784,0.003788032,0.003749081,0.003728193,0.003745947,0.003724479,0.003707808,0.003752059,0.003731713,0.003721617,0.003738985,0.00376962,0.003729431,0.003719374,0.003730514,0.003746644,0.003776931,0.003756778,0.003787491,0.003789618,0.003798128,0.003807837,0.003824315,0.003801996,0.003816115,0.003822226,0.003848259,0.003839749,0.003870036,0.003853829,0.003858006,0.003869997,0.003857039,0.003881215,0.003891465,0.003899279,0.003902335,0.003922913,0.00393239,0.003900401,0.003931964,0.003944574,0.003956643,0.003997297,0.00401068,0.004042012,0.004080345,0.004131017,0.004163586,0.004238512,0.004291002,0.004340978,0.00440894,0.004465298,0.00449957,0.004543202,0.00459047,0.004661372,0.00472303,0.004759661,0.004813118,0.004915081,0.005004318,0.005105624,0.005165154,0.005259923,0.005362505,0.005474602,0.005545466,0.005628591,0.00570429,0.005765367,0.005808226,0.005872978,0.00594241,0.005966238,0.005990182,0.006029404,0.006018341,0.005979119,0.005909145,0.005857815,0.005807104,0.00567087,0.005499822,0.005330631,0.005140359,0.004896244,0.004645475,0.00442948,0.004112605,0.003826327,0.003546199,0.003297828,0.003016888,0.0027602,0.002491445,0.002306743,0.002085797,0.001894171,0.001736662,0.001583021,0.001444195,0.00136602,0.00126866,0.00118449,0.001130492,0.001051776,0.00097774,0.000925676,0.000894963,0.000850944,0.000798144,0.000782788,0.000750334,0.00071262,0.000695562,0.000671657,0.000652201,0.000635104,0.0006276,0.000603888,0.000586211,0.000582652,0.000570622,0.000560295,0.00053461,0.000534572,0.000515579,0.000516392,0.000505368,0.000499372,0.000488309,0.000490127,0.000481966,0.000475196,0.000468195,0.000457094,0.000464095,0.000451756,0.000445257,0.000446186,0.000439726,0.000438565,0.000437869,0.000430442,0.000435239,0.000421082,0.000426536,0.000421043,0.000421971,0.000410019,0.000418413,0.000415976,0.00041261,0.000418064,0.00040441,0.000402902,0.000402437,0.000405261,0.000403172,0.000413113,0.000407621,0.000392342,0.000395939,0.000386346,0.000383019,0.000382478,0.000383136,0.000384644,0.000384644,0.000372769,0.000376521,0.000374587,0.000365071,0.000363253,0.000366193,0.000357683,0.000352191,0.000362325,0.000348052,0.000336796,0.00032523,0.000331883,0.000319969,0.000319737,0.000308945,0.000305155,0.000299198,0.000304265,0.000288831,0.000288483,0.000282642,0.000275602,0.000272933,0.000273243,0.000257113,0.000252316,0.000247559,0.000251775,0.000250073,0.000244271,0.000241718,0.000242375,0.000241331,0.00023108,0.00022346,0.000223963,0.00021437,0.00021379,0.000206673,0.000217271,0.000205358,0.000204236,0.000211198,0.000204352,0.000205474,0.000206827,0.000197118,0.000202186,0.000194798,0.000189537,0.000187061,0.000185475,0.000179132,0.00018505,0.000178552,0.000182265,0.000174181,0.000181143,0.000185592,0.000181917,0.000171241,0.000169887,0.000174103,0.000169268,0.000169732,0.000162073,0.000161106,0.00016219,0.000162654,0.000159869,0.000162886,0.000159404,0.000162267,0.000159404,0.000183928,0.000165709,0.000159791,0.000159404,0.000159753,0.000167566,0.00016981,0.000156349,0.000150469,0.00014927,0.00015867,0.000158476,0.000149231,0.000149618,0.000137743,0.000134842,0.000137047,0.000146717,0.000132366,0.000132096,0.000150276,0.000136428,0.000131632,0.000125868,0.000125133,0.000124127,0.00012289,0.000119447,0.000115308,0.000112059,0.000116043,0.00011028,0.000110434,0.00011055,0.00010177,0.000105986,9.44E-05,0.000107185,9.44E-05,9.62E-05,8.98E-05,8.88E-05,9.40E-05,9.53E-05,8.83E-05,8.14E-05,9.07E-05,8.25E-05,8.03E-05,7.73E-05,7.59E-05,7.36E-05,6.91E-05
,HNGH054,#N/A,7.45E-05,6.90E-05,8.28E-05,7.49E-05,7.68E-05,8.05E-05,8.46E-05,8.46E-05,8.46E-05,8.88E-05,9.00E-05,9.44E-05,9.72E-05,0.000103558,9.67E-05,0.00010031,0.000105414,0.000111975,0.000122049,0.000110882,0.000120823,0.000123607,0.000120061,0.000114924,0.000117576,0.00011741,0.000117509,0.000117774,0.000130599,0.000129207,0.000129307,0.000131626,0.000131328,0.000135603,0.000134344,0.000147599,0.000134542,0.000139712,0.000136796,0.000144484,0.000145412,0.000150018,0.000142893,0.000148659,0.000146903,0.000146539,0.000145346,0.000150151,0.000148129,0.000159661,0.000157971,0.000153829,0.000148295,0.000159529,0.000150283,0.000149753,0.000163141,0.00015996,0.000160424,0.000166521,0.000169238,0.000166488,0.000157839,0.000163141,0.000159628,0.000162942,0.000165759,0.000166289,0.000177159,0.00016735,0.000171227,0.000177092,0.000178385,0.000177192,0.000182593,0.000179942,0.000176794,0.000182361,0.0001871,0.000189486,0.000191607,0.000197903,0.000192866,0.000203007,0.000201714,0.000205061,0.00020695,0.000205625,0.000217919,0.000220338,0.000211821,0.000219974,0.000226734,0.000218582,0.000235847,0.000237868,0.0002439,0.000247578,0.000249334,0.00025679,0.00025119,0.000258083,0.000268356,0.000273426,0.000277204,0.000276607,0.000287377,0.000283268,0.000289664,0.000292249,0.000300069,0.0003062,0.000318925,0.000310839,0.000322206,0.000325851,0.000336555,0.000329032,0.00034696,0.000343249,0.000342387,0.00035213,0.000355411,0.000360415,0.000363132,0.000369461,0.000375692,0.000389974,0.000374267,0.000387555,0.000387754,0.000384937,0.000400579,0.000403263,0.000396039,0.000401374,0.000407173,0.000407107,0.00041506,0.000403064,0.000410487,0.000418076,0.000409758,0.000416352,0.000418473,0.000414165,0.000423146,0.000430635,0.000419699,0.000429111,0.000422516,0.000423809,0.000440544,0.000432524,0.000443029,0.000441505,0.000442797,0.000447403,0.000449955,0.000462481,0.000466292,0.000465166,0.000465431,0.000482497,0.000480674,0.000498635,0.00049098,0.000518751,0.000524384,0.000519612,0.000529454,0.000539031,0.000540092,0.000564415,0.000571176,0.000585226,0.000597918,0.000615316,0.000629698,0.000625655,0.000655546,0.000680632,0.000706613,0.000727258,0.000736106,0.000768681,0.000816235,0.0008393,0.000883374,0.000918998,0.000962674,0.0010263,0.001075445,0.001152956,0.001222248,0.00131845,0.001391421,0.001526891,0.001653778,0.001799389,0.001991725,0.002166001,0.00233736,0.002579039,0.002812334,0.003087649,0.003349775,0.003602722,0.003900902,0.004174328,0.00444908,0.004688008,0.004940855,0.005123747,0.005304617,0.005481709,0.005605415,0.005681568,0.005719412,0.005763354,0.005769981,0.005781248,0.005770976,0.005733628,0.005691079,0.005633583,0.005588747,0.00551624,0.005446516,0.005382691,0.005307798,0.005194696,0.005114601,0.005072448,0.00500637,0.004910766,0.004851878,0.004787822,0.004699309,0.004692747,0.004584185,0.004545446,0.004501472,0.004471813,0.004403713,0.004299625,0.004261549,0.004229371,0.004165911,0.004106924,0.004073189,0.00400668,0.003988454,0.003968703,0.003943717,0.003924198,0.003931157,0.003906569,0.003912534,0.003937354,0.003940966,0.003899676,0.003916245,0.003893479,0.003898715,0.003884465,0.003864748,0.003864317,0.003861931,0.003854409,0.003850299,0.003813781,0.003832968,0.003807385,0.003826738,0.003788231,0.003776633,0.003775506,0.003782001,0.003778919,0.003763675,0.003743196,0.003750851,0.003793202,0.003751182,0.003725036,0.00373965,0.003733055,0.00372772,0.003776467,0.003734745,0.003750287,0.003759334,0.00374989,0.003723379,0.003736866,0.003725931,0.003724704,0.00372212,0.003739153,0.003743428,0.003741108,0.003733088,0.003785282,0.003709958,0.003733685,0.003737993,0.003720628,0.003736568,0.003755358,0.003729841,0.003738258,0.003731166,0.003736137,0.003743494,0.003748796,0.003759235,0.003788529,0.003770137,0.003776036,0.003783989,0.003795356,0.003816233,0.003834459,0.003824286,0.003834294,0.003836779,0.003837044,0.003878401,0.003865875,0.003887348,0.003887978,0.003879163,0.003899046,0.003879461,0.003901896,0.003903752,0.003926352,0.003954553,0.00394723,0.003952664,0.003947263,0.003957072,0.003998197,0.00398355,0.004019041,0.004051384,0.004047971,0.00415418,0.004166275,0.004203788,0.004279311,0.004311687,0.004374418,0.004422966,0.004495507,0.004551511,0.004604201,0.004653445,0.004703981,0.004742455,0.004799718,0.004865101,0.004914278,0.005020752,0.00511248,0.005175377,0.005271015,0.005330498,0.005472199,0.005537813,0.005586427,0.005654825,0.005743139,0.00577757,0.005853126,0.00589604,0.005909196,0.005954762,0.005957347,0.005989093,0.005940214,0.005862438,0.005804876,0.005718153,0.005619798,0.005455629,0.005254876,0.005055713,0.004833652,0.004602677,0.004325042,0.00403846,0.003771662,0.003466787,0.003207279,0.002970505,0.002712654,0.002465805,0.002269724,0.002055252,0.001875674,0.001701465,0.001581603,0.001436721,0.001350925,0.001262048,0.001189375,0.001137447,0.001048834,0.000973146,0.000921715,0.000892586,0.00084712,0.00079791,0.000768781,0.00075135,0.000714334,0.000694948,0.000674866,0.000660617,0.000645141,0.000630924,0.000616178,0.000585591,0.000579924,0.000566967,0.000563653,0.000538832,0.000536645,0.000518684,0.000528062,0.000519214,0.000508378,0.000500657,0.000491345,0.000481801,0.000480973,0.000473152,0.000467386,0.000461852,0.000465795,0.000450717,0.000454064,0.000457511,0.000440742,0.000441737,0.000441902,0.000435175,0.000434512,0.000421191,0.000415657,0.000425399,0.000415027,0.000419236,0.000419037,0.000418374,0.000419368,0.000414232,0.00040651,0.000405417,0.000406543,0.00040651,0.000406809,0.000414232,0.000398358,0.000399518,0.000393288,0.000390239,0.000383081,0.000380729,0.00038053,0.000390007,0.000385633,0.000383479,0.000380497,0.000372212,0.000365054,0.00036015,0.000352627,0.000346662,0.000359851,0.000339504,0.000342851,0.000329662,0.000326713,0.000327806,0.000310806,0.000309779,0.000310309,0.000302654,0.000295297,0.00029321,0.0002835,0.000280352,0.000283732,0.000278794,0.000266235,0.000264611,0.000258878,0.000257354,0.000252648,0.000243933,0.000250594,0.000244595,0.000242011,0.000237636,0.000228391,0.000224613,0.000223851,0.000219775,0.000214671,0.000215533,0.000214671,0.000210993,0.000202675,0.000210529,0.000202278,0.000210529,0.000203404,0.000202178,0.000194324,0.00019111,0.000192667,0.000184151,0.000180738,0.000182428,0.000178517,0.000182759,0.000183687,0.000176131,0.000183057,0.000194159,0.000191408,0.000174441,0.0001757,0.000173315,0.000174176,0.000173016,0.000158203,0.000165494,0.00016281,0.000172486,0.000158071,0.000167018,0.000163274,0.000164334,0.000157242,0.000180738,0.000161882,0.000155751,0.000163737,0.000160921,0.000168178,0.000192369,0.000156248,0.000156977,0.000155817,0.000165394,0.000156149,0.000150383,0.000154757,0.000141435,0.000136995,0.000139149,0.000145909,0.000136995,0.000135835,0.000151211,0.000133813,0.000129605,0.00012934,0.000128909,0.000118835,0.000117078,0.000118437,0.000120127,0.000112638,0.000122513,0.000111014,0.000110782,0.000110219,0.000104221,0.000104088,0.000100609,0.000103724,9.53E-05,9.35E-05,9.37E-05,8.81E-05,8.69E-05,9.23E-05,8.65E-05,8.43E-05,9.11E-05,8.71E-05,7.87E-05,7.54E-05,7.43E-05,7.64E-05,7.02E-05
,HNGH055,#N/A,7.47E-05,7.16E-05,8.20E-05,7.63E-05,7.60E-05,8.13E-05,8.90E-05,9.03E-05,8.65E-05,9.61E-05,9.61E-05,9.92E-05,9.78E-05,0.000105057,9.93E-05,0.000100816,0.000103988,0.000117316,0.000123267,0.000109547,0.000118884,0.000116282,0.000124408,0.000115498,0.000118064,0.000116674,0.000121165,0.00012202,0.00012904,0.000129575,0.000128648,0.000127294,0.000132105,0.000139838,0.000136631,0.000140622,0.000131962,0.000137843,0.000137949,0.000143901,0.000150529,0.000152062,0.000148961,0.000145291,0.000149852,0.000148534,0.000145362,0.000147892,0.000150387,0.000152347,0.000160757,0.000150957,0.000150387,0.000154271,0.000148569,0.000150992,0.00015983,0.00016122,0.000169238,0.000172232,0.000178504,0.000174049,0.000168276,0.000164713,0.000162182,0.000172873,0.000177862,0.000168383,0.000175867,0.000171876,0.000176188,0.000177542,0.000180927,0.000185311,0.000186237,0.000180927,0.000184598,0.000185774,0.000192937,0.000197855,0.000196322,0.000196714,0.000196215,0.000203378,0.000207334,0.000212394,0.000209935,0.000210898,0.000226542,0.000223727,0.0002264,0.000221909,0.000235487,0.000232244,0.000242294,0.000243826,0.000251025,0.000255158,0.000254267,0.000256513,0.00025776,0.000266883,0.00027458,0.00027622,0.000288087,0.000288479,0.000285699,0.000289084,0.000291686,0.000305798,0.000304765,0.000305762,0.000326147,0.000325291,0.000329104,0.000327429,0.000341363,0.000332134,0.000357222,0.000357578,0.000361854,0.000357364,0.000363387,0.000373329,0.000369837,0.000374434,0.000377784,0.000401732,0.000381633,0.000393535,0.0004002,0.000398097,0.000407719,0.000405581,0.000403656,0.000406792,0.000402837,0.000416414,0.00041588,0.000419051,0.000422544,0.00042233,0.000412031,0.000418909,0.000418837,0.000431738,0.00042429,0.000436228,0.000430811,0.000432665,0.000434126,0.000438473,0.000445957,0.000429814,0.000447097,0.000452051,0.00044781,0.000451267,0.00045761,0.000464452,0.000470689,0.000469762,0.000482983,0.000477353,0.000479063,0.000499911,0.000515021,0.000518086,0.000534977,0.000517979,0.000537579,0.00054353,0.000551228,0.000558533,0.000587898,0.000598624,0.000600584,0.00061434,0.000627704,0.000641994,0.000666655,0.000683012,0.000709953,0.000735327,0.000751684,0.000786251,0.000819928,0.000828837,0.000881651,0.000919889,0.00097313,0.001021667,0.001067139,0.001127864,0.001207512,0.001289619,0.001375396,0.001501621,0.001614625,0.001770357,0.001945404,0.002109618,0.00231713,0.002529632,0.002761519,0.003007875,0.003281066,0.003558711,0.003805744,0.004080574,0.004322832,0.00456958,0.004792487,0.004997469,0.005157335,0.005312497,0.005417376,0.005524357,0.005595844,0.005596771,0.005619364,0.00562749,0.00561434,0.005564448,0.005581625,0.005520116,0.005429278,0.00541955,0.005339866,0.005247674,0.005214496,0.005117707,0.005021025,0.004990805,0.004902106,0.004834895,0.004787035,0.004722105,0.004653326,0.004624959,0.004559637,0.004522112,0.004474323,0.004405545,0.004386123,0.00431517,0.004238516,0.004208652,0.004176116,0.004130358,0.004079897,0.004050568,0.004016,0.004001425,0.003960585,0.003964719,0.003963828,0.003956309,0.003963971,0.003968532,0.003977655,0.003974199,0.003964791,0.003964755,0.003973058,0.003946723,0.003931862,0.00393956,0.003960372,0.00394291,0.003920494,0.003944264,0.003900609,0.003879904,0.003922526,0.003907344,0.003889277,0.00388051,0.003881187,0.003886604,0.003873383,0.003864295,0.00387994,0.003903602,0.003856348,0.003857168,0.003877552,0.003842414,0.003865364,0.003872456,0.003846833,0.003851573,0.003846655,0.003851965,0.003842343,0.003847546,0.003810876,0.003839635,0.003849043,0.003850041,0.003849185,0.003874095,0.003875164,0.003857667,0.003844267,0.003837675,0.003842165,0.003857239,0.003839029,0.003861017,0.003866612,0.003846334,0.003834717,0.003846085,0.003839528,0.003848081,0.00386262,0.003884501,0.00388386,0.003859342,0.003877837,0.003899789,0.003886247,0.0039309,0.003934785,0.00391383,0.003919532,0.00394095,0.003959837,0.003931435,0.00398799,0.003982074,0.003947079,0.003966822,0.003988346,0.003980399,0.003970136,0.004006842,0.00400563,0.003965111,0.003993728,0.00400253,0.004007947,0.004029008,0.004042799,0.004034781,0.004077973,0.004082534,0.004162538,0.004182602,0.004210006,0.004260789,0.004289547,0.004351021,0.004434018,0.004483874,0.004510958,0.004531591,0.004596094,0.004634367,0.004678272,0.004714764,0.004792701,0.004846762,0.004940486,0.004983322,0.005076583,0.005166351,0.005247781,0.005331349,0.005415309,0.005476675,0.005568974,0.005614625,0.005644488,0.005696161,0.005730978,0.005754499,0.005793841,0.005788888,0.005815687,0.005739567,0.005673853,0.005629806,0.00553095,0.00542992,0.005253661,0.005109261,0.004926695,0.004679697,0.004453155,0.004208652,0.003922205,0.003676811,0.003399878,0.003144863,0.002904208,0.002655928,0.002429885,0.002232743,0.002025801,0.001861587,0.001685649,0.001564734,0.001414454,0.001339118,0.001251702,0.001168811,0.001112754,0.001038808,0.000971099,0.000922775,0.000886176,0.000847689,0.000808168,0.0007705,0.000759132,0.000713303,0.000697979,0.00068237,0.000650048,0.000654467,0.000628773,0.000606536,0.000592495,0.000594704,0.000569188,0.000563736,0.000537187,0.000542853,0.000529846,0.000527779,0.000518228,0.000509818,0.000505221,0.000502584,0.00049453,0.000493176,0.000479954,0.000479099,0.000466591,0.000471972,0.000459535,0.000458572,0.000455044,0.000450233,0.000451445,0.000443997,0.00044503,0.000439542,0.000433128,0.000433449,0.000432558,0.000419372,0.000425359,0.000418267,0.000423043,0.000422579,0.00041392,0.000412779,0.000418837,0.000416735,0.000409323,0.000412494,0.000416129,0.000403906,0.000399808,0.000403977,0.000399629,0.000385909,0.000397456,0.000386301,0.000395317,0.000388974,0.000387941,0.000386978,0.000376038,0.000374292,0.000362033,0.00036385,0.000357222,0.00036018,0.000343787,0.000353337,0.000334984,0.000330209,0.00033723,0.000320837,0.000316632,0.000310752,0.00030366,0.000303553,0.00030113,0.000292363,0.000294929,0.000287695,0.000276433,0.000273012,0.000264709,0.000257938,0.000258971,0.000258508,0.000252735,0.000250739,0.000252664,0.000250526,0.000243897,0.000226899,0.000232244,0.000232672,0.000225331,0.000217633,0.000213998,0.000219094,0.000209543,0.000206693,0.00021357,0.000208439,0.000211895,0.000206158,0.000201882,0.000199351,0.000194398,0.000192082,0.00019005,0.000187805,0.000183992,0.000183172,0.000187983,0.000187413,0.000185346,0.000187128,0.000191298,0.00018866,0.000174513,0.00017551,0.000172481,0.000176152,0.000178005,0.000164891,0.000162895,0.000164427,0.000171484,0.000157122,0.000170343,0.000166245,0.00016931,0.000155518,0.000180642,0.000163038,0.000159082,0.000161719,0.000162895,0.000167742,0.000181996,0.000155376,0.000157229,0.000150102,0.00015812,0.000156587,0.000147963,0.000157585,0.000140016,0.000136168,0.00013688,0.000147785,0.000134528,0.0001346,0.000149068,0.000137237,0.000132105,0.000126332,0.000126617,0.000117637,0.000121592,0.000113574,0.000116888,0.000113895,0.000118349,0.000114572,0.000109191,0.000110545,0.000109404,0.000101244,9.89E-05,0.000105092,9.20E-05,9.28E-05,9.01E-05,9.05E-05,9.35E-05,9.67E-05,8.98E-05,8.52E-05,9.20E-05,8.56E-05,7.82E-05,7.78E-05,7.74E-05,7.78E-05,7.02E-05
,HNGH056,#N/A,7.16E-05,7.21E-05,7.93E-05,7.59E-05,7.47E-05,7.94E-05,8.18E-05,8.48E-05,8.32E-05,9.03E-05,8.74E-05,9.66E-05,8.88E-05,0.000101372,9.48E-05,9.75E-05,9.74E-05,0.000110451,0.000118349,0.000107042,0.000113925,0.000113433,0.000120807,0.000115006,0.000118251,0.000111565,0.000120512,0.000119332,0.000129165,0.000131557,0.000127264,0.000132344,0.000132803,0.000132934,0.000135687,0.000140505,0.000129689,0.000139849,0.000138178,0.000139423,0.000149354,0.000148436,0.000144569,0.000145454,0.000147977,0.000148928,0.000151583,0.000152795,0.00014375,0.000156335,0.000158826,0.000154598,0.000149125,0.000155024,0.000148699,0.000148076,0.000163185,0.000159481,0.000156073,0.000163087,0.000167937,0.000166659,0.00016112,0.000159973,0.000156269,0.000163677,0.000162726,0.000166593,0.000170985,0.00016738,0.000173148,0.000173771,0.00017777,0.000173476,0.000178032,0.000173935,0.000175705,0.000180359,0.000185865,0.000185898,0.000186422,0.000197238,0.000190814,0.000195304,0.000193633,0.000205333,0.000200155,0.00020648,0.000216935,0.000217853,0.00021333,0.000216444,0.00022231,0.000225227,0.000231225,0.000235453,0.000241418,0.000247547,0.000248333,0.000253741,0.000249546,0.000256855,0.000262459,0.000268916,0.000277765,0.00028337,0.000275635,0.000281337,0.000290678,0.00029471,0.000299232,0.000298905,0.000315653,0.00030818,0.000317095,0.000321519,0.000333482,0.000335186,0.000337677,0.000347575,0.000352131,0.000349345,0.000353573,0.000350525,0.000364683,0.000366289,0.000366978,0.000388969,0.000371501,0.000380841,0.000386446,0.000377433,0.000386052,0.00039536,0.000388773,0.000397753,0.000394738,0.000396508,0.000397032,0.000397884,0.000402833,0.000400047,0.000397196,0.000399621,0.000402538,0.000408765,0.000405455,0.000421318,0.00040965,0.000410338,0.000406012,0.000410863,0.000429053,0.000410863,0.000425677,0.00043056,0.00042961,0.000433805,0.000435575,0.000440524,0.000452716,0.000449832,0.000450618,0.000462909,0.000469759,0.000476576,0.0004771,0.000484606,0.000500436,0.000498666,0.000510104,0.000520265,0.000528458,0.000541535,0.000559496,0.000575129,0.00057703,0.000594401,0.000611542,0.00063124,0.000653625,0.000675452,0.000698919,0.000715339,0.000734807,0.000771351,0.000806584,0.000822906,0.000880655,0.0009073,0.000976029,0.00102306,0.001078908,0.00114708,0.001230393,0.001323505,0.001419371,0.001543751,0.00168619,0.001845114,0.002029012,0.002212124,0.002403725,0.002647339,0.002905013,0.003180615,0.003448285,0.003749812,0.004054616,0.00435434,0.00460441,0.004875784,0.005102618,0.00531775,0.00547697,0.005666604,0.005804061,0.005856074,0.005884391,0.005961346,0.005928113,0.005908415,0.005893666,0.005863645,0.005797637,0.005747754,0.005667521,0.005597285,0.005490145,0.005428496,0.005359178,0.005233913,0.005138998,0.005071678,0.004984957,0.004907609,0.004832456,0.004774707,0.004712501,0.004638726,0.00457629,0.004518443,0.004439882,0.004384394,0.004322778,0.004267094,0.004195776,0.004138126,0.004114135,0.004040621,0.004037278,0.003977825,0.003927418,0.003890808,0.003857509,0.003842203,0.003845874,0.003817557,0.003835222,0.00385102,0.003846431,0.003830142,0.003812411,0.003831945,0.00379763,0.003799891,0.003799859,0.00379822,0.003797433,0.003772361,0.003803857,0.003750828,0.003773344,0.00374152,0.003750533,0.003743159,0.003725886,0.003745944,0.003748599,0.003736505,0.003720052,0.003712023,0.003701666,0.003740537,0.003718479,0.003719069,0.003710056,0.003712318,0.003715693,0.003725722,0.003703206,0.003703141,0.003703042,0.003699339,0.003707926,0.003716218,0.003681837,0.003712121,0.003704452,0.00370691,0.003720872,0.00372215,0.00370786,0.003768002,0.003704648,0.00369108,0.003700552,0.00370727,0.003697405,0.0037212,0.003713825,0.003692161,0.003697995,0.003700912,0.003719364,0.003725165,0.003703042,0.003724477,0.00372687,0.003721724,0.003731294,0.003728476,0.003721593,0.003746108,0.003770624,0.003751975,0.003744699,0.003778162,0.003824505,0.003788912,0.003820703,0.003814738,0.003794221,0.003800547,0.003833944,0.003827488,0.003846694,0.003865146,0.003880124,0.003849643,0.003869931,0.003886744,0.003885794,0.003918601,0.003930761,0.003927778,0.003977596,0.004018433,0.004058811,0.004107318,0.004140387,0.004213245,0.004279188,0.004323466,0.004374431,0.004445978,0.004509823,0.00457334,0.004614308,0.00469146,0.004752912,0.004780377,0.004850679,0.004922816,0.005012815,0.005125888,0.005211364,0.005340988,0.005408503,0.005530687,0.005595909,0.005696691,0.005776038,0.005866824,0.005917526,0.005978946,0.006039055,0.006112863,0.006123253,0.006106177,0.006170645,0.006122597,0.006066225,0.005996513,0.005888914,0.005777415,0.005627045,0.005464286,0.005250661,0.004982925,0.004758582,0.004475803,0.004183355,0.003871897,0.003599147,0.003336687,0.003058431,0.002778273,0.002521058,0.002331555,0.002097675,0.001917644,0.001727748,0.001591078,0.001456112,0.001364834,0.00126379,0.001192309,0.001131315,0.001050329,0.000982518,0.000922704,0.000892027,0.000839785,0.00079721,0.000756668,0.000736479,0.000705966,0.000683712,0.000672503,0.00064507,0.000618589,0.000614131,0.000585289,0.00057644,0.000573982,0.000561659,0.000538848,0.000521674,0.000522297,0.000500796,0.00050781,0.000494995,0.000492537,0.000484966,0.000475822,0.000462942,0.000465039,0.000459828,0.000449865,0.000437902,0.000442884,0.000439868,0.000439541,0.000437967,0.000428397,0.000431904,0.00043174,0.000424759,0.000421547,0.000412469,0.00041768,0.000410338,0.000401588,0.000409749,0.000413059,0.000406733,0.000410994,0.000400146,0.000393951,0.000395983,0.000398081,0.000400047,0.000393918,0.000397163,0.000392902,0.000396737,0.000381398,0.000385168,0.000383529,0.000377433,0.000375466,0.000385921,0.000368813,0.000367961,0.000367994,0.000365175,0.000358751,0.000357506,0.00034787,0.00034787,0.000362815,0.000341741,0.000339742,0.0003285,0.000320733,0.000317685,0.000318668,0.000304804,0.000297299,0.000296348,0.000298282,0.000286286,0.000278879,0.000286876,0.000276683,0.000275274,0.000272259,0.000262525,0.000255577,0.000248104,0.000249054,0.000242205,0.000241057,0.000244138,0.000239189,0.00023778,0.000223457,0.000223687,0.000221622,0.000209692,0.000209692,0.00020825,0.000205464,0.000200187,0.000196222,0.000209135,0.00019868,0.000205726,0.000198549,0.000190519,0.00019242,0.00018829,0.000187995,0.000185767,0.000182325,0.000178032,0.000173345,0.000182129,0.000179539,0.000177868,0.000178491,0.000182161,0.000184325,0.000170953,0.000171149,0.00017246,0.000168986,0.000166757,0.000162923,0.000166299,0.000159842,0.000164955,0.000157318,0.00016135,0.000160661,0.000161972,0.000154565,0.000174164,0.000157253,0.000157154,0.000162955,0.000162792,0.00017328,0.000186848,0.000156728,0.000153582,0.000150436,0.000162693,0.000154106,0.000149583,0.000152763,0.000141849,0.00013844,0.000133262,0.000152107,0.000135884,0.000136769,0.000149354,0.000133852,0.000131066,0.000125756,0.00012261,0.000122118,0.000121233,0.000115465,0.00011281,0.000113105,0.000117104,0.000115891,0.000112056,0.000109631,0.000104322,0.000101438,0.000100389,0.00010347,9.42E-05,9.25E-05,8.76E-05,8.85E-05,8.85E-05,9.22E-05,8.49E-05,8.27E-05,8.73E-05,8.45E-05,7.95E-05,7.58E-05,7.24E-05,7.68E-05,7.06E-05
,HNGH057,#N/A,8.00E-05,7.60E-05,8.18E-05,7.62E-05,8.14E-05,8.20E-05,9.60E-05,9.10E-05,8.89E-05,9.69E-05,9.63E-05,0.000100146,0.00010337,0.000108965,0.000100815,0.000104343,0.000105651,0.000116447,0.000119914,0.000113101,0.000123533,0.000119427,0.000121769,0.000122195,0.000124202,0.000121404,0.000126483,0.000129767,0.000139529,0.000140807,0.00013442,0.000136427,0.00014108,0.000145551,0.000140259,0.000152272,0.000133325,0.000144273,0.000145642,0.000152667,0.000158537,0.000157868,0.000157776,0.000151755,0.000149991,0.000155587,0.000154127,0.000152028,0.000151177,0.000165471,0.000166839,0.000161547,0.000157928,0.000163767,0.000154613,0.000159054,0.000167386,0.000159692,0.000175476,0.00017505,0.000185542,0.000176388,0.000176936,0.0001662,0.000168512,0.000166079,0.000176814,0.000172861,0.00018536,0.000174746,0.000177635,0.00018612,0.000187154,0.000182927,0.000181498,0.000185299,0.000190591,0.000187063,0.000195548,0.000196247,0.000197372,0.000209628,0.000198771,0.000210571,0.000208625,0.000214738,0.000215163,0.000217171,0.000231373,0.000223892,0.000219664,0.000227875,0.000237638,0.000229913,0.000245758,0.000250988,0.000251657,0.000253513,0.000258591,0.000266529,0.000260994,0.000263548,0.000278998,0.000282982,0.000290128,0.000292592,0.000295298,0.000284046,0.000296728,0.000311325,0.000307372,0.00030871,0.000318229,0.000323247,0.000327961,0.000328873,0.000339912,0.000342832,0.00035746,0.000360592,0.000358312,0.000358129,0.000363542,0.000368378,0.000370415,0.000379843,0.000375221,0.000399702,0.000382185,0.000382094,0.000404477,0.000392008,0.000400706,0.00040843,0.000397756,0.000414421,0.000402743,0.000416033,0.000411046,0.000405754,0.000418284,0.000421082,0.00040472,0.000418588,0.000416459,0.000428289,0.00042026,0.00043501,0.00042765,0.000431908,0.000420625,0.000429718,0.000439937,0.000430053,0.000436774,0.000442735,0.000442522,0.000445441,0.000449091,0.000463932,0.000461438,0.00046013,0.000477252,0.000475671,0.000480932,0.000488809,0.000496168,0.000516301,0.000509732,0.000514689,0.000530564,0.00053467,0.000537589,0.00056131,0.000580044,0.000583055,0.000594672,0.000612858,0.000632383,0.000625722,0.000664923,0.000683535,0.000705614,0.000729153,0.000741074,0.000781187,0.000814215,0.000829147,0.000881881,0.000915455,0.000974363,0.001027614,0.00107235,0.001153732,0.001202725,0.001297823,0.00138699,0.001522353,0.001652576,0.001801107,0.001963385,0.002140442,0.00233085,0.002576669,0.002788335,0.003090749,0.003360806,0.003618941,0.003893712,0.004203699,0.004466092,0.004726994,0.004956786,0.005172588,0.00533599,0.005509185,0.005637371,0.005720426,0.005763154,0.005802994,0.005813729,0.005787362,0.005781797,0.005760265,0.00572891,0.005659359,0.005594551,0.005548508,0.005458398,0.005372545,0.005291528,0.005240497,0.005111247,0.005081839,0.005009702,0.004888572,0.00486032,0.004786176,0.004698955,0.004659085,0.004593547,0.004541969,0.004474516,0.004414209,0.004362813,0.004305213,0.004241683,0.004195883,0.004155861,0.004071864,0.004051974,0.00400806,0.003979382,0.003927712,0.00392388,0.003895263,0.003877563,0.003887203,0.003901923,0.003914604,0.003891796,0.003899155,0.003844779,0.003863726,0.003854146,0.003840339,0.003865094,0.003846756,0.003850527,0.003836872,0.003802932,0.003813424,0.003807555,0.003783317,0.003788061,0.003780336,0.003762758,0.003777843,0.003753817,0.003751324,0.003738216,0.003735692,0.003744663,0.003731526,0.003717141,0.003729792,0.003710906,0.003743751,0.003720152,0.003739585,0.00372003,0.003724409,0.003702452,0.003711758,0.003697921,0.003720881,0.003731404,0.003720304,0.003718753,0.003728454,0.003714039,0.00373259,0.003740132,0.003770453,0.003723193,0.003729944,0.003706801,0.003716958,0.003718084,0.003723101,0.003718631,0.003716472,0.003706193,0.003710693,0.003722919,0.003721642,0.003731434,0.003738277,0.003752692,0.003741683,0.003767928,0.003768567,0.003782739,0.003798705,0.003790524,0.003807616,0.003793261,0.003828357,0.003840065,0.003847121,0.00385375,0.003851318,0.003874583,0.003861323,0.003866189,0.003884406,0.003883098,0.003901132,0.003896996,0.00391351,0.003930054,0.003916186,0.003950673,0.003960496,0.00395858,0.003983274,0.004030595,0.004041665,0.004117542,0.004137705,0.004195548,0.004227085,0.00429095,0.004366858,0.00441646,0.004461804,0.004527098,0.004588195,0.004608297,0.004673378,0.004746762,0.004784746,0.004863969,0.004921143,0.005025668,0.005084698,0.005185817,0.005303784,0.005391948,0.005488384,0.005566877,0.00564616,0.005708991,0.005795847,0.005827992,0.00586552,0.005935163,0.005943678,0.006005688,0.006014143,0.006034123,0.005961743,0.005897392,0.005846574,0.005747462,0.00559075,0.005492155,0.005290068,0.005085914,0.004832097,0.004615444,0.004338028,0.004029804,0.003765343,0.003476158,0.003212609,0.002955812,0.002685451,0.002446719,0.002247248,0.002051214,0.001856366,0.001698954,0.001558269,0.001441883,0.001340916,0.001261207,0.00118092,0.001128855,0.00104358,0.000971291,0.000917615,0.000900189,0.000837206,0.000798431,0.000771182,0.000743294,0.000724105,0.000697068,0.000678152,0.000653762,0.000639043,0.000638921,0.000607384,0.00058938,0.000579132,0.000564868,0.000559333,0.000532875,0.000530534,0.000515723,0.000510827,0.000515662,0.000502707,0.000505626,0.000485554,0.000483,0.000478408,0.000474941,0.00046676,0.000457636,0.000464692,0.000452254,0.000445411,0.000451463,0.00044605,0.000445016,0.000434341,0.00043279,0.000432608,0.00042762,0.000427468,0.000420808,0.000413022,0.000418557,0.000416581,0.000415668,0.000427863,0.000416915,0.000413114,0.000410468,0.000408704,0.000405267,0.000415455,0.000410042,0.000397817,0.000395323,0.000392342,0.000394502,0.000388024,0.000390883,0.000384922,0.000390244,0.000379752,0.000384283,0.000385895,0.00037589,0.000375008,0.000357186,0.000366949,0.000358646,0.000360745,0.000345812,0.000350222,0.000332614,0.000337054,0.000336537,0.000325254,0.000320936,0.000314701,0.00030874,0.000304909,0.000303966,0.000289064,0.000290311,0.000283012,0.000277872,0.000274041,0.000264917,0.00025996,0.000260234,0.000266377,0.000254242,0.000255003,0.000249772,0.000253269,0.000244997,0.000229974,0.00022821,0.000234596,0.000219391,0.000217809,0.000212457,0.000222523,0.000214312,0.000205127,0.00021416,0.000214403,0.000214038,0.000209324,0.000201265,0.000211149,0.000201052,0.000195913,0.000193693,0.000188979,0.000194301,0.000188675,0.00019053,0.000185086,0.000188736,0.000191016,0.000194575,0.000193206,0.000179217,0.000177726,0.000180981,0.000181224,0.00017648,0.000169819,0.000174047,0.000170184,0.000177848,0.000164801,0.000174138,0.000172009,0.000172039,0.000165805,0.00018977,0.000172526,0.000164558,0.000176753,0.000170428,0.00017502,0.000194392,0.000168968,0.000160665,0.000159175,0.000172344,0.000163555,0.000154766,0.000157776,0.000142844,0.000143483,0.000146189,0.000157442,0.000141415,0.000144,0.000157411,0.000142236,0.0001381,0.00012998,0.000130679,0.000126361,0.000131379,0.000117025,0.000123958,0.000122438,0.000119853,0.000117694,0.000112645,0.000109239,0.000109026,0.000104647,0.000101606,0.000113162,9.62E-05,9.21E-05,9.45E-05,8.83E-05,9.27E-05,9.83E-05,9.44E-05,8.55E-05,9.33E-05,9.15E-05,8.23E-05,7.70E-05,7.80E-05,7.83E-05,7.19E-05
,HNGH058,#N/A,7.22E-05,7.16E-05,7.57E-05,7.51E-05,7.39E-05,7.93E-05,8.37E-05,8.91E-05,8.46E-05,8.84E-05,9.22E-05,9.31E-05,9.49E-05,9.96E-05,9.60E-05,9.86E-05,0.000100841,0.000111729,0.000111508,0.000102677,0.000113248,0.000112489,0.000113976,0.000114103,0.000112141,0.000118313,0.000121193,0.000118946,0.000123946,0.000133632,0.000122522,0.000126289,0.00013015,0.000129011,0.00013379,0.000138601,0.000128916,0.000136797,0.000133379,0.000141165,0.000148634,0.000146071,0.00014145,0.000140975,0.000144488,0.000147147,0.000142621,0.000142273,0.000144013,0.000153572,0.000151167,0.000148413,0.000145374,0.000148729,0.000143665,0.000146039,0.000156769,0.000153572,0.00015775,0.000162245,0.000167594,0.000164397,0.000156611,0.000150755,0.000157275,0.000161548,0.000164808,0.000165061,0.000171645,0.000169176,0.000170411,0.000173671,0.000173576,0.000175317,0.000171961,0.000178133,0.00017921,0.0001819,0.000185255,0.000186933,0.000186394,0.000189211,0.000188388,0.000196396,0.000195288,0.000206271,0.0002051,0.000206303,0.000217634,0.000217381,0.000216242,0.000218742,0.000227478,0.000219882,0.000236372,0.000239442,0.000247418,0.000249602,0.000243778,0.000258401,0.000249222,0.000256249,0.000270587,0.000264605,0.000275145,0.000283058,0.000278658,0.000279259,0.000286349,0.000295971,0.000298852,0.000301542,0.000314677,0.000307397,0.000320343,0.000324331,0.000330598,0.000333035,0.00034215,0.000349937,0.000351583,0.000355381,0.000359875,0.00035997,0.000366838,0.000370447,0.000369909,0.000384278,0.000373454,0.000377632,0.000385354,0.000385576,0.000389786,0.000397667,0.000392286,0.000397445,0.00039716,0.000413556,0.000410707,0.000404598,0.000413271,0.000413429,0.000407605,0.000411498,0.000409125,0.000424982,0.000420867,0.000424982,0.000420108,0.000416879,0.000419696,0.000422165,0.000431945,0.000433813,0.000437104,0.000434636,0.000442517,0.000448815,0.000448942,0.000460653,0.000465559,0.000468756,0.000467996,0.000471256,0.000473788,0.000487335,0.000502148,0.000506073,0.000513985,0.00051772,0.000529716,0.000539338,0.000539908,0.000557031,0.000578332,0.000587353,0.000581276,0.000613086,0.000630367,0.000631412,0.0006586,0.000677528,0.000700855,0.000730702,0.000746686,0.000772861,0.000816192,0.000843792,0.000893263,0.000919343,0.000981791,0.001033446,0.001081715,0.001164071,0.001226709,0.001323404,0.001420732,0.001530941,0.00167198,0.001819411,0.002004255,0.002182642,0.002367517,0.002598698,0.002838741,0.003085115,0.003362348,0.00363629,0.003914885,0.004192847,0.004459414,0.004720727,0.004938266,0.005112697,0.005287823,0.005464659,0.005571894,0.005632443,0.005676375,0.005712679,0.005723313,0.005691915,0.005682167,0.005645388,0.005629752,0.005574299,0.005493145,0.005450732,0.005384296,0.005340808,0.005256647,0.005125009,0.005063511,0.005014862,0.004927916,0.004853188,0.004812769,0.004716486,0.004660811,0.004620836,0.004566427,0.004505973,0.004476949,0.004431782,0.004360789,0.004325276,0.004241558,0.004191834,0.004162715,0.004106027,0.004079377,0.004027722,0.003986797,0.003958912,0.003947233,0.003941979,0.003943719,0.00392935,0.003924602,0.003944891,0.003957361,0.003934762,0.003920677,0.003937896,0.003918968,0.003911245,0.003916689,0.003893362,0.003892729,0.00387722,0.003893141,0.003885481,0.003885228,0.003855096,0.003834744,0.003842467,0.003824109,0.003814772,0.003826958,0.003851108,0.003807967,0.003799611,0.003801289,0.003831959,0.003798503,0.003809961,0.003806923,0.003785685,0.003785368,0.003814139,0.003784292,0.003797649,0.00375685,0.003813443,0.003781127,0.003799833,0.003772929,0.003778721,0.003808505,0.003802333,0.003808695,0.003791572,0.003784292,0.003843638,0.003765554,0.003790116,0.003789198,0.003787742,0.0038017,0.003805878,0.003804422,0.003780905,0.003778373,0.00380439,0.003809676,0.003805941,0.003806005,0.003790369,0.003831389,0.003814772,0.003831674,0.003852975,0.00382623,0.003848702,0.00387779,0.003881208,0.003885133,0.003880385,0.003890988,0.003919696,0.003955019,0.003901528,0.003918082,0.003907352,0.003932958,0.003918145,0.003933211,0.003970528,0.003980055,0.003953183,0.003967901,0.003968376,0.003966667,0.003980657,0.00399664,0.00401734,0.004045858,0.004057031,0.004126094,0.004167146,0.004208736,0.004230069,0.004285427,0.004355439,0.004432447,0.004469226,0.004523824,0.004545474,0.004570985,0.004629761,0.004692811,0.004736743,0.004821948,0.00485227,0.004949376,0.005041861,0.005118077,0.005228097,0.005312733,0.005416043,0.005434052,0.005550339,0.005615984,0.005684699,0.005751198,0.005785603,0.005856565,0.005879006,0.005889008,0.005925787,0.005916355,0.005884039,0.005840486,0.00576063,0.005692675,0.005540939,0.005431488,0.005238416,0.005057623,0.004829449,0.004601212,0.004354142,0.004046428,0.003801795,0.003510825,0.003251284,0.002987344,0.002725968,0.002486937,0.002294339,0.002076863,0.001896704,0.001731832,0.001587059,0.001452098,0.001353346,0.001251176,0.001192209,0.001132072,0.001051962,0.000987141,0.000932605,0.000894909,0.000843349,0.00080638,0.000770677,0.00075751,0.000713642,0.000696961,0.000679901,0.000659107,0.000650118,0.000624322,0.000611313,0.000601596,0.00057982,0.000570894,0.000561114,0.000536679,0.000536584,0.000510852,0.000515093,0.000517214,0.000508225,0.000501641,0.000494298,0.000482144,0.000473282,0.000470117,0.000468946,0.000458532,0.000453025,0.000451696,0.000447802,0.000447739,0.000442485,0.000442105,0.000436914,0.000437516,0.000428875,0.000429793,0.000427546,0.000430426,0.000413334,0.000420582,0.000415328,0.000413271,0.000419475,0.00041574,0.000399344,0.000406561,0.00040808,0.000401085,0.000409599,0.000405042,0.000391432,0.000389532,0.000386937,0.000383171,0.000382063,0.00039026,0.00037779,0.000387665,0.000376999,0.000376587,0.000374878,0.000364781,0.000363135,0.000359527,0.000359211,0.0003475,0.000361616,0.000340378,0.000338416,0.00033025,0.000326135,0.000328319,0.00031914,0.000312557,0.000301953,0.000300276,0.000296889,0.000293091,0.00028214,0.000279639,0.000283184,0.000271536,0.000265364,0.000256281,0.000261028,0.000251121,0.000248304,0.000246025,0.000240613,0.000237258,0.000234536,0.000232922,0.000226243,0.000222034,0.000227763,0.000219343,0.000210165,0.000211146,0.000205923,0.000204562,0.000197852,0.000207221,0.000204847,0.00020203,0.000200954,0.000190541,0.000192851,0.000193389,0.000189465,0.000183767,0.000181742,0.000178228,0.000178482,0.000173671,0.000179178,0.000178925,0.000177659,0.0001775,0.000179241,0.000166422,0.000170379,0.000171392,0.000168733,0.00016522,0.000153477,0.000157845,0.000158573,0.0001637,0.000153319,0.00016408,0.000155693,0.000156611,0.000147812,0.000173449,0.000157212,0.00015392,0.000162909,0.000159111,0.00016753,0.000171582,0.00015009,0.000149362,0.00014702,0.00015009,0.000145723,0.000142462,0.000149236,0.000133568,0.000135214,0.00013781,0.000146166,0.000129739,0.000129517,0.000139835,0.000128156,0.000127555,0.000124896,0.00012439,0.000119135,0.000118566,0.000110495,0.000114166,0.000112267,0.000115622,0.000107203,0.000105399,0.00010543,0.000104702,0.000103785,0.000100145,0.000104576,9.12E-05,9.32E-05,8.92E-05,8.20E-05,9.01E-05,9.30E-05,8.34E-05,8.24E-05,8.70E-05,8.25E-05,8.01E-05,7.52E-05,7.63E-05,7.59E-05,6.79E-05
,HNGH059,#N/A,7.12E-05,7.35E-05,8.13E-05,7.42E-05,7.52E-05,7.98E-05,8.73E-05,8.76E-05,8.36E-05,9.28E-05,8.90E-05,9.47E-05,9.53E-05,0.000100622,9.66E-05,9.56E-05,9.90E-05,0.000108333,0.000105207,0.000106279,0.000113751,0.000115448,0.000119348,0.00011512,0.00011521,0.000115775,0.000118812,0.000119526,0.000127802,0.000126641,0.000123873,0.00013328,0.00013197,0.000134947,0.000135542,0.000141258,0.000133697,0.000136703,0.000142687,0.000142092,0.000147153,0.000147034,0.000146795,0.000146379,0.000152928,0.000145992,0.000149594,0.000150159,0.000154119,0.000156381,0.0001579,0.000153136,0.000152779,0.000157929,0.000153345,0.000155339,0.000161502,0.000158763,0.000163556,0.000165967,0.000173678,0.000172785,0.00016305,0.000164896,0.000163764,0.000164687,0.000172755,0.000171534,0.000178352,0.000174928,0.00017463,0.000184186,0.000180376,0.000176952,0.000181864,0.000182192,0.000183412,0.000182638,0.000191808,0.000193266,0.000190289,0.000200024,0.000191063,0.000199488,0.000197672,0.000209342,0.000211456,0.000210741,0.000216695,0.000218988,0.000224167,0.000220595,0.00023292,0.000222292,0.000237802,0.000245423,0.000251377,0.000251228,0.000251526,0.000251199,0.000253253,0.000261112,0.000270162,0.000271234,0.000277575,0.000282576,0.000280522,0.000291745,0.000292996,0.000299932,0.000300825,0.000304695,0.000318211,0.000317198,0.000330535,0.0003222,0.000330119,0.000333542,0.000346313,0.000352684,0.00035453,0.000351732,0.00035584,0.00036227,0.000368552,0.000368045,0.00037653,0.000388527,0.000380727,0.000386622,0.000386741,0.000390373,0.000403769,0.000402936,0.00039722,0.000402966,0.000403293,0.000405645,0.000411271,0.000405645,0.000415856,0.000405556,0.000413921,0.000412224,0.000418386,0.000416928,0.000421572,0.000425531,0.00042827,0.000431545,0.000420024,0.000426156,0.000436487,0.000437082,0.000429491,0.000441964,0.000441696,0.000447501,0.000448186,0.000463845,0.000466703,0.000467388,0.000482451,0.000478611,0.000483731,0.000484654,0.000498438,0.000513263,0.000519515,0.000522343,0.000535978,0.000540056,0.000548987,0.000558067,0.000571702,0.000586557,0.000589593,0.000616505,0.000626716,0.000630557,0.000662946,0.000679528,0.000708643,0.00071808,0.000740318,0.00076601,0.000796732,0.000819983,0.000881309,0.000897027,0.000959365,0.001002949,0.001059422,0.00111149,0.001189219,0.001275284,0.001362331,0.001481827,0.001607308,0.001755234,0.001940314,0.0021,0.002298267,0.002512015,0.002739279,0.003009709,0.003292196,0.003525324,0.003815432,0.004119174,0.004374273,0.004627347,0.004869078,0.005093395,0.005263738,0.0054253,0.005579031,0.00567242,0.005715169,0.005756162,0.005766106,0.005774173,0.005745803,0.005745148,0.005718295,0.005657118,0.005600615,0.005537711,0.005480999,0.005390022,0.005341021,0.005226526,0.00518065,0.005084583,0.004988664,0.004923825,0.004880183,0.00480674,0.004750773,0.004692364,0.004617136,0.004571111,0.004518389,0.004449144,0.0043863,0.004352987,0.004262427,0.004223815,0.00418187,0.004125009,0.004093423,0.004044154,0.003996195,0.003987085,0.003963745,0.003934511,0.003972736,0.003913613,0.003933618,0.003964579,0.003953028,0.003923199,0.003907302,0.003899889,0.003900752,0.003920371,0.00390105,0.003889529,0.003882176,0.003892268,0.003872233,0.003882235,0.003849876,0.003812782,0.003844904,0.003819897,0.003797808,0.003811056,0.003795754,0.003795754,0.003822279,0.003795545,0.003793997,0.003806203,0.00377036,0.003751397,0.003771223,0.003748301,0.003777862,0.003762441,0.003747973,0.003782328,0.003775034,0.003757708,0.003757142,0.003784322,0.003746723,0.003770777,0.003758601,0.003760268,0.00375616,0.003773992,0.003769705,0.003810698,0.00377033,0.00376783,0.003766282,0.003752736,0.003748062,0.003795158,0.003755654,0.003760596,0.00375357,0.003761876,0.003765924,0.00376259,0.003792211,0.00378584,0.003786168,0.003777624,0.003811681,0.003794712,0.003841064,0.003839843,0.003854847,0.003830972,0.003842165,0.003857526,0.003901824,0.003906885,0.00391787,0.003924151,0.003930225,0.003918912,0.003925967,0.003931981,0.003935643,0.00395672,0.003939959,0.003949932,0.003956482,0.003955559,0.004002923,0.004008043,0.004003518,0.004034092,0.004051061,0.004110511,0.00417666,0.004188449,0.004215361,0.004282075,0.00433444,0.004403507,0.004447507,0.004513745,0.004553815,0.004586145,0.004631544,0.004710405,0.004750237,0.00481323,0.00487274,0.004966128,0.005043619,0.005130488,0.005183687,0.0053178,0.005387581,0.005495646,0.005536877,0.00562583,0.005684566,0.005770928,0.00582121,0.00587295,0.005886257,0.005901529,0.005952555,0.00593892,0.005948059,0.005859762,0.005806176,0.005754108,0.005652504,0.005514639,0.005363348,0.005186932,0.004963062,0.004734042,0.004514816,0.004235723,0.00392689,0.003669797,0.003400945,0.003124383,0.002880061,0.002627642,0.002399396,0.002212828,0.00199262,0.001828855,0.001657113,0.001542201,0.001416304,0.001323958,0.001233278,0.001161771,0.001099463,0.001034564,0.000964277,0.000899826,0.000891252,0.000832724,0.00078667,0.000761038,0.000739753,0.000713436,0.000685869,0.000669109,0.000650115,0.000642881,0.000629336,0.000605699,0.000593821,0.000586914,0.000563425,0.000562651,0.000550892,0.000536394,0.000520974,0.000523385,0.000516597,0.000508292,0.000497485,0.000497158,0.000486173,0.000480159,0.000476735,0.000465155,0.000454348,0.000455599,0.000450836,0.00044771,0.000449823,0.000446846,0.000437052,0.000437261,0.000426008,0.000433361,0.000425472,0.000427704,0.000422257,0.000414844,0.000422882,0.000416005,0.000416987,0.000423269,0.000413921,0.000407193,0.000416749,0.000416094,0.000400614,0.000410229,0.000406062,0.000397875,0.000398113,0.000388259,0.000388795,0.000396476,0.000383972,0.000383347,0.000395196,0.000376828,0.000380608,0.000378435,0.000374178,0.000369951,0.000362598,0.000361585,0.00034932,0.000355989,0.000347087,0.000343158,0.000336162,0.000329285,0.000327142,0.000316573,0.000314221,0.000310649,0.00030404,0.000301659,0.000302939,0.000288798,0.000286803,0.000281594,0.000282665,0.000271918,0.000260487,0.000263494,0.000256408,0.000252866,0.000247954,0.000248966,0.000249383,0.000242059,0.000239946,0.000231193,0.00022774,0.000222649,0.000220149,0.000214016,0.000210295,0.000215296,0.000209253,0.000204609,0.000207377,0.000207288,0.000206157,0.000204668,0.000199518,0.000197553,0.000196779,0.000192701,0.000184901,0.000183115,0.000184812,0.000180435,0.000180465,0.000181269,0.000178649,0.000180733,0.000187729,0.000188831,0.000177786,0.000175494,0.000172844,0.000175345,0.000174928,0.000165402,0.000166592,0.000165372,0.000176536,0.000160817,0.000171743,0.000161174,0.000162097,0.000157453,0.000179364,0.000164806,0.000159864,0.000167277,0.000161829,0.000171802,0.000177965,0.000158793,0.000154238,0.000148998,0.000157661,0.000158227,0.000147927,0.000155846,0.000140008,0.000139591,0.000141139,0.000143818,0.000136257,0.000133429,0.000144235,0.000134262,0.000132506,0.000130243,0.000126195,0.000119854,0.000119169,0.000114852,0.000119854,0.000112024,0.000117145,0.000109762,0.000109107,0.000107559,0.000101962,0.000104135,9.92E-05,0.000103093,9.27E-05,9.07E-05,8.99E-05,8.49E-05,8.97E-05,9.12E-05,8.62E-05,8.20E-05,8.83E-05,8.39E-05,8.06E-05,7.79E-05,7.36E-05,7.40E-05,6.77E-05
,HNGH060,#N/A,7.56E-05,7.47E-05,8.32E-05,7.91E-05,7.52E-05,8.34E-05,8.54E-05,9.19E-05,8.68E-05,9.64E-05,9.71E-05,9.64E-05,0.000100271,0.000106481,9.60E-05,0.00010389,0.000104843,0.000113186,0.000119015,0.000114596,0.000118939,0.000119091,0.00012191,0.000118558,0.000120043,0.0001181,0.000125606,0.000131168,0.000135892,0.000138787,0.000133263,0.000134406,0.000135511,0.000140044,0.000141073,0.000141644,0.000137492,0.000144044,0.000145378,0.000146368,0.000158026,0.000153188,0.000151816,0.000149568,0.000152769,0.000151397,0.000149226,0.000151092,0.000153073,0.000159702,0.000165798,0.000157683,0.000151778,0.000164845,0.000150254,0.000156007,0.000162864,0.00015414,0.000172808,0.000174446,0.000179284,0.00017235,0.000168465,0.000161074,0.000162674,0.000168198,0.000179513,0.000175398,0.000182751,0.000171588,0.000173722,0.000178979,0.000180351,0.000182751,0.000177874,0.000180465,0.00018336,0.000186103,0.000193037,0.000190104,0.000192389,0.000202942,0.000199171,0.000200961,0.000205114,0.000208466,0.000211476,0.000209114,0.000226448,0.000221114,0.000217229,0.000222715,0.000233191,0.000231286,0.000237458,0.000242182,0.000247554,0.000249268,0.000257078,0.000264354,0.000254487,0.000257383,0.000276203,0.000277612,0.000291289,0.000289917,0.000284089,0.000289613,0.000293575,0.000301651,0.000298908,0.000307556,0.000316738,0.000312433,0.000324471,0.000331938,0.000335481,0.000341234,0.000348853,0.000361463,0.000361616,0.000351634,0.000354301,0.000364321,0.000369007,0.000369692,0.000377693,0.000391141,0.000385084,0.000383712,0.000387788,0.000387865,0.000399179,0.000408742,0.000395217,0.000404246,0.000408513,0.000417999,0.000414723,0.000402875,0.000411447,0.000413542,0.000408018,0.000410913,0.00041678,0.000428895,0.00040958,0.000428819,0.000416361,0.000424514,0.00041838,0.000414952,0.000439029,0.000432171,0.000436857,0.000433162,0.000439753,0.000443639,0.000449163,0.000460058,0.000461811,0.000458153,0.00047183,0.00046924,0.000482802,0.000488669,0.000492593,0.000508479,0.000515413,0.00051328,0.000529014,0.000530499,0.000543719,0.000556253,0.00057073,0.000583035,0.000600217,0.000609474,0.000623532,0.000632714,0.000653743,0.000673744,0.000714393,0.000730927,0.000749061,0.000772872,0.000807274,0.000831732,0.000882667,0.000924002,0.000973643,0.001032426,0.00107319,0.001140774,0.001210072,0.001303257,0.0014113,0.001510809,0.001676264,0.001807432,0.001975401,0.002158266,0.002351608,0.002568913,0.0028274,0.003085812,0.003362967,0.003653037,0.003926534,0.004236262,0.004477987,0.004734341,0.0049934,0.005204838,0.005356311,0.005547139,0.005659106,0.005750005,0.005811265,0.005809169,0.005851838,0.005846885,0.005818313,0.005787302,0.005771492,0.005645353,0.00562779,0.005545044,0.005487746,0.005374636,0.005306176,0.005236687,0.005151922,0.005072489,0.004980257,0.004907225,0.004826307,0.004765733,0.004686339,0.004660738,0.004601421,0.004550143,0.00446012,0.004446291,0.004357182,0.004289217,0.004250282,0.004171955,0.004139915,0.004071569,0.00405313,0.003986004,0.00395404,0.003946078,0.003902686,0.003913581,0.003908476,0.003879408,0.003868018,0.003911258,0.003881885,0.003888171,0.003864855,0.003867713,0.00385655,0.003854722,0.003839521,0.003825425,0.003809691,0.003824587,0.003828778,0.003804015,0.003809158,0.00376927,0.003788509,0.003777271,0.003754146,0.003751555,0.003762299,0.003765994,0.003729307,0.003736316,0.00376607,0.003769118,0.003739821,0.003732431,0.003722525,0.003726449,0.003715363,0.003753765,0.003710639,0.003752089,0.003713649,0.003716811,0.003684733,0.003721954,0.003695096,0.003701724,0.003718373,0.003727249,0.003695134,0.003731021,0.003708887,0.003751441,0.003709115,0.003701496,0.003717078,0.003706144,0.003734488,0.003742869,0.003713001,0.003731212,0.003719363,0.003727288,0.003712354,0.003721002,0.003706068,0.003758908,0.003741231,0.003732393,0.003748165,0.003757117,0.003748088,0.003796891,0.003814987,0.00379049,0.003791176,0.003793538,0.003822073,0.003849045,0.00384775,0.003810644,0.003844474,0.003865732,0.00385396,0.003860665,0.003871446,0.003895562,0.00392261,0.003883637,0.003914839,0.003920858,0.003947907,0.003969622,0.003957317,0.003999299,0.004035415,0.004043416,0.004099418,0.004141553,0.004198127,0.004217785,0.004292493,0.00435082,0.004418518,0.004487245,0.004495131,0.004554181,0.004620393,0.004667405,0.004772705,0.004789658,0.004854347,0.004938579,0.005028907,0.00511432,0.005180532,0.00528347,0.005392694,0.005507251,0.005538643,0.005670649,0.005747681,0.005800521,0.005873782,0.005904869,0.005928489,0.00600514,0.006026779,0.00605318,0.006044418,0.005950623,0.005907002,0.005832028,0.005758767,0.005657925,0.005508128,0.005312576,0.005106777,0.004893129,0.004603288,0.004377259,0.004097666,0.003805196,0.003499887,0.003238923,0.002952206,0.002710633,0.002477899,0.002293129,0.002079672,0.001884464,0.001700494,0.001559878,0.001433434,0.001351793,0.001259712,0.001172775,0.001127707,0.00104656,0.000971319,0.000921717,0.000882172,0.000843542,0.000804492,0.000766662,0.000760643,0.00071325,0.000697859,0.000673896,0.000659762,0.000645171,0.000624408,0.000601284,0.000583492,0.000586769,0.000562196,0.000556101,0.000534576,0.0005321,0.000512899,0.000515527,0.000519147,0.000505813,0.000490993,0.000484897,0.000484402,0.000475602,0.000458344,0.000462725,0.000457011,0.00045202,0.000449467,0.000441277,0.00044261,0.000448401,0.00044261,0.000432629,0.000436857,0.000431448,0.000425162,0.000430114,0.000420818,0.000409466,0.000418685,0.000411599,0.000426419,0.000424933,0.000409847,0.000404627,0.000402761,0.000409237,0.000402837,0.000410532,0.000406837,0.000396436,0.000398265,0.000388817,0.000390417,0.000386569,0.000382112,0.000381731,0.000380093,0.000378226,0.000384398,0.000379674,0.000367711,0.000362416,0.000366302,0.000362911,0.000353196,0.000366492,0.00034832,0.000347025,0.000336205,0.000336739,0.000323557,0.000319557,0.000315442,0.000302489,0.000302947,0.000304013,0.000301537,0.000288317,0.000285155,0.00028626,0.000280622,0.000273422,0.000261269,0.000261002,0.000255745,0.000258107,0.000249725,0.000248316,0.000253878,0.000240696,0.000239401,0.000232696,0.000226334,0.000229762,0.000221572,0.000213876,0.000207057,0.000218295,0.000210828,0.000208352,0.000210828,0.0002138,0.000211743,0.000200428,0.000201876,0.000200504,0.000199818,0.000193913,0.000191132,0.000189799,0.000184656,0.000190065,0.000186484,0.000187018,0.000188084,0.000188313,0.000188999,0.000184122,0.000176541,0.00017296,0.000175817,0.000180465,0.000181837,0.000163398,0.000168617,0.000168465,0.000172274,0.000161302,0.000171588,0.000166484,0.000166217,0.000161912,0.000187284,0.000172084,0.000157836,0.000168274,0.000167284,0.000174331,0.000178713,0.00016054,0.000155169,0.000156807,0.000158864,0.000156007,0.000149568,0.00015395,0.000143397,0.00014454,0.000146102,0.000154026,0.000136273,0.000139435,0.000149035,0.000138254,0.000138139,0.000136425,0.000125758,0.00012812,0.000124234,0.000119434,0.000118024,0.000117148,0.000120272,0.000118672,0.00011151,0.000112195,0.000109681,0.000107319,9.96E-05,0.000105567,9.12E-05,9.66E-05,9.25E-05,8.74E-05,9.32E-05,0.000102138,8.71E-05,8.19E-05,9.19E-05,8.86E-05,8.35E-05,8.02E-05,8.00E-05,7.83E-05,7.07E-05
CH?NG,HNGH062,HNGH062,7.73E-05,7.12E-05,8.16E-05,8.05E-05,7.66E-05,8.04E-05,8.70E-05,8.80E-05,8.47E-05,9.23E-05,9.15E-05,9.33E-05,9.91E-05,0.000102379,9.83E-05,0.000100286,0.000102575,0.000108821,0.000121835,0.000110096,0.000116636,0.000111142,0.000118663,0.000117649,0.000117355,0.000117584,0.000117486,0.000121508,0.000127295,0.000133116,0.000129911,0.000133148,0.000133148,0.00013171,0.000132462,0.000137039,0.000133312,0.000137628,0.000136385,0.000144822,0.000148222,0.00014577,0.000146359,0.000140146,0.00015025,0.000147307,0.000144658,0.000147372,0.000144397,0.000155154,0.000155318,0.000147993,0.000147012,0.000153912,0.00015025,0.00014832,0.000156691,0.00015777,0.00016176,0.000171046,0.000175689,0.000165487,0.000158359,0.000159111,0.000158424,0.000159176,0.000170752,0.000172387,0.000178141,0.000170523,0.000174218,0.000177291,0.000176834,0.000174348,0.000174741,0.000177291,0.000175787,0.000183602,0.00018491,0.000190992,0.000191319,0.000201586,0.000194164,0.000201717,0.000203843,0.000202633,0.000212965,0.000209859,0.000219799,0.000223331,0.00021653,0.000219276,0.000223789,0.000228007,0.000236345,0.000238339,0.000254525,0.000250503,0.000251517,0.000255277,0.000250569,0.000260019,0.0002747,0.000267605,0.000279311,0.000286668,0.000282548,0.000285589,0.000290853,0.000302134,0.000304848,0.000308805,0.000313808,0.000313481,0.000322538,0.000322342,0.000335487,0.000340784,0.000343498,0.000358049,0.000351869,0.000352653,0.00036279,0.000356021,0.000359912,0.000367466,0.000365177,0.000394704,0.000384273,0.000379205,0.000392578,0.000387641,0.000402813,0.000396273,0.000396044,0.000401995,0.000401701,0.000414911,0.000408012,0.000403402,0.000404611,0.000412982,0.000407064,0.000413963,0.000412296,0.000428416,0.000417462,0.000426552,0.000429593,0.000425996,0.00042786,0.000423315,0.000431555,0.000429887,0.000442509,0.000446138,0.000441691,0.000444667,0.00045379,0.000460297,0.000462619,0.000465986,0.000472559,0.000476025,0.000487469,0.000482205,0.00049862,0.000512713,0.000526348,0.000519874,0.000525629,0.00054067,0.00054443,0.000563853,0.000579025,0.000585859,0.000592693,0.0006164,0.000632912,0.000638046,0.000657567,0.000672412,0.000708348,0.000728425,0.000735324,0.000779238,0.000810367,0.000827894,0.00088165,0.000915885,0.000979647,0.001024608,0.001088141,0.001147162,0.0012173,0.001300224,0.001392172,0.001536143,0.001660332,0.001796064,0.001977966,0.002139104,0.002335818,0.002572915,0.002780518,0.003062281,0.003331226,0.003605174,0.003850969,0.004153234,0.004395203,0.004654927,0.004874628,0.005081479,0.00524229,0.005389695,0.005535694,0.005608056,0.005645071,0.005683655,0.005704026,0.005700756,0.005671785,0.005627577,0.005630127,0.005562834,0.005537591,0.005439887,0.005380703,0.005311938,0.005259326,0.005143247,0.005091485,0.005019581,0.004944178,0.004843892,0.004811357,0.004731769,0.004690699,0.004636877,0.004593225,0.004535676,0.004490552,0.00443637,0.00437784,0.00429969,0.004257444,0.004215917,0.004163109,0.004106867,0.00410278,0.004035323,0.004008706,0.003987747,0.003965969,0.003957304,0.003961784,0.003948508,0.003941446,0.003958122,0.003966918,0.003930099,0.003925064,0.003932879,0.00393435,0.00391617,0.003908878,0.003902404,0.003907308,0.003887428,0.003894033,0.003887984,0.00386928,0.003835175,0.003823698,0.003853062,0.003828276,0.003832461,0.003844691,0.003832723,0.003816243,0.003806989,0.003828799,0.003848974,0.003816962,0.003799959,0.003815818,0.003800188,0.003800319,0.003820167,0.003796559,0.003798226,0.003791359,0.00378361,0.003787109,0.003788744,0.003793158,0.003794727,0.003781517,0.00379221,0.003800352,0.00381124,0.003798586,0.003862119,0.003806924,0.003782858,0.003786258,0.003769255,0.003789005,0.003786422,0.003796722,0.003791817,0.003791,0.003802281,0.003791196,0.003816537,0.0038013,0.00379355,0.003818859,0.003841323,0.003835045,0.003846097,0.003869443,0.003870163,0.003876506,0.00388128,0.003890011,0.003875852,0.003912279,0.003909957,0.003917216,0.003932944,0.003945468,0.003954852,0.003957926,0.003952498,0.003953315,0.003964662,0.003978493,0.00396489,0.003974765,0.003989022,0.004003409,0.004048893,0.004015606,0.004039737,0.004049939,0.004104055,0.004160362,0.004165725,0.004232528,0.004268823,0.004327942,0.004376172,0.004431858,0.004496862,0.004532798,0.004561246,0.004609574,0.004668432,0.004720063,0.004761263,0.004826398,0.004886302,0.004969683,0.005070231,0.005134974,0.005214791,0.005311971,0.005413402,0.005471965,0.005519247,0.005576273,0.00567463,0.005692974,0.005755559,0.005833054,0.005829621,0.005865622,0.005876576,0.005909994,0.005822591,0.005799473,0.005718479,0.005640035,0.005525329,0.00537812,0.005184152,0.005003003,0.0047868,0.004562063,0.004285238,0.004005208,0.003746857,0.003444167,0.003219986,0.002921677,0.002689223,0.002465958,0.002275947,0.002055134,0.001878039,0.001711244,0.001572177,0.001430527,0.001345347,0.001254413,0.001189376,0.001129603,0.001052009,0.000982688,0.000919482,0.000901694,0.000845453,0.000805397,0.000763641,0.000743204,0.000721035,0.000699813,0.000684674,0.000660019,0.00063785,0.000629446,0.000607015,0.000597206,0.000585107,0.000578567,0.000556659,0.00053704,0.000541912,0.000523078,0.000525596,0.000524059,0.000512647,0.0005048,0.000498096,0.000480341,0.000489922,0.00046991,0.000471905,0.000453855,0.000462553,0.000449212,0.000456994,0.000449768,0.000447741,0.000442967,0.000432209,0.000435086,0.000434857,0.000427991,0.000425963,0.000420568,0.000417069,0.000422269,0.000416546,0.000420568,0.000410759,0.000414094,0.000407096,0.000412982,0.000407293,0.000404481,0.00040932,0.000401603,0.000397254,0.000394017,0.000393788,0.000392971,0.000386954,0.000387902,0.00038254,0.000389407,0.000385581,0.000381199,0.000370703,0.000362267,0.000369068,0.000359389,0.000352719,0.00034474,0.000354844,0.000344413,0.00033856,0.000335062,0.000332904,0.000327116,0.000315933,0.000312663,0.000303344,0.000301578,0.000296804,0.000292652,0.000284314,0.000284902,0.000282319,0.000276531,0.000275648,0.000253283,0.000253283,0.000255245,0.000250372,0.00024792,0.000250994,0.000249293,0.000240072,0.000241511,0.000219015,0.000224998,0.000226895,0.000218361,0.000210971,0.000209303,0.000212704,0.000207603,0.000202338,0.000209074,0.00020381,0.000209696,0.000199265,0.000195177,0.000193902,0.000192529,0.000187559,0.000181411,0.000182719,0.000179678,0.000182981,0.000183112,0.000179744,0.000178305,0.000173891,0.000184747,0.000185891,0.000167809,0.000171733,0.000169803,0.000168234,0.000169934,0.000158065,0.000161204,0.000159471,0.000167122,0.000156757,0.000165422,0.000158882,0.000155449,0.000152212,0.000176834,0.000162315,0.00015365,0.000163264,0.000159242,0.000164277,0.000174447,0.000151329,0.000149203,0.000145247,0.000153421,0.00015025,0.000140865,0.000142762,0.000133573,0.00013305,0.000135437,0.000146587,0.000135699,0.000135241,0.000148844,0.00012893,0.000129421,0.00013014,0.000127066,0.000121115,0.000120036,0.000110652,0.000117257,0.000113791,0.00011657,0.000113039,0.000110325,0.0001099,0.000110161,0.000101889,0.000101496,0.000103622,9.53E-05,9.26E-05,9.03E-05,8.60E-05,9.07E-05,9.36E-05,8.51E-05,8.03E-05,8.86E-05,8.43E-05,7.98E-05,7.46E-05,7.68E-05,7.37E-05,7.01E-05
,HNGH063,#N/A,7.65E-05,7.35E-05,8.22E-05,7.63E-05,7.53E-05,7.90E-05,8.42E-05,8.62E-05,8.62E-05,9.38E-05,8.90E-05,9.38E-05,9.21E-05,9.96E-05,9.71E-05,9.62E-05,9.91E-05,0.00010828,0.000114601,0.000107004,0.00011524,0.000112322,0.000119038,0.000117975,0.000113264,0.000115331,0.000120497,0.000119342,0.000128095,0.000133109,0.000123658,0.000131103,0.000132775,0.000130799,0.000136057,0.000143199,0.000130769,0.000133534,0.000134659,0.000145964,0.000148,0.000145326,0.000146025,0.000145052,0.000152893,0.000148426,0.000146602,0.000146177,0.000148942,0.000157512,0.000161524,0.000154929,0.000152528,0.000158242,0.000153653,0.000156145,0.000166781,0.000161281,0.000171097,0.000175807,0.00017912,0.000174379,0.000166964,0.000165262,0.000167085,0.00016669,0.00017371,0.000174713,0.000181642,0.000176263,0.000177418,0.000188662,0.000183891,0.000182645,0.000183435,0.000182949,0.000187052,0.00018617,0.000196229,0.000195561,0.000196533,0.000209388,0.000198235,0.000206684,0.000208993,0.000215588,0.000215922,0.000217411,0.000225951,0.000224887,0.00021808,0.000219873,0.000233792,0.000233032,0.000243972,0.000250506,0.000255551,0.000256645,0.000255126,0.000265549,0.000263179,0.000268133,0.000275122,0.000277098,0.000283662,0.000291472,0.000288312,0.000291138,0.000299526,0.000307306,0.000307214,0.000311925,0.000324476,0.000319067,0.000329916,0.000331648,0.000343865,0.000344929,0.000358148,0.000359729,0.000366536,0.000357237,0.000370304,0.000363649,0.0003731,0.000378419,0.000382065,0.00040036,0.000392945,0.000392094,0.000405132,0.000403521,0.000410024,0.000413914,0.000405618,0.000419293,0.000409994,0.000418078,0.000415403,0.000414917,0.000424551,0.000417987,0.00042449,0.000421117,0.000425918,0.000438226,0.00042215,0.000439108,0.0004323,0.000442876,0.000431085,0.000433303,0.000449623,0.000438591,0.000445854,0.000444882,0.000454607,0.000459895,0.000463511,0.000465183,0.00047436,0.000471808,0.000473965,0.000481411,0.000488492,0.000497214,0.000500952,0.000522985,0.000525021,0.000513837,0.000532527,0.000538879,0.000544379,0.000556748,0.000576046,0.000582884,0.000599598,0.000613213,0.000623303,0.000626342,0.000649712,0.000662081,0.000695115,0.000701041,0.000731674,0.000751792,0.000786194,0.000802453,0.000867032,0.000878216,0.000939269,0.000985584,0.001024301,0.001089184,0.001153946,0.001226761,0.001329692,0.001436696,0.001561752,0.0016917,0.001857813,0.00201961,0.002184203,0.002414166,0.002635315,0.002850326,0.003111864,0.003345109,0.003608986,0.003873928,0.004132002,0.004365702,0.004599403,0.004763722,0.004960073,0.005104913,0.005208908,0.005354781,0.005408146,0.005436622,0.005472239,0.005477527,0.005483666,0.005443004,0.005463608,0.00542322,0.005404834,0.005337823,0.00530014,0.005247018,0.005163019,0.005084673,0.005038845,0.004984416,0.004918743,0.004868569,0.004792502,0.004755547,0.004678599,0.004685133,0.004627149,0.004576914,0.00450653,0.004467388,0.004437119,0.004369774,0.004325162,0.004302217,0.004255021,0.004180018,0.004189196,0.004135588,0.004093649,0.004081523,0.004052622,0.004043748,0.004037883,0.004028736,0.004061496,0.004048155,0.004068486,0.004059004,0.004040679,0.00402597,0.004020652,0.004045967,0.004045086,0.004026912,0.004041105,0.004028006,0.003998467,0.004012477,0.004026973,0.003992723,0.004008374,0.004013449,0.003981297,0.003992815,0.003988864,0.003990231,0.003941577,0.003985247,0.00396753,0.003969353,0.003950694,0.003945467,0.003968016,0.003954249,0.003947564,0.003970083,0.003955191,0.003956529,0.003957957,0.003950299,0.003938629,0.003940999,0.003945011,0.003940969,0.003943522,0.003945953,0.003950998,0.003943947,0.003954796,0.003988043,0.003930515,0.003945375,0.003957349,0.003935195,0.003947472,0.003953307,0.003956012,0.003950177,0.003941577,0.003956681,0.003950633,0.00394571,0.003959416,0.003961482,0.003982816,0.003978288,0.003979564,0.003968928,0.004002904,0.004025636,0.003998194,0.003993848,0.004010623,0.004030438,0.004045663,0.004054719,0.00406253,0.004060797,0.004042077,0.004067362,0.004052774,0.00403059,0.004074716,0.004084046,0.004088726,0.004066784,0.004079427,0.004087115,0.004076965,0.004110668,0.004108814,0.0041272,0.004140572,0.004181355,0.004223081,0.004225087,0.004283953,0.00432036,0.004377797,0.004417943,0.004486169,0.00452601,0.004571504,0.00458126,0.004655989,0.004695861,0.004731965,0.00477056,0.004811952,0.004851216,0.004944149,0.005044771,0.005079081,0.005171407,0.005237019,0.005319042,0.005366542,0.005422855,0.00547698,0.005523234,0.005556238,0.005568515,0.005615225,0.00562574,0.005649718,0.005628232,0.005631453,0.005542258,0.005498284,0.005399485,0.00533369,0.005207693,0.005035988,0.00486477,0.004666413,0.004441434,0.004257057,0.004011565,0.003705749,0.003483536,0.003217834,0.00298231,0.00273852,0.002522355,0.002280358,0.002125702,0.001897806,0.001757556,0.001593175,0.001482281,0.001353548,0.001279488,0.001196644,0.001109211,0.001086449,0.000995491,0.000942491,0.000881954,0.000865999,0.000817131,0.000776804,0.00075392,0.000737175,0.000709641,0.000691103,0.000673234,0.000654757,0.000634942,0.000629776,0.000607439,0.00058729,0.000582884,0.000571913,0.000559757,0.000539122,0.000539243,0.000518457,0.000523653,0.000524717,0.000511862,0.000511436,0.000498946,0.000484936,0.000491105,0.000478463,0.00048214,0.000468586,0.000462174,0.000456795,0.000460199,0.000461141,0.000455518,0.000453148,0.000449076,0.000443089,0.000445399,0.000438865,0.000436646,0.000436889,0.000423943,0.00043382,0.000421694,0.000431966,0.000439685,0.000425767,0.000418625,0.00041437,0.000424824,0.000409234,0.000418746,0.000424824,0.00041434,0.000401728,0.000404311,0.000402214,0.000399631,0.000390028,0.000389936,0.000395103,0.000390666,0.000384405,0.000389146,0.000384861,0.000379908,0.000372341,0.000365837,0.000357692,0.000364409,0.000352708,0.000349305,0.000341008,0.000334961,0.000330888,0.000330098,0.000320404,0.000316119,0.000308369,0.000310648,0.0002991,0.000291503,0.000293235,0.000288281,0.000283237,0.00027728,0.00027102,0.000261416,0.000262905,0.000256341,0.000256827,0.000254427,0.000255034,0.000247163,0.000249351,0.000238715,0.0002282,0.000227592,0.000227167,0.00022042,0.000221636,0.000216925,0.000211029,0.000205103,0.00021653,0.0002165,0.000213187,0.000211546,0.00020173,0.000204009,0.000201669,0.000198387,0.000189422,0.000189908,0.000188115,0.00018696,0.000186808,0.000188814,0.000186383,0.000187264,0.000198144,0.000194254,0.00017678,0.000175047,0.000173741,0.00017839,0.00017371,0.000166538,0.000167024,0.000166356,0.000173801,0.00015891,0.000167268,0.000166143,0.000167997,0.000159214,0.000183192,0.000166781,0.000159093,0.000167146,0.000165475,0.000164472,0.000183496,0.0001659,0.000152468,0.000150523,0.000164958,0.000160916,0.000152042,0.000154352,0.000139673,0.000140129,0.000142256,0.000152255,0.000135571,0.000136087,0.000150644,0.000136543,0.000133443,0.000127912,0.000123506,0.000122564,0.000121622,0.000114875,0.000117033,0.000113811,0.000116273,0.000111015,0.000108949,0.0001098,0.000108068,0.000100804,9.67E-05,0.000101047,9.32E-05,8.86E-05,8.86E-05,8.68E-05,9.06E-05,9.29E-05,8.64E-05,8.31E-05,8.78E-05,8.17E-05,7.92E-05,7.37E-05,7.77E-05,7.71E-05,6.97E-05
CH?NG,HNGH064,HNGH064,7.29E-05,7.20E-05,7.83E-05,7.63E-05,7.55E-05,7.86E-05,8.27E-05,8.59E-05,8.04E-05,9.41E-05,8.51E-05,9.24E-05,9.41E-05,0.000103276,9.56E-05,0.00010312,0.00010207,0.00010985,0.000121247,0.000105182,0.000115568,0.000116773,0.000113039,0.000114401,0.000112028,0.000112767,0.000119769,0.000123659,0.000124942,0.000128793,0.000123814,0.000131594,0.000126109,0.00013245,0.000133344,0.000135289,0.000130388,0.000133811,0.000135989,0.000143575,0.000148048,0.000145947,0.000141669,0.000137818,0.000146259,0.000142835,0.000144041,0.000146336,0.000141707,0.000151743,0.000151276,0.000149721,0.000146492,0.000155439,0.000147659,0.000152288,0.000154077,0.000149409,0.00015929,0.000164541,0.000171193,0.000167925,0.000159873,0.000160457,0.000160145,0.000163413,0.000164307,0.000164774,0.000178583,0.000168547,0.000167653,0.000174849,0.000175277,0.000172904,0.000172476,0.00017306,0.00017765,0.000183251,0.000181267,0.000184535,0.000185468,0.000199627,0.000184068,0.000198655,0.000195738,0.000206824,0.000208574,0.000201495,0.000217637,0.000217132,0.000212931,0.000214915,0.000230746,0.000221527,0.000228607,0.000238565,0.000242532,0.000240121,0.000249534,0.000262371,0.000251907,0.000251285,0.000267155,0.000274818,0.000274702,0.000281081,0.000280381,0.000284037,0.00028676,0.000297846,0.000299947,0.00030442,0.000307221,0.000313717,0.000320291,0.000322547,0.000324142,0.000331066,0.000344058,0.000355922,0.000349504,0.000350087,0.000356972,0.000353821,0.000364596,0.000359462,0.000370509,0.000379416,0.000367747,0.000376421,0.000388519,0.000383501,0.000386691,0.000398944,0.000387935,0.000388635,0.000392681,0.000407812,0.00040225,0.000397271,0.000406996,0.000413297,0.000401433,0.00040435,0.000409991,0.000420416,0.00040225,0.00041851,0.000418276,0.000415903,0.000414736,0.000425356,0.000427456,0.000421077,0.000428934,0.000431152,0.000436597,0.000431968,0.000446711,0.000454646,0.000454568,0.000455813,0.000464916,0.000470595,0.000474173,0.000483392,0.000490161,0.0004937,0.000516145,0.000507509,0.000528592,0.000526181,0.000541896,0.000553332,0.000575426,0.000574998,0.000582117,0.000597949,0.000619732,0.000634202,0.000662403,0.000664737,0.000709121,0.000712194,0.000739656,0.00077237,0.000813174,0.000834607,0.000888715,0.000916061,0.000980633,0.001022993,0.00108986,0.001148207,0.001226277,0.001323173,0.001413068,0.001531864,0.001669059,0.001830722,0.002012222,0.002181625,0.002367444,0.00260702,0.002863206,0.003140747,0.003390281,0.003674941,0.003956878,0.004245466,0.004494378,0.004751575,0.004980765,0.005171096,0.005364927,0.005494421,0.005647525,0.00571692,0.005765271,0.005786549,0.00577768,0.005799696,0.005775229,0.005753368,0.005735086,0.005629204,0.005588633,0.005517215,0.005422419,0.005372746,0.005306229,0.005198597,0.005114654,0.005034795,0.004962405,0.004905341,0.004805527,0.004774525,0.004648105,0.004650205,0.004596331,0.004534677,0.004468238,0.004427589,0.004373598,0.004309765,0.004239476,0.004209757,0.004161951,0.004092167,0.004066338,0.004016003,0.004000055,0.003934394,0.003918018,0.003918368,0.003916229,0.003903898,0.003919535,0.003915606,0.003919885,0.003918679,0.003869356,0.00388826,0.003884915,0.003888766,0.00386745,0.003854302,0.003870289,0.003845433,0.003840921,0.003847456,0.003842088,0.003821394,0.0038226,0.003795565,0.003781134,0.003787902,0.003770865,0.00379646,0.003766391,0.00379397,0.003760984,0.003799727,0.003761957,0.003750871,0.003751843,0.003763279,0.003731888,0.003753438,0.003755655,0.003747915,0.003731149,0.003774482,0.003767753,0.003758806,0.003750599,0.003780161,0.003771409,0.003790431,0.003759584,0.003746903,0.00375725,0.00380529,0.003724031,0.003756122,0.003743286,0.003761879,0.003749043,0.003751571,0.003753749,0.003761101,0.003757561,0.003770787,0.003747059,0.003767792,0.0037548,0.003785957,0.003751415,0.003799066,0.003793076,0.003778839,0.003813925,0.00383707,0.003840999,0.003827034,0.003834191,0.003826451,0.003861848,0.003867605,0.003916073,0.003866516,0.003870017,0.003872701,0.003877058,0.003892812,0.003892539,0.00393241,0.003925914,0.003923347,0.003928093,0.003928093,0.003952443,0.004000094,0.003987996,0.003997449,0.00404226,0.004049534,0.004108699,0.004151915,0.004221932,0.004242237,0.00428557,0.004358933,0.004388574,0.004461314,0.004504141,0.004584661,0.004615469,0.004678601,0.004746285,0.004777131,0.00484676,0.004909425,0.004994496,0.005092754,0.005180548,0.005268031,0.005378386,0.005461979,0.00552445,0.005588166,0.005685296,0.00576955,0.005809577,0.005856566,0.005906279,0.005938837,0.005957702,0.005997924,0.006026164,0.005943115,0.005878661,0.00584408,0.005751462,0.005671253,0.005480806,0.005302417,0.00509501,0.00487854,0.004658452,0.004387757,0.004112705,0.003808518,0.003544319,0.003257131,0.002998028,0.002741142,0.002505573,0.002297621,0.002080528,0.001898755,0.0017008,0.001581771,0.001444381,0.001340716,0.001256151,0.00119154,0.001133854,0.001058663,0.000978765,0.00093162,0.000887898,0.000832118,0.000807067,0.000766729,0.000741445,0.000716939,0.000697957,0.000667421,0.000656024,0.000631713,0.000618059,0.000600399,0.000586007,0.000578149,0.000565507,0.000549092,0.000532443,0.000533844,0.000514861,0.000516417,0.000504514,0.000502414,0.000484131,0.00048312,0.000480242,0.000466938,0.000457758,0.000461181,0.000442899,0.000453674,0.00044461,0.000435897,0.000441965,0.000433408,0.000434108,0.000430218,0.000442121,0.000423683,0.000421116,0.00042061,0.000410185,0.000407385,0.000415048,0.000411586,0.000408357,0.000404739,0.000401861,0.000407151,0.000405673,0.000397232,0.000396026,0.000396026,0.000401589,0.000389647,0.000382723,0.000389725,0.000383656,0.00038743,0.000377355,0.000374126,0.000384512,0.000370587,0.000374788,0.000373387,0.000360823,0.000354288,0.000354599,0.000354055,0.000346353,0.000354366,0.000340712,0.000342113,0.000324336,0.000319007,0.000318851,0.000305354,0.000308621,0.000294384,0.000301347,0.000292284,0.000292478,0.000286955,0.000276919,0.000277074,0.000272368,0.000268556,0.000259103,0.000249184,0.000245216,0.000246345,0.00024296,0.00024261,0.000245333,0.00023273,0.000230863,0.000222305,0.00022106,0.000218921,0.00021721,0.000212775,0.00020694,0.000212619,0.000206668,0.000204762,0.000206046,0.00020235,0.000212192,0.000197332,0.000193637,0.000190058,0.000189047,0.000183095,0.000187452,0.000179128,0.000176794,0.000179011,0.000174032,0.000177922,0.000174382,0.000175588,0.000181929,0.000180567,0.000176094,0.000172632,0.000172593,0.000169209,0.000168236,0.000163374,0.000161079,0.000157734,0.000166136,0.000154505,0.000158239,0.000161196,0.00016069,0.000154894,0.000174188,0.000161623,0.000155828,0.000160534,0.00015785,0.000163646,0.000176405,0.000150732,0.00014622,0.000147231,0.000157461,0.000151743,0.000145364,0.000148631,0.000138051,0.000131399,0.00013455,0.000144197,0.000132411,0.000132216,0.000139296,0.000130388,0.000128949,0.000133422,0.000121558,0.000118446,0.000120119,0.00011265,0.00011619,0.000109966,0.000117124,0.000108138,0.000110394,0.000106699,0.000103587,9.79E-05,9.78E-05,0.000101175,9.39E-05,8.78E-05,8.85E-05,8.80E-05,8.76E-05,8.98E-05,8.57E-05,7.99E-05,8.97E-05,8.37E-05,7.85E-05,7.48E-05,7.50E-05,7.55E-05,7.17E-05
CH?NG,HNGH065,HNGH065,7.34E-05,7.03E-05,8.17E-05,7.72E-05,7.39E-05,8.36E-05,8.53E-05,8.67E-05,8.33E-05,9.21E-05,9.37E-05,9.57E-05,9.45E-05,0.000102639,9.72E-05,9.87E-05,0.00010045,0.000111133,0.000116153,0.000108868,0.000116833,0.000110944,0.000117437,0.000116304,0.000116946,0.0001157,0.000118833,0.000121438,0.000126043,0.000132725,0.000126345,0.000134537,0.000135443,0.000136726,0.00013616,0.000136387,0.000133631,0.000139029,0.000139897,0.000139897,0.000161074,0.000151788,0.000148844,0.000145522,0.000148126,0.000145597,0.000147334,0.000147787,0.000149146,0.000155563,0.000156733,0.000157677,0.000148768,0.000158583,0.000152694,0.000154355,0.0001593,0.000156205,0.000168624,0.000164132,0.000166699,0.000169266,0.000162471,0.000161263,0.000160168,0.000159225,0.000169492,0.000167529,0.000172814,0.000166925,0.000172739,0.000174362,0.000173154,0.00017742,0.000176325,0.000177759,0.000178175,0.000182327,0.000190103,0.000186819,0.000193501,0.000198634,0.0001915,0.000201881,0.000200786,0.000207354,0.000212451,0.000210676,0.000212451,0.000216905,0.000222001,0.000212262,0.000227777,0.000225436,0.000237063,0.000243593,0.000242801,0.000246311,0.000247293,0.000260278,0.0002465,0.000255635,0.000269867,0.000264959,0.000277605,0.000286552,0.00027802,0.000286703,0.000284853,0.000295876,0.000301198,0.000303614,0.000312862,0.000308974,0.000316411,0.000322451,0.000337135,0.000333398,0.000341476,0.000340834,0.000353782,0.000350158,0.000357066,0.000355103,0.000355443,0.00037511,0.000365484,0.00038149,0.000375299,0.000382245,0.000385378,0.000380584,0.000389493,0.000387983,0.000389191,0.000394362,0.000393003,0.000411198,0.00040127,0.00040278,0.00040614,0.000411991,0.000405083,0.000401497,0.000406555,0.00041116,0.000410557,0.000425241,0.000409613,0.000411236,0.000417351,0.000419352,0.000428751,0.000423165,0.000431092,0.000424222,0.00043347,0.000430148,0.000433206,0.000442303,0.00045393,0.000461857,0.000462952,0.000468463,0.000471559,0.000482544,0.000481713,0.000499795,0.000514328,0.00050776,0.000519386,0.000524785,0.000535618,0.000542262,0.000557664,0.000575255,0.000575179,0.000601452,0.000621195,0.000615797,0.000648903,0.000677516,0.000698127,0.000710849,0.000724853,0.000760149,0.000804541,0.000820283,0.000866714,0.000899404,0.000967918,0.00101148,0.001069953,0.001125029,0.001210945,0.001298976,0.001407428,0.001527092,0.00164921,0.001806471,0.001978682,0.002149495,0.002357982,0.002600896,0.002838978,0.003117753,0.003384373,0.003654768,0.003957363,0.004245953,0.004542093,0.004801503,0.005031884,0.00521104,0.00542636,0.00559789,0.005730049,0.005837633,0.005853224,0.005892671,0.005914339,0.005872589,0.005848618,0.005824119,0.005798828,0.005734126,0.005666744,0.00559321,0.005482643,0.00543206,0.005396878,0.005258566,0.005164609,0.00508813,0.004997419,0.004919355,0.004839592,0.004789197,0.004696674,0.004665418,0.004588373,0.004542772,0.004470257,0.004437378,0.004334776,0.004302954,0.0042512,0.004163472,0.004135538,0.004068269,0.004051735,0.003994206,0.003967631,0.003920181,0.003921653,0.00388028,0.003888736,0.003841738,0.003852044,0.003875939,0.003884848,0.003867106,0.003857404,0.003854498,0.003857027,0.003843852,0.003839964,0.003824336,0.003827054,0.003816786,0.00379761,0.003822222,0.003814333,0.003789305,0.003774394,0.003781831,0.003750877,0.003752009,0.003728567,0.003734532,0.003721999,0.003743667,0.003735475,0.003767864,0.003733512,0.003721018,0.003732795,0.003731248,0.003713204,0.00371728,0.003706975,0.003740269,0.003719206,0.003717016,0.003733739,0.003741704,0.003715733,0.003704295,0.003691573,0.003720451,0.003702898,0.003737552,0.003704786,0.003788739,0.003698217,0.00372751,0.003697689,0.003703125,0.003682249,0.003721206,0.003738835,0.003695009,0.003696972,0.003708523,0.003732116,0.003721471,0.003734645,0.003745026,0.00374261,0.003731059,0.003760994,0.003735777,0.003756011,0.003778169,0.003796742,0.003766316,0.003801234,0.003776924,0.003832603,0.003808482,0.003832226,0.003813993,0.003845325,0.003853403,0.003870012,0.003844683,0.003859254,0.003878883,0.003907346,0.003877902,0.003913272,0.003892624,0.003936413,0.003944755,0.0039648,0.00396831,0.003997905,0.00402852,0.004125119,0.004137387,0.004162037,0.004219453,0.004276983,0.00432481,0.004406008,0.004454817,0.00452118,0.004600339,0.004642429,0.004696788,0.004784629,0.004792896,0.004856163,0.004931133,0.005049475,0.005131013,0.005213796,0.005320361,0.005378872,0.005532283,0.005583772,0.005703738,0.005759531,0.005849638,0.005912187,0.005949106,0.006015166,0.006031776,0.006053368,0.006090966,0.006112143,0.006048801,0.005983608,0.005939367,0.005825063,0.005716988,0.00557694,0.005364452,0.005164043,0.004924375,0.004661983,0.004414653,0.004119419,0.003840493,0.003531179,0.003265502,0.002979328,0.002721956,0.002459489,0.002280937,0.00205233,0.001867473,0.001717384,0.001563406,0.001430266,0.001346841,0.001252469,0.001181766,0.001113176,0.001041982,0.000963237,0.000912994,0.000881247,0.000828285,0.000796388,0.000755543,0.000740746,0.000711679,0.000679706,0.000667362,0.000642599,0.000633199,0.000611494,0.000602585,0.000573518,0.000572386,0.000555474,0.000546679,0.00052637,0.000522859,0.000506401,0.000505986,0.000498398,0.000491717,0.000493151,0.00048277,0.000478467,0.000472729,0.00046148,0.000464311,0.000445814,0.000450193,0.000444304,0.000441737,0.00044487,0.000432715,0.000438038,0.000426109,0.000428072,0.000418446,0.000419578,0.000412972,0.000411274,0.000405876,0.000408858,0.000404403,0.000418484,0.000414445,0.000404026,0.000400666,0.000401384,0.000400629,0.000393192,0.000394664,0.000399723,0.000390927,0.00038685,0.000389908,0.000383377,0.000382056,0.000382132,0.00038417,0.000383604,0.000376092,0.000375261,0.00037311,0.000374884,0.000361672,0.000360653,0.000354462,0.000349554,0.000357066,0.000339211,0.000346761,0.000326452,0.000325357,0.00032079,0.000314674,0.000313504,0.000307049,0.000299877,0.000301123,0.000294517,0.000282248,0.000281531,0.00027802,0.000278473,0.000272622,0.000265261,0.000254541,0.000257221,0.000251105,0.000248161,0.000244499,0.000246349,0.000240271,0.000235175,0.000230457,0.000218906,0.000227701,0.000223473,0.000215093,0.000211356,0.000212035,0.000205429,0.000201881,0.000211884,0.000202976,0.000204523,0.000197275,0.000198144,0.000196483,0.000189386,0.000186781,0.00018697,0.000185309,0.000183799,0.000179911,0.000187801,0.000182893,0.000182365,0.000185838,0.000185309,0.000180213,0.000174286,0.000173494,0.000172135,0.000176212,0.000168511,0.000158696,0.00016568,0.000158885,0.00016987,0.000163302,0.000168775,0.000164547,0.000163415,0.00015745,0.000179647,0.000163943,0.000160584,0.000168851,0.000161301,0.000173003,0.000179118,0.000159904,0.000155676,0.00015394,0.000164321,0.000153638,0.000148919,0.000152166,0.000141067,0.000140728,0.000141181,0.000152505,0.000136764,0.000138236,0.000148617,0.00013382,0.000129214,0.000126761,0.000126798,0.000122193,0.000116908,0.000116833,0.00011487,0.000109698,0.000125892,0.000110755,0.000110604,0.000106905,0.000107509,0.000105055,9.86E-05,9.69E-05,9.31E-05,9.14E-05,9.05E-05,8.71E-05,8.76E-05,9.04E-05,8.95E-05,8.36E-05,8.70E-05,8.11E-05,7.95E-05,7.50E-05,7.42E-05,7.35E-05,7.02E-05
,HNGH066,#N/A,7.41E-05,7.23E-05,7.94E-05,7.91E-05,7.73E-05,7.78E-05,8.66E-05,8.69E-05,8.37E-05,9.35E-05,9.41E-05,9.63E-05,0.000100057,0.000104881,9.96E-05,0.000104988,0.000104202,0.000115101,0.000126036,0.000114029,0.000118567,0.000119675,0.000123641,0.000116709,0.000118281,0.000117566,0.000124106,0.000121104,0.00013061,0.000135577,0.000126036,0.000131324,0.000137113,0.000136184,0.000136613,0.000138686,0.000128037,0.00014083,0.000139365,0.000140937,0.000151193,0.000149513,0.000153444,0.000141723,0.000151872,0.000144475,0.000149406,0.00014594,0.000150335,0.000156124,0.000162985,0.000156731,0.000150013,0.000152979,0.000152193,0.000149942,0.000161448,0.000155624,0.000160948,0.000172169,0.000178494,0.000162306,0.000160591,0.000162092,0.000155088,0.000168131,0.000172455,0.000168845,0.000173241,0.000172991,0.00017174,0.000177743,0.000178851,0.000176779,0.000176135,0.000177993,0.000177743,0.000183389,0.000186355,0.000193609,0.000189965,0.000198505,0.000195825,0.000198612,0.000208546,0.00020533,0.00021044,0.00021019,0.000216801,0.000218409,0.000219731,0.000221196,0.000224305,0.000223877,0.000235562,0.00024496,0.000248783,0.000246532,0.000248569,0.000261434,0.00025443,0.000261291,0.000266865,0.000274191,0.000281802,0.000289378,0.000280123,0.000286162,0.000289699,0.000297097,0.00029992,0.000301599,0.000320395,0.000308996,0.000319252,0.000329043,0.000338513,0.000333438,0.00034616,0.000349197,0.000350448,0.000354022,0.000356166,0.000361883,0.000365778,0.000360954,0.000372889,0.000386933,0.000381787,0.000382824,0.000391221,0.000393508,0.000402406,0.000400226,0.000394402,0.000402299,0.000393008,0.000409875,0.000413377,0.000395509,0.000410554,0.00041377,0.000405837,0.000404264,0.000413341,0.00041988,0.000418058,0.000418129,0.000420559,0.000419773,0.00042424,0.000417307,0.000437783,0.000435389,0.000434496,0.000441607,0.000438962,0.000446431,0.000440892,0.000459653,0.000467336,0.000468765,0.000472017,0.000471802,0.000482559,0.000492278,0.000500247,0.000505929,0.000518615,0.000512861,0.000520401,0.000545237,0.000552026,0.000556457,0.000568357,0.000594515,0.00059187,0.000605914,0.000624103,0.000631964,0.000658158,0.000677204,0.000699574,0.000729269,0.000735344,0.000776975,0.000819785,0.000826825,0.000909407,0.00092681,0.000975945,0.0010358,0.001086721,0.001157512,0.001233054,0.001307132,0.001409082,0.00153058,0.001665442,0.001818135,0.002000488,0.002186915,0.002357619,0.002594788,0.002826062,0.003097966,0.003371334,0.003652029,0.003946231,0.004216205,0.004499329,0.004735641,0.004970774,0.00516492,0.005344343,0.005524981,0.005655626,0.005702867,0.005753252,0.005796777,0.005817038,0.005784127,0.005790809,0.005729275,0.005757219,0.005645191,0.00554735,0.005540454,0.005418956,0.0053834,0.005289991,0.005199618,0.005129007,0.005044888,0.004979994,0.004884297,0.004816044,0.004754402,0.004675429,0.004625937,0.004569405,0.004531455,0.0044478,0.004407599,0.004350852,0.00428771,0.004246651,0.004180292,0.004142056,0.004100497,0.004031279,0.004008552,0.003969494,0.00394398,0.003912855,0.003918322,0.003923539,0.003900598,0.003908352,0.003883696,0.003895631,0.003897346,0.003871296,0.003884196,0.003860861,0.003851999,0.003840707,0.00384621,0.00385961,0.003840457,0.003811297,0.003826199,0.003835561,0.003797468,0.00378614,0.003787534,0.003787784,0.003769988,0.003766236,0.003771346,0.00374962,0.003770989,0.003754444,0.00376302,0.003744331,0.003748441,0.003750763,0.003721068,0.00373161,0.003743223,0.003731002,0.00374526,0.003726214,0.003730073,0.003724606,0.00375205,0.003710848,0.003719817,0.003739614,0.003742759,0.003732003,0.003736398,0.0037518,0.003804329,0.003724498,0.003742258,0.003733182,0.003733039,0.003724391,0.003751907,0.003734861,0.003764414,0.003723534,0.003747583,0.003739114,0.00374551,0.003732074,0.003767844,0.00376713,0.003764485,0.003781245,0.003778315,0.003799326,0.003811155,0.003816979,0.003812548,0.003806152,0.003815371,0.003863934,0.003855465,0.003903207,0.003858467,0.003859003,0.003877513,0.003869366,0.003901277,0.003877871,0.00391457,0.003917893,0.003904529,0.003901205,0.003938441,0.003935725,0.003987147,0.003967815,0.003980929,0.004028527,0.004046466,0.004126904,0.004148417,0.00417997,0.004238718,0.004294142,0.004373258,0.00441639,0.004474851,0.004511336,0.004547106,0.004612465,0.004666388,0.004724671,0.004764801,0.004848705,0.004906345,0.005001184,0.00512261,0.005159095,0.00529142,0.005389261,0.005487138,0.005542526,0.005618569,0.005682069,0.005770369,0.005838515,0.005900264,0.005898835,0.005958154,0.005967588,0.005997712,0.006028587,0.005934927,0.005916309,0.005859312,0.005754432,0.005646442,0.005459622,0.00529628,0.005098775,0.004861534,0.004613001,0.004357999,0.004081808,0.003809368,0.003523992,0.003267276,0.002996837,0.002736333,0.002484476,0.002296262,0.002075245,0.001904755,0.001718436,0.001580286,0.001459647,0.001353658,0.001249063,0.00117813,0.001132176,0.00105892,0.000986308,0.000921342,0.000888181,0.000861451,0.000804348,0.000772472,0.000754677,0.000725267,0.000698645,0.000677955,0.000654906,0.000643042,0.000634251,0.000612811,0.000587582,0.000582401,0.000567035,0.000555207,0.000545094,0.000536196,0.000511182,0.000511789,0.000515792,0.000506894,0.000494458,0.000491206,0.000486954,0.000473947,0.000467443,0.000474411,0.0004544,0.000461475,0.000447324,0.000450219,0.000454471,0.000446109,0.000448932,0.000435854,0.000432244,0.000423525,0.000424597,0.000420488,0.000422953,0.000416235,0.000415378,0.000412447,0.000414341,0.000416057,0.000411554,0.000399011,0.000409339,0.000404836,0.00039894,0.000408124,0.000410196,0.000396796,0.000390506,0.000392365,0.000386683,0.000390828,0.000383645,0.000386433,0.000390399,0.000379322,0.000382609,0.000379607,0.000375427,0.00036828,0.000361383,0.000357309,0.000348447,0.000367172,0.000343837,0.000346231,0.000326577,0.000334689,0.000328543,0.000321217,0.000319931,0.000303707,0.000299205,0.000300992,0.000293666,0.000283696,0.000279658,0.000280873,0.000284339,0.000270832,0.000256038,0.000259254,0.000256538,0.000254751,0.00025275,0.000255073,0.00025082,0.000242208,0.000240958,0.000229237,0.000227557,0.00022452,0.000216229,0.000216873,0.000211227,0.000212156,0.000205402,0.000202364,0.000208296,0.000205831,0.000213371,0.000203758,0.000196397,0.000195075,0.000199184,0.000194038,0.00018364,0.000181281,0.000181281,0.000180566,0.000178244,0.000184176,0.000182174,0.000180852,0.0001895,0.000186927,0.000177279,0.000172383,0.000172383,0.000176314,0.000173205,0.000166451,0.000172133,0.000161591,0.00016856,0.000161448,0.000168274,0.000158375,0.000165129,0.000156195,0.000179101,0.000161699,0.00015934,0.000167202,0.000157875,0.000166952,0.000174384,0.000167952,0.000152693,0.000149728,0.000164414,0.000160912,0.000151371,0.000155445,0.000142581,0.000138471,0.000140579,0.000149549,0.000138543,0.000135041,0.000150371,0.000139758,0.000133647,0.000133433,0.000124356,0.000123498,0.00012089,0.000117316,0.000116173,0.0001136,0.000120282,0.000117138,0.000112992,0.000107061,0.000108204,0.000106953,0.000101343,0.000103737,9.60E-05,9.42E-05,9.12E-05,8.89E-05,9.77E-05,9.77E-05,8.88E-05,8.72E-05,9.00E-05,8.44E-05,8.50E-05,7.52E-05,7.60E-05,7.68E-05,6.99E-05
,HNGH067,#N/A,7.55E-05,7.61E-05,8.14E-05,7.48E-05,7.83E-05,7.58E-05,8.87E-05,8.98E-05,8.53E-05,8.88E-05,9.10E-05,9.39E-05,9.50E-05,0.000105389,9.89E-05,0.000101266,0.000102322,0.000109682,0.000119597,0.000109205,0.000113226,0.00011728,0.000117757,0.00011602,0.000118337,0.000118711,0.000122153,0.000120177,0.000129104,0.000138781,0.000125322,0.00013108,0.000133772,0.000130569,0.000131932,0.000140212,0.000137043,0.000138747,0.000140995,0.000147095,0.000150672,0.00014781,0.000143653,0.000146822,0.000147367,0.000150093,0.000151422,0.000148457,0.000151865,0.000158339,0.000156533,0.000153534,0.000147503,0.000157896,0.000148764,0.000154659,0.000159259,0.000153705,0.000158714,0.000167027,0.000172786,0.000174558,0.000163518,0.000159838,0.000159565,0.000165324,0.000170912,0.000167607,0.000177318,0.000165835,0.000168765,0.000178442,0.000176193,0.000174047,0.00017926,0.000176295,0.000179464,0.000175989,0.000189005,0.000196024,0.000188391,0.000198511,0.000190163,0.00020151,0.000203793,0.000208699,0.000208904,0.000212618,0.00021657,0.000228053,0.000216536,0.000218478,0.000230268,0.000229586,0.00023865,0.000242398,0.0002471,0.000242398,0.000248701,0.000257969,0.000244408,0.000262331,0.000272791,0.000268702,0.000280764,0.000284308,0.000284785,0.000286352,0.000286795,0.000301719,0.000304173,0.000308772,0.000319983,0.000311362,0.000321686,0.000322266,0.000332181,0.000333271,0.000346151,0.000355044,0.000362199,0.000352932,0.000359031,0.000364687,0.000367685,0.000369116,0.000369764,0.000384177,0.000380156,0.000378861,0.000391468,0.000389049,0.000394842,0.000396273,0.00038755,0.000397602,0.000398147,0.000407994,0.00040813,0.000398931,0.000405745,0.00041055,0.000407381,0.000405507,0.000408403,0.000422577,0.000413446,0.000416989,0.000416649,0.000416342,0.000415047,0.000420942,0.00042176,0.000431743,0.000428915,0.000430039,0.000438353,0.000436956,0.000437024,0.000445168,0.00044878,0.000457571,0.000467895,0.000468508,0.000475698,0.000482103,0.000496176,0.000513076,0.000512565,0.000506977,0.000528375,0.000531237,0.000530488,0.000549739,0.000569808,0.000577986,0.000581632,0.000603813,0.000619521,0.000623814,0.000655809,0.000669882,0.000706919,0.000720174,0.000736665,0.000765151,0.000808356,0.000825665,0.000874799,0.000899877,0.000975894,0.001019133,0.001075831,0.001136959,0.001215396,0.001299863,0.00139118,0.001528836,0.001646185,0.001810861,0.001990291,0.002154354,0.002353513,0.002600136,0.002842124,0.003097504,0.003379393,0.003660191,0.003955811,0.004217426,0.00448405,0.004754796,0.004996921,0.005170661,0.005374386,0.005543867,0.005665338,0.005727385,0.005767047,0.005818327,0.005827527,0.005827765,0.005806129,0.005780881,0.005728203,0.005665781,0.005614262,0.005555417,0.005458683,0.005372307,0.005299254,0.005217444,0.005110011,0.005035799,0.004957294,0.004903049,0.004828974,0.004745017,0.004689614,0.004634995,0.004594584,0.004511411,0.004463742,0.004424149,0.004358796,0.004283494,0.004231192,0.004199435,0.004134696,0.00406522,0.004037791,0.004027161,0.003960649,0.00393288,0.0038893,0.00390603,0.003900748,0.003896455,0.003905212,0.003917138,0.003896762,0.003876352,0.003884768,0.003862825,0.00385768,0.00386061,0.003843437,0.00385107,0.00384388,0.003839348,0.003811136,0.003830217,0.003810761,0.003767692,0.003788545,0.00378541,0.003772019,0.003776653,0.003768885,0.003794712,0.003759651,0.003758424,0.003764591,0.003810897,0.003731404,0.00372033,0.00375655,0.003727009,0.003740502,0.003759958,0.003743909,0.003759378,0.003742444,0.003750894,0.003723533,0.003745783,0.003728303,0.003746941,0.003739275,0.003762274,0.003762104,0.003788477,0.003763978,0.003820812,0.003718115,0.003739922,0.003753415,0.003733789,0.003735834,0.003774575,0.003765137,0.003738423,0.003737503,0.003741149,0.00373505,0.003750281,0.003739207,0.003775325,0.003758969,0.003752802,0.003755698,0.003808069,0.003785512,0.003809909,0.003816178,0.00384388,0.003809023,0.003808478,0.003846163,0.003838939,0.003864733,0.00386228,0.003878158,0.003865074,0.003882417,0.003878328,0.003877681,0.003905178,0.00391373,0.003911039,0.003906507,0.003932914,0.003949746,0.003972371,0.003974211,0.00399077,0.00402958,0.00404999,0.004116637,0.004127643,0.004186079,0.00421855,0.004299372,0.004343497,0.004407862,0.004478871,0.0045109,0.004568177,0.004621195,0.004680414,0.004722018,0.004779568,0.004854086,0.004910682,0.005007825,0.005106161,0.00519223,0.005306716,0.005393126,0.005490201,0.005541379,0.005631299,0.005710144,0.005829299,0.005824426,0.005909235,0.005948385,0.005994929,0.006028321,0.00604805,0.006058306,0.005984128,0.005910938,0.005858261,0.005765514,0.0056513,0.005520526,0.005310771,0.005123947,0.004897121,0.00463571,0.004398049,0.004074114,0.00380013,0.003513267,0.003242758,0.002978792,0.002712135,0.002487421,0.002275383,0.002091591,0.001879485,0.001708573,0.001562432,0.001448593,0.001356732,0.001259146,0.001186195,0.00112902,0.001049527,0.000991057,0.00091061,0.000896231,0.000834831,0.000802188,0.000765662,0.000740516,0.000698946,0.000685215,0.000661874,0.000655162,0.000634377,0.00062562,0.000599214,0.000582586,0.000578054,0.000568377,0.000556077,0.000530624,0.000527046,0.000521765,0.000513247,0.000516211,0.000495392,0.00049546,0.000490792,0.000479275,0.0004758,0.000461489,0.000457571,0.000446088,0.000452085,0.000437399,0.000444282,0.000435389,0.000435287,0.00043774,0.000433413,0.000425405,0.000423668,0.000429869,0.000420601,0.000413923,0.000416001,0.000418795,0.0004175,0.000422543,0.000414775,0.000406461,0.000394262,0.000401486,0.000401043,0.000403496,0.000405609,0.000399237,0.00039784,0.000388163,0.000388266,0.000385472,0.000379577,0.000378589,0.000378078,0.000382371,0.000367549,0.000377805,0.00036547,0.000366084,0.000358315,0.000363188,0.000357157,0.000344549,0.000354942,0.000342812,0.000343425,0.000329182,0.000335827,0.000323117,0.000318075,0.000309999,0.000295859,0.00029453,0.000294053,0.000298108,0.000280866,0.000283729,0.000276948,0.000273473,0.00026952,0.000263864,0.000252415,0.000259025,0.000253846,0.00024802,0.000249792,0.000247134,0.000239263,0.000235856,0.000224543,0.000225293,0.000225225,0.000217081,0.000214015,0.000211629,0.000210437,0.000204644,0.000202293,0.000214389,0.000201442,0.000206382,0.000200215,0.00019783,0.000194082,0.000192105,0.000187097,0.000185597,0.000187063,0.00018754,0.000185802,0.000180316,0.000181406,0.000191594,0.000182258,0.000189039,0.000186177,0.000172309,0.000170673,0.00017299,0.000170673,0.000167641,0.000163007,0.000159463,0.000159157,0.000170367,0.000161473,0.000166278,0.000158475,0.000161031,0.0001581,0.000184507,0.00015994,0.000158271,0.000167266,0.000162871,0.00016914,0.000177147,0.000161985,0.000150332,0.000149752,0.000164165,0.000160042,0.000146004,0.000148526,0.000141677,0.000139632,0.000142222,0.000148935,0.00013459,0.000139939,0.000150297,0.000136123,0.000130876,0.000123993,0.000128184,0.000125288,0.000122357,0.000119666,0.000115917,0.000115509,0.000118234,0.000111283,0.000114316,0.0001105,0.000106956,0.000104605,0.000102561,0.000107604,9.66E-05,9.06E-05,8.97E-05,8.77E-05,9.19E-05,9.69E-05,8.80E-05,8.25E-05,8.69E-05,8.62E-05,7.78E-05,7.56E-05,7.44E-05,7.47E-05,6.86E-05
,HNGH068,#N/A,6.97E-05,7.34E-05,7.84E-05,7.64E-05,7.54E-05,7.95E-05,8.03E-05,8.47E-05,8.51E-05,9.15E-05,8.98E-05,9.18E-05,9.60E-05,9.74E-05,0.000100851,0.000100977,0.000100641,0.000109238,0.000114228,0.000108022,0.000116534,0.00011666,0.000115738,0.00011406,0.000116618,0.000115612,0.000122237,0.000123286,0.000130457,0.000130624,0.000127228,0.000131253,0.00013096,0.000134482,0.000131756,0.000137543,0.000136243,0.000134818,0.000135111,0.000142869,0.00015113,0.000148195,0.000144546,0.000146056,0.000147943,0.000147566,0.000144001,0.000149956,0.000148949,0.00015503,0.000153814,0.000153688,0.00014723,0.000157504,0.000152681,0.000144379,0.000156917,0.000152975,0.000162704,0.000168323,0.000167023,0.000165387,0.000159936,0.000156204,0.000159768,0.000165178,0.000166729,0.000169329,0.000172307,0.000162159,0.000169162,0.000177255,0.000181448,0.000169371,0.000171384,0.000172516,0.000176081,0.000179687,0.000180735,0.000185558,0.000187487,0.000191848,0.000188116,0.000195286,0.000196796,0.000198306,0.00020447,0.000210886,0.000216086,0.000216253,0.000216253,0.000216002,0.00022724,0.000228708,0.000233656,0.00023613,0.000245104,0.000243804,0.000245272,0.000256049,0.000251939,0.000257726,0.000261039,0.000262297,0.000273954,0.000277183,0.000282006,0.000280915,0.000293076,0.000294921,0.000299912,0.000305824,0.00031765,0.000312408,0.000315972,0.000320166,0.000331698,0.000334884,0.000347716,0.000348052,0.000348639,0.000350945,0.000350777,0.000360171,0.000364993,0.000363358,0.000363819,0.000379418,0.000383947,0.000386715,0.000392376,0.000389734,0.000394011,0.000392124,0.000392669,0.000388183,0.000389189,0.000403111,0.000399169,0.00039896,0.000408185,0.000408898,0.000403153,0.000397156,0.00040114,0.000416488,0.000413762,0.000413804,0.000423281,0.000420262,0.00041632,0.000414601,0.000428229,0.000426133,0.000440013,0.000434687,0.000438545,0.000442026,0.000437958,0.000447855,0.000449113,0.000450664,0.000464628,0.000468318,0.000472721,0.00047876,0.000486056,0.000503082,0.000511301,0.00050174,0.000517716,0.000523797,0.000535622,0.000549544,0.000565479,0.000576298,0.000593449,0.000601333,0.000628296,0.000632154,0.000642386,0.00067195,0.000698745,0.000719461,0.000737283,0.000780768,0.000805383,0.000824715,0.000880739,0.000918521,0.000971274,0.001036943,0.001082651,0.001142826,0.001237009,0.001309765,0.001405332,0.001533524,0.001660081,0.001820646,0.002014213,0.002187107,0.002400886,0.002614833,0.002826222,0.003127979,0.003386879,0.003694842,0.003967706,0.00429932,0.004534611,0.004773341,0.005029222,0.005233021,0.005394299,0.005566354,0.005705071,0.005796907,0.005834312,0.005846095,0.005836366,0.005843873,0.005821899,0.005771117,0.005736899,0.005652067,0.005639906,0.005549077,0.005508611,0.005408347,0.005327792,0.005239814,0.005135273,0.005084784,0.004997855,0.004914197,0.004834648,0.004771789,0.004677606,0.004621288,0.004564132,0.004517208,0.00444873,0.004420802,0.004351444,0.004301794,0.00422648,0.00420132,0.004164292,0.00407057,0.004052538,0.004008046,0.003964729,0.003963806,0.003922711,0.003895999,0.003864087,0.003849914,0.003897215,0.003898054,0.003901199,0.003868155,0.003876122,0.003892015,0.003868071,0.003853101,0.003834524,0.00385243,0.003842701,0.003831379,0.003812299,0.003836075,0.003793387,0.003768436,0.003780052,0.003773636,0.003765626,0.003739418,0.003748601,0.003780723,0.00373296,0.003749943,0.003761391,0.003764284,0.00373514,0.00373665,0.003749608,0.003715012,0.00372667,0.00372625,0.003722309,0.003709477,0.00371908,0.003705577,0.003716941,0.00372126,0.003703438,0.003714551,0.003701384,0.003732918,0.003719667,0.003723357,0.003728473,0.003775355,0.00371497,0.003719667,0.003692997,0.00371887,0.003718115,0.003740424,0.003734511,0.003711741,0.003734302,0.003737027,0.003734218,0.003731534,0.003717989,0.00375204,0.003750362,0.003753507,0.003755772,0.003752627,0.003763823,0.003804122,0.003798628,0.003793135,0.003804667,0.003817582,0.003842575,0.003835404,0.003861823,0.003865052,0.00387889,0.003851591,0.003842869,0.003889038,0.00388518,0.003905141,0.003911221,0.003892015,0.003914827,0.003915247,0.00392942,0.003980202,0.003974877,0.003982593,0.004033458,0.004049393,0.004110827,0.004114265,0.004173098,0.004238767,0.004274243,0.004341505,0.004402226,0.004488148,0.004517208,0.004570129,0.004623343,0.004665697,0.004737697,0.004804582,0.00486916,0.004917258,0.00503526,0.005112335,0.005186894,0.005336346,0.005375387,0.005507017,0.005568954,0.005669805,0.0057044,0.005809235,0.005818712,0.00592187,0.005949756,0.005998315,0.006020918,0.006061552,0.0060756,0.006001628,0.005973784,0.005906815,0.005799129,0.005701633,0.00556497,0.005365155,0.005171042,0.004921745,0.004648881,0.004447221,0.00411871,0.003848278,0.003542957,0.003277599,0.003007251,0.00275506,0.002487773,0.002304354,0.002060089,0.001888747,0.001724366,0.001592148,0.001471588,0.00133589,0.001253238,0.001184173,0.001140184,0.001040884,0.000988341,0.000915502,0.000900783,0.000830292,0.000799219,0.00075825,0.000757075,0.000708851,0.000686584,0.000682433,0.000665953,0.000628212,0.000615213,0.000593785,0.000579695,0.000580911,0.000560531,0.000554493,0.000536461,0.000530758,0.000520358,0.000514404,0.000506814,0.000496372,0.000493521,0.000490627,0.000473937,0.000477124,0.00045729,0.000462993,0.000451251,0.000446429,0.000445213,0.000438084,0.000439258,0.000432423,0.000430662,0.000438126,0.000433178,0.000420094,0.0004263,0.000421059,0.000412462,0.000407388,0.000414475,0.000412965,0.000419885,0.000415272,0.00040026,0.000398289,0.000403488,0.000408898,0.00039615,0.000400847,0.000400385,0.000394011,0.000394011,0.000389441,0.000387847,0.000379712,0.000384031,0.000377028,0.000378622,0.000378202,0.000371954,0.000372793,0.000363148,0.000357487,0.0003608,0.000348471,0.000348303,0.000350819,0.000339455,0.000341007,0.000325701,0.000322975,0.00032222,0.000309514,0.000311234,0.000303518,0.000301882,0.000294963,0.000282886,0.000285319,0.00027949,0.000274667,0.000268126,0.000264687,0.000260913,0.000253197,0.000252736,0.000246949,0.000241204,0.000245859,0.000237388,0.000236549,0.000234914,0.000226569,0.000225814,0.000221831,0.000217344,0.000210131,0.000206063,0.000211976,0.000205392,0.000201576,0.000207699,0.000206483,0.000202918,0.000196796,0.000192183,0.00019407,0.000194322,0.000187277,0.000190212,0.000185684,0.000183922,0.000179268,0.000178303,0.000179519,0.000178806,0.000172013,0.000178513,0.000180106,0.000172936,0.000168239,0.000171049,0.000172978,0.000174781,0.000161655,0.000161362,0.000163459,0.000161152,0.000154191,0.000162704,0.000157085,0.000161949,0.000151717,0.00017998,0.000157378,0.000154317,0.000167316,0.000163375,0.000165681,0.000174529,0.000158888,0.000148656,0.000148446,0.000157336,0.000154527,0.000145804,0.000152514,0.000141443,0.000136998,0.000135656,0.000143204,0.000130415,0.000133769,0.000145008,0.00012945,0.000129744,0.000127563,0.000125718,0.000116576,0.000122112,0.000115696,0.000117289,0.00011276,0.000114647,0.00010928,0.000107686,0.000107644,0.000104667,0.000101606,9.87E-05,0.000104038,9.70E-05,9.23E-05,8.95E-05,8.29E-05,8.91E-05,9.09E-05,8.37E-05,8.00E-05,9.00E-05,8.06E-05,7.78E-05,7.46E-05,7.12E-05,7.21E-05,6.85E-05
,HNGH069,#N/A,7.38E-05,7.05E-05,8.04E-05,7.21E-05,7.50E-05,7.95E-05,8.37E-05,8.61E-05,8.41E-05,8.83E-05,8.92E-05,9.46E-05,9.20E-05,9.61E-05,9.51E-05,9.77E-05,0.000104645,0.00010697,0.000113169,0.000107486,0.000113815,0.000110554,0.000117463,0.000115074,0.000116462,0.000115364,0.000114816,0.000120821,0.000127085,0.000129442,0.000123017,0.000132509,0.000128699,0.000134576,0.000134221,0.000137223,0.000133284,0.000134156,0.000137288,0.000140291,0.000147297,0.000143487,0.0001431,0.000145877,0.000148847,0.000147459,0.000147491,0.000150849,0.000144585,0.000153658,0.000154885,0.000150074,0.000152205,0.000150526,0.000149138,0.000145844,0.000157403,0.000152722,0.000162343,0.000166024,0.000174387,0.000171448,0.000166928,0.000159534,0.000156176,0.000158533,0.000164894,0.000167639,0.000174451,0.000170512,0.000171029,0.00017387,0.000173418,0.000179843,0.000175226,0.000175904,0.00017571,0.00017726,0.000185849,0.00019024,0.000191887,0.000198635,0.00019334,0.000199313,0.000199442,0.000204221,0.000203995,0.000204414,0.000216038,0.000222818,0.000210484,0.000221043,0.00023173,0.000226273,0.000231181,0.000243838,0.000246453,0.000246001,0.000247583,0.000255461,0.000242643,0.00026179,0.000264696,0.000275867,0.000275803,0.000280646,0.00027887,0.000286199,0.000292915,0.000300568,0.000301956,0.000296725,0.00031613,0.00031471,0.000319843,0.00032417,0.000328367,0.000332339,0.000346772,0.000351518,0.000351518,0.000356587,0.00036072,0.000357394,0.000361753,0.00036298,0.000365014,0.000382191,0.000383644,0.00037851,0.000390974,0.000383192,0.000395752,0.000400531,0.000389811,0.0003984,0.000402888,0.000406343,0.000412316,0.000401047,0.000406633,0.000406601,0.000401499,0.000403146,0.000407796,0.000412736,0.000409894,0.000415448,0.000421518,0.000428621,0.000417966,0.00041887,0.000429041,0.000427201,0.000433626,0.000439082,0.000436338,0.000433949,0.00044328,0.000452773,0.000457745,0.000463815,0.000463169,0.000469756,0.000475051,0.000491905,0.000492713,0.000503658,0.000508437,0.000511472,0.000528326,0.000533395,0.000541855,0.000555222,0.000558192,0.000576532,0.000591158,0.000605042,0.000624705,0.000625642,0.000666001,0.000681048,0.000699904,0.00071763,0.000742265,0.000769193,0.000810586,0.000832026,0.000886431,0.000912455,0.000982196,0.001034115,0.001082192,0.001144992,0.001216638,0.001307174,0.001405974,0.001513493,0.001659079,0.001799822,0.001990514,0.002175846,0.002346132,0.002587742,0.002833582,0.003118231,0.003370884,0.003642618,0.003921553,0.00419868,0.004473191,0.004731429,0.004986697,0.005156596,0.005333791,0.005508824,0.00563649,0.005693833,0.005737777,0.005802901,0.005812878,0.005779041,0.00578905,0.005725637,0.005702131,0.005630452,0.00557411,0.005497749,0.005465687,0.005373667,0.00530399,0.005205157,0.005120401,0.005065899,0.004969778,0.004886056,0.004832716,0.004772564,0.004695461,0.004631046,0.004583293,0.00455785,0.004482845,0.004448168,0.004358957,0.004298385,0.004269874,0.004207817,0.004159741,0.004094681,0.004086512,0.004036788,0.003980414,0.003938278,0.003943735,0.003944058,0.003919487,0.003922522,0.003901567,0.003929076,0.003917291,0.003897079,0.003889233,0.003897369,0.003876512,0.003878158,0.003887489,0.003877028,0.003873928,0.003866987,0.003853523,0.003849906,0.003838993,0.003811678,0.003808352,0.003803154,0.003794694,0.003788495,0.003791498,0.003802508,0.003787494,0.003771124,0.003749427,0.003784233,0.00375456,0.003760114,0.003755755,0.003764279,0.003761987,0.003772803,0.003758241,0.003759791,0.003747489,0.003733864,0.003749201,0.003760534,0.003728698,0.003748878,0.003737286,0.003751945,0.003758338,0.003770769,0.003767185,0.003798117,0.003738449,0.003758403,0.003757014,0.003751913,0.003741096,0.00376557,0.003765474,0.00374397,0.003746327,0.003724113,0.003745875,0.003756304,0.003732088,0.003784297,0.003754496,0.003759985,0.003798407,0.003794436,0.00381665,0.003816101,0.003850843,0.003830114,0.003818038,0.003823172,0.003871668,0.003866373,0.003878158,0.003880192,0.003891945,0.00388581,0.003904796,0.00392701,0.003918195,0.003935598,0.003919713,0.003926945,0.003943799,0.00397528,0.003990391,0.003988906,0.004006922,0.003997494,0.004056549,0.004075114,0.004105368,0.004155672,0.004188412,0.004256055,0.004303712,0.004355954,0.004423145,0.004473869,0.00450916,0.004572218,0.004612061,0.004699561,0.004752707,0.004784962,0.004851249,0.004909335,0.005003099,0.005074649,0.005162859,0.005275383,0.005374668,0.005465203,0.005502366,0.00558851,0.005660286,0.005755374,0.005816269,0.005862247,0.005913455,0.005937606,0.005956947,0.005991366,0.005973026,0.005939318,0.00589476,0.005814138,0.005739585,0.005630065,0.005486771,0.005308478,0.005084109,0.004861517,0.004623394,0.004371097,0.004065331,0.003798665,0.003502909,0.003243993,0.002972516,0.002719154,0.002493009,0.002279522,0.002065195,0.001875246,0.001709157,0.001571934,0.001444009,0.001352054,0.001253576,0.001185933,0.00112478,0.00103841,0.000975577,0.00092198,0.000886205,0.00083322,0.000798317,0.000762252,0.000748432,0.000707588,0.000688312,0.000674396,0.000653861,0.000631809,0.000628322,0.000604203,0.000588769,0.000573174,0.000569364,0.000549152,0.000534816,0.000534493,0.000514894,0.000515411,0.00051893,0.000500139,0.00048971,0.000493714,0.00047899,0.000475051,0.000465397,0.000465817,0.000448866,0.000453741,0.000447639,0.000448511,0.000439438,0.000438146,0.000444927,0.000428686,0.000424876,0.00042465,0.000425844,0.000414285,0.000420323,0.000410572,0.000410605,0.000418483,0.000411509,0.000415706,0.000410023,0.000409248,0.00040447,0.000400046,0.000402888,0.000402759,0.000408441,0.000392233,0.000399724,0.000394332,0.000388649,0.000389101,0.000381481,0.000383063,0.000383418,0.000378801,0.000373958,0.000376896,0.000365692,0.00036989,0.000356845,0.000355037,0.000343026,0.000358912,0.000341831,0.000343672,0.000328497,0.000332888,0.000327431,0.000318843,0.000322523,0.000299857,0.00030131,0.000302247,0.000298146,0.000284521,0.000277837,0.000284101,0.000272865,0.000270023,0.000257528,0.000256204,0.000252426,0.000249521,0.000249036,0.000247099,0.00024119,0.000243515,0.000236412,0.000229599,0.00022227,0.00022566,0.000215328,0.000215683,0.000206965,0.000212131,0.000200895,0.000199216,0.000210032,0.000202961,0.000199539,0.000198764,0.000185655,0.000191887,0.000190014,0.000183847,0.000185817,0.000183072,0.000181458,0.000182652,0.00017852,0.000179488,0.000179004,0.000178649,0.000183169,0.00017697,0.000167703,0.000168123,0.000168865,0.00016822,0.000166347,0.000159857,0.000162924,0.000159276,0.000165314,0.000158178,0.000162085,0.00015721,0.000160955,0.000156273,0.00017768,0.00016173,0.000154239,0.000165346,0.000159082,0.000163829,0.000173805,0.000151269,0.000146522,0.00014833,0.000159115,0.000152592,0.000143584,0.000151979,0.000139161,0.000134963,0.000139484,0.000145069,0.000133962,0.000129668,0.000143972,0.000133252,0.000129184,0.000129313,0.000120595,0.000120724,0.000122662,0.000116043,0.000116721,0.000109682,0.000116365,0.000110941,0.000106162,0.00010429,0.000104613,0.000100189,9.54E-05,0.000103999,9.37E-05,9.06E-05,8.89E-05,8.43E-05,9.05E-05,9.27E-05,8.55E-05,8.07E-05,8.68E-05,7.77E-05,7.82E-05,7.44E-05,7.30E-05,7.12E-05,6.95E-05
,HNGH070,#N/A,7.34E-05,7.31E-05,8.04E-05,7.40E-05,7.48E-05,7.90E-05,8.74E-05,8.39E-05,8.53E-05,9.26E-05,9.30E-05,9.08E-05,9.93E-05,0.00010018,9.92E-05,9.92E-05,0.000104355,0.000111654,0.000111495,0.000107383,0.000116212,0.000113885,0.000120866,0.000115607,0.000116627,0.000119782,0.000117041,0.00012485,0.00013387,0.000133201,0.000128356,0.000135082,0.000132755,0.000136484,0.000138014,0.000142986,0.000134412,0.000140022,0.000140819,0.000138811,0.000151146,0.00015223,0.000149074,0.000148245,0.000154302,0.000145536,0.000149138,0.000151018,0.000147895,0.000156086,0.000160517,0.000155959,0.000154557,0.000157585,0.000151305,0.000158445,0.000163545,0.000157106,0.000164788,0.000169952,0.00017604,0.000170621,0.000167338,0.000164055,0.000164469,0.000166573,0.000172215,0.000170908,0.000175338,0.000173107,0.000174191,0.000184582,0.000180821,0.000181522,0.000181872,0.000179769,0.000182064,0.000185442,0.000190223,0.000187928,0.000195259,0.000204471,0.000195961,0.00020428,0.000204854,0.000211515,0.000212439,0.000213396,0.000220504,0.000219547,0.000218559,0.000224679,0.000235102,0.000223914,0.000242433,0.000243835,0.000254959,0.000256999,0.0002577,0.000258338,0.000259549,0.000260665,0.000273574,0.000277367,0.00027896,0.000290467,0.000281956,0.000288714,0.00029359,0.00030124,0.000300666,0.000306404,0.000323042,0.000313767,0.000325177,0.000328907,0.000332477,0.000336748,0.000353226,0.000358135,0.000358709,0.000362789,0.000373594,0.00037098,0.000371331,0.000378662,0.000382168,0.000391284,0.000382901,0.000391571,0.000394408,0.000391316,0.000402854,0.000407253,0.000402886,0.000404703,0.000402217,0.000412225,0.000418664,0.000412257,0.000416305,0.000413309,0.000411364,0.000419078,0.000415859,0.000423827,0.000416751,0.000430202,0.000424273,0.000428831,0.000424241,0.000433804,0.000436864,0.00043323,0.000431859,0.000445278,0.000438043,0.000443398,0.000446872,0.000461725,0.000466889,0.000468865,0.000468259,0.000477981,0.000491081,0.000488914,0.000493025,0.000523975,0.000514349,0.00051352,0.000524071,0.000532676,0.000545107,0.000565252,0.000572901,0.000582081,0.000605508,0.000603182,0.000621541,0.000634514,0.000658897,0.000672762,0.000697082,0.000719394,0.000740303,0.000768225,0.000796592,0.000827892,0.000875321,0.000898876,0.000957842,0.001020156,0.001056046,0.001125467,0.001194857,0.001281267,0.001391232,0.001501228,0.001636119,0.001778563,0.001954348,0.002109446,0.002309136,0.002529289,0.00277816,0.003040451,0.003313482,0.003571119,0.003843418,0.004137422,0.004396621,0.004655086,0.004884451,0.005052139,0.005281408,0.00543861,0.005558647,0.005660548,0.005689426,0.005748839,0.005723212,0.005735866,0.005725316,0.005719802,0.005676294,0.005602442,0.005564512,0.005486899,0.005429112,0.005348375,0.005283512,0.005180719,0.005090197,0.0050479,0.004970797,0.00487406,0.004820799,0.004761067,0.00469649,0.004642655,0.004573202,0.004538555,0.004469548,0.004431363,0.004359137,0.004316076,0.004235562,0.004204772,0.004145996,0.004111541,0.004068511,0.004025991,0.003994181,0.003961064,0.003951821,0.003929158,0.003929031,0.003937031,0.003902066,0.003912775,0.003920648,0.003912584,0.003884949,0.003895818,0.003913795,0.003893842,0.003881284,0.003879021,0.003875132,0.003876439,0.003863849,0.003866271,0.003864486,0.003847689,0.003822763,0.00384243,0.00381301,0.003818588,0.003812532,0.003828756,0.003839943,0.003800483,0.003799463,0.003804308,0.003801408,0.0037863,0.00379583,0.003799495,0.003804149,0.00380995,0.003797997,0.003785439,0.003785917,0.003792611,0.003784993,0.003791368,0.003773518,0.003790093,0.003795798,0.003805806,0.003778522,0.003811735,0.003790061,0.00384686,0.00380246,0.00379787,0.003786108,0.003778841,0.003802587,0.003817982,0.003789678,0.003786618,0.003782028,0.003779351,0.003790284,0.003801918,0.00378426,0.003817791,0.003806922,0.003824708,0.00382407,0.003830732,0.003845808,0.003878989,0.003844661,0.00385145,0.003868279,0.003846318,0.003913476,0.003897125,0.003914305,0.003924377,0.003945382,0.003899101,0.003911915,0.003920234,0.003915994,0.003943852,0.003941876,0.003958482,0.003951247,0.003955327,0.003972602,0.004012445,0.003993703,0.004017194,0.004041323,0.00407122,0.004133374,0.004162348,0.004193074,0.004225426,0.004291533,0.004340108,0.004408414,0.004476114,0.004529662,0.004563799,0.004622702,0.004677525,0.004709718,0.004769035,0.004816719,0.004909249,0.004987786,0.005073272,0.00516408,0.005264483,0.005349586,0.005445877,0.005504589,0.005568656,0.005653345,0.005689394,0.00579343,0.005832763,0.005868972,0.005870725,0.005907858,0.0059426,0.005937947,0.005880574,0.005838946,0.005769079,0.005683115,0.005559763,0.005403326,0.005224991,0.005033015,0.004786725,0.004558795,0.004293764,0.003980188,0.003713149,0.003433997,0.003198545,0.002896859,0.002673678,0.002428121,0.002221642,0.002010478,0.001841546,0.001678097,0.001556976,0.001410675,0.001324073,0.001238906,0.001160401,0.001106311,0.001025606,0.000966544,0.00091953,0.000885775,0.000827287,0.000794744,0.000762965,0.000738199,0.000711935,0.000682834,0.000673113,0.000655805,0.000628808,0.000620266,0.00060809,0.000582527,0.000573029,0.000561204,0.000560311,0.0005358,0.000543099,0.000516899,0.000521425,0.000525186,0.000505456,0.000498189,0.000494715,0.000479798,0.000477981,0.000470459,0.000470331,0.000453852,0.00046316,0.000458219,0.000443589,0.000449741,0.000443748,0.000444322,0.000442186,0.00043884,0.000430425,0.000433102,0.000428927,0.000428672,0.000414584,0.000421309,0.000419715,0.000420672,0.000421564,0.000415508,0.000409994,0.000410058,0.000413564,0.000407986,0.000409516,0.000415604,0.000398997,0.000398647,0.000393834,0.000395173,0.000389435,0.000392304,0.000387077,0.000400878,0.000383029,0.000384431,0.000380319,0.000377482,0.000367888,0.000362056,0.000358996,0.000360685,0.000358613,0.000345258,0.000351218,0.000341465,0.000337003,0.000331074,0.000324094,0.000315711,0.000312938,0.000309272,0.000303981,0.00029834,0.000290977,0.000295471,0.00028763,0.000277367,0.000273669,0.000262418,0.000256234,0.000261015,0.000253493,0.000253397,0.000253493,0.000249541,0.000243485,0.000241859,0.000224647,0.000228281,0.000228855,0.000215213,0.000220249,0.00021636,0.000212471,0.000207244,0.000207945,0.000209921,0.000205905,0.000207403,0.000205108,0.000204057,0.000199754,0.000195036,0.000191307,0.000193985,0.00019067,0.000184422,0.000183912,0.000188279,0.000184422,0.000186399,0.000186303,0.000184805,0.000178558,0.000172916,0.000177187,0.000176518,0.000176199,0.00017349,0.000163481,0.000165935,0.000167848,0.00017094,0.000160868,0.000168007,0.000165202,0.000165043,0.000158764,0.000181904,0.00016227,0.000161601,0.000169537,0.000166159,0.000170972,0.000178558,0.000158541,0.000153951,0.000152835,0.00015972,0.000156055,0.000146365,0.000151146,0.000138269,0.000142381,0.00014152,0.000146461,0.000137886,0.00013658,0.000146524,0.000136994,0.000132691,0.000132946,0.000126986,0.000120579,0.000123766,0.000115511,0.000116212,0.000116308,0.000118635,0.000110634,0.000110475,0.000111017,0.000108945,0.000101646,0.000102475,0.000104738,9.33E-05,9.15E-05,9.25E-05,8.59E-05,9.16E-05,9.59E-05,8.81E-05,8.27E-05,9.11E-05,8.30E-05,8.07E-05,7.50E-05,7.91E-05,7.32E-05,6.88E-05
CH?NG,HNGH071,HNGH071,7.64E-05,7.80E-05,8.15E-05,7.57E-05,7.76E-05,8.26E-05,8.92E-05,8.87E-05,8.65E-05,9.26E-05,9.64E-05,9.59E-05,9.62E-05,0.000105912,9.69E-05,0.000100763,0.000105013,0.000115311,0.000114412,0.000109056,0.00012077,0.0001169,0.000121703,0.000116658,0.000117107,0.000116935,0.000119077,0.000126092,0.00013283,0.000133694,0.000129962,0.000133832,0.000132139,0.000137495,0.000134316,0.000143127,0.00013632,0.00014057,0.000141814,0.000141953,0.000152699,0.000154703,0.000152215,0.000146859,0.00015111,0.00015422,0.000147931,0.000152872,0.000150522,0.000159057,0.000160198,0.00015149,0.000154081,0.000161407,0.00015422,0.0001546,0.000161684,0.00015688,0.000166556,0.00016431,0.000184248,0.000170772,0.00016545,0.000162547,0.000169355,0.000164379,0.000175022,0.000170702,0.000177475,0.00017554,0.000174227,0.000183246,0.000183937,0.000178858,0.000182278,0.000179341,0.00018487,0.000186252,0.000193302,0.000193267,0.00019261,0.000206502,0.000194546,0.000203875,0.000200904,0.000210994,0.000216903,0.00021089,0.000226198,0.000226025,0.000223572,0.000222293,0.000230068,0.000230932,0.000240815,0.000246758,0.000253013,0.000249557,0.000259578,0.000261479,0.00025398,0.000263552,0.000271949,0.000270982,0.00028394,0.000294825,0.000288328,0.000295827,0.000285184,0.000310547,0.000304742,0.00031497,0.000320914,0.0003092,0.000323022,0.000328239,0.000339401,0.000343306,0.000354398,0.000359063,0.000361827,0.000366492,0.000365248,0.000367356,0.000358095,0.000375995,0.000382111,0.000390093,0.000389229,0.000386327,0.000397626,0.000390128,0.000407889,0.000413764,0.000401462,0.000418048,0.000407371,0.000409686,0.000418774,0.000412105,0.000422886,0.000418394,0.000410308,0.000413211,0.000425616,0.000428484,0.000424406,0.00042959,0.000426894,0.000429832,0.000425063,0.000428311,0.000434911,0.000431629,0.000444587,0.000448284,0.000448941,0.000453191,0.00045174,0.000461346,0.000463592,0.000471263,0.000470641,0.000474788,0.000491029,0.000489059,0.000500843,0.000512868,0.000521126,0.00052358,0.000534465,0.00053557,0.000542689,0.000564355,0.000579974,0.000591273,0.000591204,0.000608724,0.000631219,0.00064321,0.000663563,0.000672271,0.000699466,0.000711664,0.000743869,0.000779599,0.000806932,0.000816331,0.00087815,0.00090614,0.000965575,0.001010255,0.001072661,0.001123146,0.001215754,0.00129924,0.001395648,0.001513205,0.001636809,0.001771298,0.001964668,0.002132434,0.002293011,0.002562162,0.002795858,0.003041718,0.003311041,0.003579984,0.003818622,0.004138914,0.004382977,0.004639618,0.004883197,0.005060638,0.005225017,0.005432037,0.005538259,0.005640439,0.005661483,0.005715907,0.005720849,0.0057223,0.005708202,0.005667703,0.005654779,0.00557703,0.005534493,0.005448036,0.005394061,0.005327162,0.005237077,0.005154801,0.005087349,0.005015785,0.004960808,0.004887689,0.004788205,0.004721755,0.004667677,0.004621684,0.00456256,0.004515876,0.004473891,0.004426585,0.004364144,0.004279933,0.004263001,0.004206573,0.004167871,0.00409997,0.004074986,0.004019975,0.00399862,0.003975537,0.003946165,0.003926399,0.003943746,0.003923704,0.003966138,0.003942364,0.003952316,0.003945301,0.003899101,0.003916413,0.003921562,0.003908396,0.003916136,0.003903386,0.003884622,0.003893606,0.003882756,0.003876122,0.003882376,0.003851276,0.003851518,0.003870765,0.003859155,0.003847061,0.003824876,0.003861919,0.003833169,0.003830474,0.003792671,0.003837904,0.003823356,0.003815304,0.003804454,0.003800273,0.003808877,0.003825982,0.00379661,0.003790148,0.00379858,0.00379934,0.003783686,0.00380093,0.003778952,0.003775601,0.003786727,0.003814613,0.00380245,0.003816514,0.003824807,0.003834655,0.003790079,0.003802934,0.0037869,0.003776188,0.00379623,0.003789872,0.003780991,0.003818069,0.003792256,0.003807046,0.003790217,0.003799755,0.003806666,0.003794018,0.003834068,0.003826258,0.003816963,0.003852555,0.003846508,0.00388127,0.003874808,0.003889114,0.003874325,0.003864684,0.003898168,0.003918935,0.003924153,0.003909087,0.003921976,0.003901934,0.003916275,0.003911852,0.003945439,0.003976954,0.003958017,0.003941776,0.003959676,0.003969559,0.003969731,0.003979683,0.003979614,0.004025123,0.004026817,0.004054945,0.004128167,0.004171603,0.004206123,0.004271916,0.00430274,0.004345208,0.004415009,0.004479904,0.004510865,0.004555165,0.004612699,0.004661699,0.004711942,0.004753995,0.004839347,0.004893218,0.004984582,0.005071799,0.005129748,0.005226295,0.005324294,0.005434698,0.005448796,0.005525474,0.005638677,0.005708444,0.005744588,0.005780698,0.005827693,0.005859519,0.005882843,0.005883085,0.005899326,0.005826899,0.005767222,0.005704055,0.005638331,0.005511617,0.005370632,0.005227263,0.004981437,0.004784439,0.004524756,0.004248315,0.003981135,0.003701445,0.003449331,0.003161935,0.002921224,0.002679753,0.002424494,0.002251338,0.002033295,0.001836814,0.001676375,0.00155163,0.00142464,0.001330028,0.001244504,0.001167446,0.001116304,0.001021969,0.000972417,0.000927219,0.000885303,0.000833194,0.0007947,0.000755929,0.000747324,0.000721685,0.000698878,0.000679596,0.000659796,0.000627453,0.000628938,0.000599981,0.000586954,0.0005826,0.000570402,0.000562282,0.000540097,0.000536434,0.000522474,0.000524375,0.000513248,0.000510864,0.00050143,0.000488195,0.000484325,0.000489681,0.000474546,0.000481215,0.000463868,0.000456301,0.000462694,0.000447178,0.000464041,0.000450219,0.000449874,0.000443446,0.000445416,0.000436535,0.000428484,0.000430108,0.000428069,0.000427551,0.00042375,0.000418705,0.00042527,0.00042178,0.000420605,0.000413591,0.000410308,0.000417184,0.000416839,0.000415422,0.000409237,0.000403708,0.000393652,0.000397626,0.000401013,0.000398317,0.000394827,0.000391406,0.000390473,0.000383735,0.000380038,0.000383251,0.000378586,0.00037444,0.000363175,0.000363002,0.000354916,0.000365421,0.000356747,0.000350251,0.000328516,0.000333215,0.000332628,0.000320603,0.000317666,0.00030913,0.000305399,0.000310478,0.00029949,0.000289745,0.000284009,0.000285944,0.000278756,0.000274161,0.000263345,0.000260235,0.000260546,0.000255052,0.00025011,0.000251942,0.000250248,0.00024624,0.000243441,0.000228064,0.000228617,0.000229792,0.000219978,0.000219045,0.000215244,0.000216488,0.000212272,0.000208195,0.000215313,0.00020194,0.000208713,0.000207227,0.000201768,0.00019617,0.000194995,0.00019579,0.00019268,0.000187151,0.000183246,0.000187393,0.000187324,0.000183073,0.000187773,0.000188187,0.000187047,0.000189397,0.000181553,0.00017789,0.000174849,0.000178719,0.000171221,0.000166107,0.000169286,0.000159196,0.000166798,0.000159161,0.000167973,0.000166038,0.000167731,0.000155775,0.000181933,0.000164206,0.000160025,0.000166279,0.000167385,0.000162651,0.000176093,0.000158124,0.000159299,0.000150108,0.000161027,0.000156811,0.000146099,0.000158194,0.000141331,0.000139223,0.000146237,0.000145408,0.000136838,0.000134869,0.000147516,0.000135905,0.000130308,0.000129582,0.000125055,0.000119872,0.000120287,0.000116693,0.000119181,0.000114343,0.000119492,0.000111579,0.000109782,0.000110957,0.000106015,0.000107708,0.000103285,0.000105912,9.35E-05,9.09E-05,9.07E-05,8.87E-05,9.41E-05,9.43E-05,8.84E-05,8.14E-05,8.99E-05,8.52E-05,8.11E-05,7.74E-05,7.76E-05,7.69E-05,7.23E-05
,HNGK001,#N/A,6.96E-05,7.32E-05,8.02E-05,7.49E-05,7.55E-05,7.90E-05,8.63E-05,8.68E-05,8.36E-05,9.09E-05,9.30E-05,9.38E-05,9.52E-05,0.00010194,9.84E-05,9.55E-05,0.00010194,0.000107169,0.000111395,0.000108957,0.000110934,0.000113697,0.000116975,0.000114754,0.000119278,0.000114944,0.000120497,0.000122989,0.000128462,0.000130954,0.000127432,0.000131794,0.000127486,0.000134665,0.000133825,0.000136047,0.000134151,0.000143795,0.000141573,0.000145664,0.000153276,0.000153493,0.000147994,0.000147398,0.000150215,0.00014924,0.000150919,0.000152166,0.000149348,0.000153628,0.000160401,0.000151624,0.000151353,0.000160265,0.000153032,0.000155687,0.000165413,0.000161891,0.000165142,0.000172266,0.000171914,0.000168772,0.000165277,0.000159669,0.000160374,0.000166388,0.000168501,0.000174948,0.000177224,0.000168284,0.000172212,0.000174379,0.000177712,0.000174894,0.000176547,0.000181071,0.00018294,0.0001834,0.000191446,0.000192422,0.00018741,0.000200792,0.00019616,0.000203095,0.000197623,0.000206969,0.000215069,0.000210626,0.000214283,0.000216288,0.000219674,0.000218157,0.000225905,0.000229833,0.000234872,0.000247875,0.000246764,0.000248146,0.00025202,0.000255894,0.000250855,0.00025695,0.000266296,0.000269656,0.000276049,0.000281196,0.000279218,0.000283038,0.000289242,0.000295283,0.000302381,0.000303302,0.0003211,0.000316522,0.000321669,0.000325136,0.000329146,0.00034242,0.000345698,0.000348867,0.00035396,0.000351387,0.000363144,0.000364688,0.000370729,0.000364742,0.000371325,0.000385331,0.000379804,0.000381321,0.000390451,0.0003859,0.000390884,0.000402262,0.000393702,0.000394948,0.000399526,0.00040275,0.00040489,0.000400257,0.000413071,0.000407219,0.000401964,0.000404321,0.000403129,0.000414182,0.000412773,0.000419248,0.000416484,0.000423528,0.00042258,0.000423311,0.000428594,0.000424015,0.000426237,0.000436341,0.000431763,0.000439023,0.000437642,0.000448288,0.000454871,0.000459422,0.000458366,0.000468958,0.000475812,0.00048681,0.000486025,0.000499245,0.000510135,0.000506072,0.000518939,0.000526877,0.000536087,0.000552612,0.000558085,0.000573797,0.00057973,0.000595279,0.000619823,0.000617981,0.000646859,0.000668044,0.000696624,0.00070746,0.000722657,0.000751563,0.000790952,0.000812543,0.000857567,0.000892865,0.00095994,0.001008025,0.00104736,0.00111384,0.001191047,0.001266899,0.001374014,0.001488443,0.001609048,0.001773594,0.001942338,0.002104744,0.002309492,0.002533636,0.00277035,0.003052954,0.003314672,0.003587606,0.003849758,0.004160401,0.004427374,0.004682753,0.004919169,0.005149707,0.005321106,0.005482049,0.005644725,0.00571432,0.005758369,0.005801605,0.005831729,0.005817073,0.005811357,0.005776682,0.005735559,0.005685713,0.005633158,0.005582716,0.005518079,0.005406088,0.005347546,0.005259395,0.005173736,0.005080979,0.004999546,0.004928326,0.004883112,0.004802736,0.004714259,0.004673055,0.004622017,0.004558843,0.004503173,0.004448721,0.004367478,0.004325569,0.004275344,0.004211818,0.004161918,0.004106193,0.004075717,0.004038982,0.003996749,0.003956791,0.003940103,0.003934469,0.003922413,0.003919054,0.003910792,0.00391174,0.003923822,0.003891395,0.003903044,0.003901012,0.003888199,0.00388148,0.003872811,0.003862165,0.003877444,0.003856097,0.003862029,0.003843825,0.003860702,0.00382413,0.003810748,0.003808878,0.003804734,0.003805899,0.003780109,0.003822099,0.003780732,0.003772225,0.003785689,0.00379555,0.003776397,0.003763855,0.003766726,0.003757678,0.003754183,0.003760848,0.003761037,0.003776099,0.003751258,0.003753913,0.00374118,0.003762419,0.003757597,0.003765913,0.003769516,0.003752666,0.003776831,0.00375291,0.003754454,0.003795035,0.003749741,0.00376762,0.003752097,0.003758437,0.003761985,0.003767214,0.003756784,0.003776777,0.003768731,0.003767783,0.003765047,0.003780461,0.003738282,0.003781084,0.003780651,0.003791812,0.003792624,0.003803027,0.003811019,0.003822776,0.003826108,0.003849541,0.00384117,0.003837973,0.00385458,0.003860973,0.003902583,0.003866445,0.003874003,0.003900118,0.00389237,0.003889743,0.003876956,0.003935281,0.003920625,0.003922603,0.003934739,0.003918214,0.003959662,0.003981362,0.003999566,0.004007504,0.004034675,0.004069865,0.004129382,0.004158531,0.004208215,0.004260634,0.00430704,0.004364931,0.004422606,0.0045032,0.004521269,0.004582005,0.004659835,0.004724879,0.004764213,0.004818285,0.004881595,0.004961322,0.005043351,0.005131285,0.005225424,0.00532777,0.005422478,0.005515289,0.00558426,0.005657837,0.005739514,0.005785757,0.005839179,0.005895364,0.005937353,0.005984599,0.006003968,0.006000744,0.00601047,0.005949084,0.005877051,0.005831729,0.00573545,0.005612894,0.005467204,0.005250807,0.005064129,0.004779194,0.004561444,0.004294416,0.003988947,0.003721648,0.003447143,0.003171474,0.002912383,0.002650665,0.002418259,0.002217304,0.002019058,0.001831946,0.001656185,0.001533575,0.001407822,0.001311462,0.001223663,0.00115396,0.001096068,0.001019999,0.000947235,0.000894003,0.000864664,0.000818448,0.000782175,0.000752538,0.000730514,0.000708462,0.000678528,0.000667719,0.000644069,0.000634506,0.000609041,0.000596715,0.000580028,0.000565291,0.000560875,0.000547818,0.000526145,0.000526525,0.000517233,0.00050916,0.000506397,0.000494098,0.000489682,0.000480011,0.000464353,0.000469364,0.000464055,0.000464759,0.000443277,0.000447178,0.000443249,0.000441759,0.000439186,0.000427645,0.000444333,0.00042835,0.000429542,0.000422255,0.000424503,0.000415509,0.000414155,0.000408628,0.000420142,0.000413098,0.000417026,0.00041941,0.000414669,0.000404212,0.000406651,0.000409495,0.000400691,0.000401178,0.000403644,0.000395246,0.00038571,0.000385385,0.000386604,0.000389746,0.000385006,0.000382026,0.000383461,0.000373682,0.000378206,0.000377881,0.000368481,0.000369022,0.000364227,0.000356182,0.000351874,0.000360462,0.000340307,0.000342311,0.000328902,0.000326518,0.000323159,0.000317361,0.000311645,0.000301351,0.0003036,0.000297206,0.00029038,0.000288483,0.000279246,0.000275047,0.00027529,0.000274586,0.000262341,0.000254675,0.00025909,0.000251478,0.000249853,0.000246493,0.00024159,0.000236741,0.00023796,0.000227693,0.00022558,0.000222898,0.00021981,0.00021645,0.000208486,0.000211872,0.000204124,0.000203691,0.000209732,0.000208269,0.000206481,0.000200576,0.000198354,0.000196566,0.000194914,0.000190904,0.000192205,0.0001889,0.000182696,0.000182263,0.000183915,0.000183292,0.000185812,0.000183644,0.000187329,0.000181829,0.000172917,0.00017698,0.00017484,0.000178633,0.000170587,0.000165792,0.000168907,0.000162649,0.000165629,0.000164437,0.000166009,0.000166496,0.000165711,0.000159561,0.000184565,0.000167228,0.000160157,0.000169612,0.000164519,0.000170235,0.00018294,0.000162243,0.000154685,0.000152789,0.000160753,0.000157692,0.000148427,0.000151488,0.000139406,0.000141031,0.000142684,0.000151028,0.000133798,0.000135586,0.000147262,0.000137076,0.000133988,0.000128787,0.000123206,0.000118682,0.000122773,0.000117517,0.00011535,0.000114673,0.000117815,0.000111314,0.000110582,0.000108009,0.000105245,0.00010232,9.84E-05,0.000103484,9.49E-05,9.01E-05,9.06E-05,8.47E-05,8.95E-05,9.36E-05,8.67E-05,7.94E-05,8.79E-05,8.16E-05,8.02E-05,7.20E-05,7.67E-05,7.26E-05,7.06E-05
,HNGK002,#N/A,7.19E-05,7.09E-05,7.42E-05,7.55E-05,7.34E-05,7.66E-05,8.17E-05,8.61E-05,8.18E-05,9.03E-05,8.71E-05,9.15E-05,9.58E-05,0.000100351,9.47E-05,9.56E-05,9.80E-05,0.000108703,0.000110183,0.000105941,0.00011712,0.000115082,0.000117022,0.000112846,0.000115049,0.00011449,0.000115969,0.000120112,0.000126721,0.000131226,0.000123203,0.000130799,0.00013093,0.000132344,0.000139117,0.000145496,0.000132114,0.000137408,0.000140235,0.000145956,0.000149968,0.000143655,0.000149573,0.000149376,0.000147929,0.000145628,0.000150067,0.000150362,0.000147666,0.000155393,0.000160753,0.000156117,0.000154768,0.000157465,0.000152335,0.000151645,0.000157695,0.000155492,0.000163975,0.00016963,0.00017374,0.000165586,0.000167723,0.000159142,0.000162462,0.000166868,0.000170584,0.000168611,0.000173675,0.000169499,0.000178114,0.000177949,0.000178936,0.000175746,0.000182454,0.000184624,0.000180284,0.000188602,0.000186005,0.000187485,0.000189424,0.000196757,0.000194258,0.000197908,0.000202083,0.000208758,0.000209219,0.000215236,0.000216123,0.000222272,0.000214874,0.000218129,0.000230459,0.00022533,0.000234339,0.000239995,0.000250911,0.000249957,0.000250845,0.000256731,0.000249464,0.000261433,0.000269554,0.000266957,0.000281325,0.000284252,0.00028149,0.000284318,0.000286258,0.000294182,0.000307005,0.000309471,0.000320026,0.000315159,0.000323643,0.000322327,0.000332981,0.000338537,0.000344719,0.000345673,0.000354156,0.000351394,0.000358364,0.00035751,0.000367966,0.000371944,0.00036859,0.000388582,0.000374936,0.000377764,0.000385524,0.000387069,0.000393283,0.000399728,0.000396308,0.000396473,0.000392988,0.000400254,0.000403312,0.000407652,0.000412025,0.000409592,0.000406567,0.000410973,0.000402424,0.000418371,0.000411894,0.000424158,0.000421133,0.000424027,0.000421068,0.00042521,0.000424224,0.000429452,0.000438494,0.000433003,0.000432115,0.000439349,0.000446813,0.00045329,0.000451548,0.000460524,0.000468251,0.000466607,0.000471802,0.000486434,0.000493635,0.000509023,0.000509779,0.000500934,0.000518262,0.000530921,0.000530198,0.000553116,0.000562717,0.000573863,0.000584681,0.000600694,0.000618778,0.000628182,0.000652184,0.000668099,0.000676352,0.000709068,0.00072462,0.000759013,0.000791565,0.000815403,0.000872747,0.000901287,0.000951759,0.000993846,0.001057535,0.001116128,0.001185407,0.001269318,0.001367828,0.001484751,0.001605751,0.001750064,0.001936891,0.002105535,0.00230627,0.002510622,0.002764624,0.003001594,0.003297124,0.003572761,0.00382742,0.004116144,0.004422129,0.004683168,0.004949204,0.005109693,0.00530086,0.005474141,0.005621314,0.005724262,0.005775392,0.005800414,0.005827606,0.005800775,0.005810771,0.005779206,0.005762141,0.005695196,0.005621741,0.005568705,0.005510967,0.0054214,0.005368726,0.005263377,0.005166807,0.005093187,0.005003325,0.004953314,0.004874105,0.004808344,0.00473673,0.00470043,0.004633189,0.004542669,0.004509328,0.004441167,0.00437659,0.004333089,0.004272622,0.004234974,0.004177367,0.004096645,0.004073333,0.004033482,0.003985674,0.003949472,0.003940397,0.003927936,0.003919683,0.003921327,0.003927541,0.00392764,0.003916723,0.00391646,0.003889761,0.00390607,0.003882594,0.003890025,0.003871874,0.003875294,0.003871085,0.003840638,0.003836955,0.003856552,0.003849713,0.003804075,0.003846885,0.003814202,0.003809566,0.003783755,0.003797466,0.003788424,0.003798124,0.003788161,0.003784248,0.003791745,0.003774187,0.003759719,0.003776784,0.003749428,0.003768071,0.003757516,0.003773529,0.003765671,0.003769024,0.003766229,0.003772148,0.003783821,0.003770899,0.003747323,0.00375653,0.003764421,0.003760311,0.003772543,0.00376692,0.003822061,0.00375653,0.003768038,0.003754656,0.003735322,0.003745745,0.003763435,0.003777968,0.003771326,0.003764125,0.003773036,0.003759489,0.00375334,0.003753472,0.003767939,0.003796512,0.003788818,0.003801708,0.003819496,0.003802332,0.003844781,0.003833766,0.003824494,0.003832845,0.003850436,0.003893082,0.003883218,0.003868915,0.003882922,0.003888282,0.003887493,0.003905906,0.003879601,0.003903078,0.003945034,0.00395401,0.003936222,0.003976993,0.003947664,0.003965748,0.003982945,0.004005534,0.004013392,0.004047127,0.004066363,0.004127783,0.004171218,0.004197523,0.004261508,0.004322863,0.004355612,0.004451623,0.004489732,0.00453606,0.00461471,0.00465295,0.004713352,0.00476961,0.004808015,0.00488558,0.004951176,0.005043932,0.005137707,0.005242596,0.005327461,0.005389671,0.005506988,0.005574229,0.005667445,0.005731266,0.005823233,0.005859697,0.005878998,0.005957484,0.005979448,0.005968992,0.006004601,0.006005489,0.005977212,0.00589044,0.005796994,0.005703054,0.005601355,0.005439123,0.005241314,0.005024072,0.004777041,0.004544609,0.004287155,0.003953484,0.003687053,0.003419932,0.003157908,0.002879147,0.002627348,0.002392581,0.002203979,0.001993511,0.001832923,0.001660629,0.001537228,0.00139913,0.001311931,0.001235484,0.00115473,0.001099491,0.001013081,0.000959453,0.00090691,0.00086696,0.000825925,0.000773415,0.0007503,0.000731262,0.000710153,0.000677404,0.000665139,0.000639328,0.000641334,0.000610262,0.000605659,0.000583333,0.000576494,0.000564262,0.000547164,0.000532499,0.000524345,0.000512245,0.000516618,0.000503433,0.000497317,0.000490708,0.000489755,0.00046299,0.000472953,0.0004671,0.000464766,0.000452008,0.000449969,0.000446188,0.000439809,0.000446583,0.000435798,0.000434187,0.000427874,0.000431228,0.000431293,0.0004284,0.000424191,0.000420509,0.000403213,0.000416267,0.000417845,0.000419489,0.00041699,0.000412716,0.000407126,0.000407422,0.000409789,0.000399202,0.000409329,0.00040831,0.000391048,0.000391475,0.000387332,0.000387858,0.000381085,0.000379474,0.000379539,0.000386116,0.000377797,0.000383781,0.000374574,0.000366552,0.000363066,0.000360337,0.000360929,0.000350342,0.000361817,0.000339623,0.000348533,0.000326372,0.000324234,0.000330712,0.000315357,0.000316902,0.000306216,0.000301547,0.000296056,0.000294872,0.000279747,0.000284252,0.000280503,0.000272645,0.000267647,0.000258145,0.000253574,0.000258737,0.000249103,0.000252752,0.000246143,0.000243348,0.000238351,0.000239962,0.000227007,0.000225823,0.000222404,0.000217176,0.000212539,0.000215367,0.000218425,0.000211027,0.000202182,0.000210895,0.000206259,0.000204681,0.000204155,0.000200341,0.000200374,0.00019143,0.000191595,0.000190246,0.00018321,0.000182388,0.000180547,0.000189096,0.000182257,0.000180119,0.000182421,0.000189392,0.000185873,0.000173445,0.000174497,0.000172886,0.00017476,0.000171669,0.000160523,0.00017042,0.000159273,0.00016848,0.000160391,0.000170354,0.000162956,0.000165619,0.000156676,0.000183966,0.000167888,0.000158879,0.000166934,0.000165257,0.000170683,0.00018857,0.00016506,0.000155886,0.000150034,0.000162397,0.00015901,0.000147601,0.000152565,0.000139611,0.000137802,0.000140038,0.000145463,0.000133988,0.000133199,0.000152763,0.000134383,0.000131653,0.000126984,0.000124025,0.000117613,0.000117383,0.000112451,0.000115904,0.000115345,0.00011666,0.000113799,0.000106894,0.000106894,0.000107651,0.000101699,0.000100055,9.80E-05,9.08E-05,8.70E-05,8.65E-05,8.43E-05,8.68E-05,9.26E-05,8.90E-05,8.18E-05,8.70E-05,8.60E-05,8.01E-05,7.29E-05,7.35E-05,7.07E-05,6.74E-05
B?NH,HNGK003,HNGK003,6.90E-05,7.09E-05,7.65E-05,7.37E-05,7.37E-05,7.64E-05,8.03E-05,8.64E-05,8.37E-05,8.79E-05,8.75E-05,8.87E-05,9.40E-05,9.66E-05,9.54E-05,9.47E-05,9.81E-05,0.00010333,0.000112771,0.000108809,0.00011029,0.000113252,0.000110142,0.000114178,0.00011477,0.000113844,0.000117436,0.000118842,0.000124618,0.000124618,0.000124988,0.000130912,0.000128172,0.000133355,0.000135354,0.000142352,0.000135354,0.000138723,0.000135725,0.000144203,0.000149201,0.00014872,0.000138909,0.00014809,0.000149682,0.000150867,0.000145795,0.000153533,0.000147683,0.000156753,0.00015331,0.000153199,0.000146609,0.000156568,0.000152348,0.000152052,0.00015679,0.000155532,0.000165417,0.000160641,0.000173932,0.000165639,0.000158975,0.000161418,0.000159271,0.000165491,0.000165491,0.000168564,0.000170452,0.000172525,0.000171303,0.000169489,0.00017334,0.000179004,0.000174043,0.000173414,0.000179967,0.000180929,0.000184705,0.000188001,0.000187149,0.00019111,0.000192073,0.000198404,0.000199811,0.000203513,0.000210584,0.000203994,0.000215841,0.000215286,0.00021362,0.000215953,0.000222061,0.00021947,0.000236833,0.00023924,0.00024346,0.000244312,0.000242535,0.000251716,0.000247866,0.000252716,0.000259417,0.000262934,0.000279335,0.000282038,0.000276632,0.000281742,0.000286962,0.000292959,0.000297846,0.000299549,0.000310693,0.000311138,0.000316247,0.000318505,0.000330315,0.000329093,0.000340126,0.000341681,0.00034853,0.000349678,0.00035401,0.000354047,0.000359156,0.000369041,0.000362932,0.000380555,0.000378333,0.000379999,0.000379925,0.000381443,0.000389477,0.000390329,0.000388996,0.000389403,0.000387774,0.000397511,0.000395549,0.000398733,0.000404842,0.000407544,0.000398955,0.000393624,0.000404101,0.000411432,0.000405878,0.000406656,0.00041443,0.000411135,0.000412135,0.000417244,0.00042724,0.000421057,0.000426833,0.000425315,0.000428721,0.000432608,0.000433571,0.000448824,0.000446936,0.000449602,0.000457969,0.000464559,0.000472371,0.000479812,0.000476813,0.000500508,0.000500323,0.000502285,0.000518501,0.000515576,0.000528904,0.000548304,0.000568148,0.000573035,0.000578996,0.000595434,0.000613834,0.000623682,0.000642748,0.000660149,0.0006901,0.000714091,0.000722939,0.000765997,0.000791209,0.000828343,0.000873584,0.000911051,0.000968695,0.001009975,0.001064991,0.001132187,0.001213636,0.001297307,0.001399563,0.001523256,0.001649169,0.001821917,0.002001957,0.002164968,0.002365519,0.002595392,0.002853513,0.003106081,0.003382158,0.003668046,0.003949454,0.004257371,0.004531005,0.004777279,0.005021998,0.005226325,0.005390668,0.005583556,0.005713024,0.005818686,0.005830866,0.005873442,0.00587733,0.005874072,0.005877404,0.005827608,0.005784884,0.005725759,0.005678111,0.005565081,0.005518322,0.005436983,0.005354275,0.005261497,0.005186859,0.005067572,0.005019332,0.004927775,0.004861875,0.00479653,0.004738812,0.004672616,0.004618785,0.004553366,0.00450109,0.004442002,0.004380138,0.004307277,0.004247116,0.004219571,0.004170886,0.004087512,0.004052081,0.004020612,0.003974334,0.003933313,0.003907249,0.003890589,0.003908804,0.003871226,0.003888071,0.003899511,0.003902251,0.003867375,0.003852381,0.003841423,0.003852937,0.003842941,0.003833241,0.003842681,0.003815951,0.00381199,0.003815507,0.003786111,0.003787037,0.003777263,0.003768636,0.003754086,0.003748274,0.00376897,0.003739426,0.003752013,0.003731281,0.003718915,0.003726764,0.003751828,0.003727689,0.003713399,0.003717434,0.00373328,0.003722988,0.003741203,0.003712251,0.003704328,0.003720914,0.003711659,0.003708253,0.003701218,0.003696998,0.003711103,0.003707623,0.003687483,0.003718767,0.003715361,0.003715509,0.003774856,0.003720322,0.003729318,0.003726283,0.003698627,0.003699404,0.003737204,0.003710104,0.003703143,0.00369026,0.003705513,0.003728985,0.003710326,0.003717693,0.003748681,0.003724061,0.003725505,0.003736908,0.003750977,0.003764157,0.003801179,0.003803067,0.003785889,0.003824059,0.003812101,0.003826391,0.00382454,0.003851456,0.00385116,0.003874299,0.003843163,0.003864451,0.003885739,0.003870522,0.003886553,0.003901399,0.003902362,0.003910285,0.003937644,0.003955304,0.003978924,0.003971002,0.004005914,0.004006654,0.004059189,0.004128829,0.004143564,0.004175477,0.004247782,0.004319828,0.004353556,0.004427712,0.004475582,0.004525562,0.004618267,0.004636445,0.0047223,0.004779981,0.004796715,0.004899971,0.004940141,0.005062315,0.005168718,0.005234285,0.005322325,0.005410105,0.005544645,0.005600734,0.005696697,0.005773111,0.005824498,0.005919535,0.005946562,0.005982511,0.006047152,0.006076992,0.006099909,0.006106055,0.006039785,0.006018756,0.005928162,0.005826609,0.005705841,0.005562675,0.005364271,0.005158796,0.004914077,0.004674171,0.004407979,0.004092584,0.003830686,0.003515661,0.00326276,0.00300301,0.002715382,0.00247803,0.002272185,0.002066414,0.001886484,0.001706777,0.001563573,0.001434105,0.001330776,0.001258026,0.001170505,0.001108973,0.00103478,0.000966437,0.000910866,0.000879804,0.000830453,0.000788951,0.000759481,0.000735786,0.000704354,0.000687139,0.000662889,0.000651042,0.000631086,0.000608762,0.000592768,0.000580477,0.000575775,0.00056178,0.000546194,0.000532199,0.000526757,0.00050284,0.000498286,0.000496324,0.000498138,0.000482219,0.000480849,0.000471445,0.000463633,0.000461375,0.000455081,0.000443863,0.000442086,0.000439347,0.000430202,0.000439236,0.000439569,0.000434163,0.00042476,0.000423871,0.0004168,0.000419762,0.000420095,0.000413061,0.00040536,0.000404953,0.000401398,0.000408026,0.000405804,0.000405582,0.000397622,0.000406545,0.000403509,0.000394957,0.000397437,0.000392402,0.000386923,0.000385368,0.000390107,0.00038148,0.000382295,0.000378926,0.000381925,0.000379666,0.000371003,0.000368448,0.000372484,0.000361451,0.0003586,0.00035686,0.000347494,0.00034194,0.000357008,0.000334906,0.000333314,0.000326613,0.00032143,0.000318209,0.00031073,0.000303622,0.000299698,0.000301771,0.000294737,0.000288776,0.00028126,0.000270487,0.000276447,0.00027082,0.000263378,0.000255937,0.00025379,0.000253123,0.000245941,0.000243497,0.00024272,0.000246607,0.000237203,0.000236241,0.000225615,0.000218581,0.000218211,0.000215656,0.000211843,0.000203994,0.000212509,0.000207215,0.000198071,0.000206549,0.000203254,0.000209955,0.000196479,0.000196627,0.000194591,0.000190259,0.000192702,0.000178745,0.000180818,0.000182817,0.000185298,0.000179485,0.000180892,0.00017482,0.000178893,0.000182299,0.000179596,0.000174339,0.000169637,0.00016849,0.000174709,0.000166972,0.000160123,0.000163566,0.000163418,0.000168749,0.000151941,0.00016438,0.000158938,0.0001599,0.000152052,0.000178004,0.000159937,0.000151792,0.000167231,0.000164269,0.000170267,0.000176524,0.00015605,0.000153088,0.000155124,0.000156272,0.000157605,0.000147868,0.000152163,0.000144351,0.000135466,0.000136539,0.000148127,0.000132393,0.000129172,0.000144314,0.000134429,0.000131763,0.000128875,0.000121767,0.000116103,0.000115844,0.000116547,0.000118694,0.00011129,0.00011651,0.000113141,0.000113955,0.000105292,0.000101738,9.92E-05,9.76E-05,0.000100553,9.01E-05,9.15E-05,8.79E-05,8.76E-05,8.49E-05,8.67E-05,8.49E-05,8.19E-05,8.32E-05,8.26E-05,7.65E-05,7.22E-05,7.21E-05,7.39E-05,6.88E-05
B?NH,HNGK004,HNGK004,7.26E-05,7.09E-05,7.71E-05,7.25E-05,7.45E-05,8.09E-05,8.55E-05,8.48E-05,8.23E-05,8.90E-05,9.02E-05,9.52E-05,9.31E-05,9.96E-05,9.26E-05,9.71E-05,9.76E-05,0.000107056,0.00011142,0.000107953,0.000113122,0.000114143,0.000112565,0.000111574,0.000117702,0.000114917,0.000118136,0.000120147,0.000130113,0.000129185,0.000123273,0.000133518,0.000131258,0.000132589,0.000133611,0.000138315,0.000130237,0.00013618,0.000141503,0.000143391,0.000151778,0.000148745,0.000151283,0.00014172,0.000149519,0.000145124,0.000147167,0.000151035,0.00015345,0.000157721,0.000154997,0.000154904,0.000152521,0.000155616,0.000146857,0.000153171,0.000162208,0.000161589,0.000160073,0.000168027,0.000173288,0.00016812,0.000160259,0.000157597,0.000161713,0.000162796,0.000165551,0.00017007,0.000169389,0.000174279,0.000168553,0.000168894,0.000167965,0.000178364,0.000176229,0.000175022,0.000178952,0.000179076,0.0001805,0.000190187,0.000193034,0.000196748,0.000190218,0.000197986,0.000195387,0.000209314,0.000208417,0.000206714,0.000217268,0.00021733,0.000216247,0.000220951,0.00022222,0.000229958,0.000232588,0.000237571,0.000243235,0.000253325,0.000241223,0.00025153,0.000252365,0.000259453,0.000264343,0.000268893,0.00027304,0.000281613,0.000281644,0.000276754,0.000287308,0.000291888,0.000301081,0.000300802,0.000313832,0.000312408,0.000317917,0.00032875,0.000327574,0.000336394,0.000339737,0.000351003,0.000349208,0.000346422,0.000352395,0.000354531,0.00036134,0.00037013,0.000367313,0.000382943,0.000369758,0.000374184,0.000382045,0.000381581,0.000380715,0.000397954,0.000390897,0.000392723,0.000392476,0.00039458,0.000403029,0.000393528,0.000402844,0.000403339,0.000401172,0.000400925,0.000407362,0.00040795,0.000416926,0.000413367,0.00041281,0.000414821,0.000415409,0.000415193,0.000426211,0.000422126,0.000435186,0.00043172,0.000436146,0.000432463,0.000433298,0.00044376,0.000449176,0.000456511,0.000461339,0.000460751,0.000470315,0.00047474,0.000489813,0.000490153,0.000499872,0.000496931,0.000514882,0.000522991,0.000529491,0.000545616,0.000564712,0.000566259,0.00058356,0.00059204,0.000613767,0.000622155,0.000648555,0.000663194,0.00068879,0.000713735,0.000729706,0.000761801,0.000798074,0.000831531,0.00087746,0.000894328,0.000952916,0.001019427,0.001071021,0.001138646,0.001208624,0.001284018,0.001396645,0.001511964,0.001649691,0.001811342,0.00197615,0.002153338,0.002346033,0.002582521,0.002818854,0.003095732,0.003388022,0.003647011,0.003921103,0.004225867,0.004488569,0.004741275,0.005014563,0.005156809,0.00538299,0.005528145,0.005664665,0.005745723,0.005791962,0.005851943,0.005810006,0.005810749,0.005816629,0.005786979,0.005746466,0.005674353,0.005614588,0.005534923,0.005493543,0.005388871,0.005332604,0.005215706,0.005136846,0.005093826,0.004998376,0.004912954,0.004839325,0.004771885,0.004674578,0.004663251,0.004573713,0.004518158,0.004470804,0.004407109,0.004381947,0.004289686,0.004238587,0.004204016,0.004134596,0.004067899,0.004048555,0.004007794,0.003957346,0.003938126,0.003927015,0.003906371,0.003903802,0.003881302,0.003894022,0.003904731,0.003922775,0.003912283,0.003883468,0.003881487,0.003868427,0.003863227,0.003857037,0.003856356,0.003851837,0.003840819,0.003838003,0.003838808,0.003844626,0.003829337,0.003816121,0.003800306,0.003793156,0.003788638,0.003786131,0.003807889,0.003775422,0.003772049,0.003767035,0.003786131,0.003747722,0.003764033,0.003773689,0.003752829,0.003753417,0.003779693,0.003774741,0.003758771,0.00374862,0.003767592,0.003760659,0.003780281,0.003760969,0.003777186,0.003766416,0.003753974,0.003770192,0.003765766,0.003768985,0.003808043,0.003748279,0.003751653,0.003760721,0.003760938,0.003749146,0.003785264,0.003743358,0.003753293,0.003742244,0.003775794,0.003754283,0.003761835,0.003749239,0.003786936,0.003766261,0.003759266,0.003797489,0.003793156,0.00380238,0.003823518,0.003841903,0.003818907,0.003842119,0.0038428,0.003828316,0.003874152,0.003863227,0.00385388,0.003862051,0.003867993,0.003875112,0.003884273,0.003886997,0.003919215,0.003920144,0.003905659,0.003901419,0.003937507,0.003947782,0.003974554,0.003980929,0.004006618,0.004022,0.004065763,0.004100272,0.004135369,0.004201602,0.004229333,0.004300827,0.004367865,0.004444187,0.004491231,0.004512308,0.004547003,0.004595439,0.004681573,0.004751458,0.004792312,0.00486721,0.004929946,0.004999336,0.005117286,0.005203017,0.00529729,0.005383455,0.005513846,0.005538699,0.005652719,0.005713349,0.005792953,0.005842008,0.005889888,0.005956554,0.005984501,0.006011954,0.006053705,0.006069118,0.006001957,0.005939903,0.005865344,0.005778932,0.005663056,0.00548757,0.005306049,0.005125828,0.004905619,0.004633167,0.004365172,0.004065825,0.003802318,0.003489569,0.003243889,0.002983569,0.002713593,0.002468408,0.002278221,0.002049502,0.001866773,0.001703358,0.001566652,0.001440532,0.001331712,0.001239326,0.001168853,0.001111472,0.001032519,0.00096152,0.000909029,0.000883248,0.000843911,0.000779968,0.00076406,0.000732801,0.000699839,0.000684673,0.000656726,0.000650598,0.000626828,0.000615934,0.000595197,0.000578484,0.000566569,0.000551218,0.000544316,0.000520608,0.000520237,0.000503183,0.000502843,0.000501698,0.000492691,0.000478826,0.000482509,0.000469696,0.000469355,0.000457347,0.000465548,0.000446328,0.000441717,0.0004402,0.000442893,0.000429956,0.000423549,0.00043073,0.000431627,0.000418783,0.000415317,0.000415255,0.000416709,0.000411572,0.000405505,0.000406743,0.000409838,0.000407053,0.000410736,0.000407486,0.000402008,0.000402039,0.000407239,0.000397892,0.000396592,0.000394518,0.000394921,0.000389969,0.000384676,0.000388174,0.00038415,0.0003783,0.000380343,0.000385109,0.000369356,0.000378053,0.000377434,0.000368489,0.000357131,0.000361061,0.000350229,0.000349919,0.000356078,0.000331164,0.000337849,0.000325655,0.000326119,0.000324881,0.000317422,0.000307735,0.000296469,0.000300771,0.000299069,0.000294952,0.000283594,0.00028511,0.000276785,0.000270688,0.000269326,0.000261248,0.000258029,0.000248187,0.000248744,0.000244411,0.000244257,0.000245123,0.000241935,0.000240573,0.000227822,0.000221694,0.000226244,0.00021538,0.00021374,0.000203619,0.000210428,0.000202536,0.000198853,0.000211357,0.00020235,0.000202691,0.00019746,0.000192849,0.000199379,0.000193777,0.000184214,0.000187278,0.000181552,0.000178179,0.000181614,0.000179324,0.000180097,0.000184709,0.000179509,0.000184121,0.000185297,0.000170812,0.000169543,0.000168522,0.000172608,0.000169017,0.000165613,0.000165241,0.000159268,0.000162239,0.000157535,0.000161249,0.00015998,0.000160908,0.00015608,0.000182171,0.000162146,0.00015704,0.00016388,0.000162363,0.000171246,0.000175981,0.00015964,0.000152552,0.000150974,0.000156049,0.000158185,0.000146145,0.000152552,0.00013587,0.000135684,0.000133951,0.00014825,0.00013197,0.000134075,0.000150943,0.000136891,0.000131661,0.000124047,0.000125935,0.000116588,0.000119931,0.000112936,0.000114731,0.000113215,0.000118445,0.000111172,0.000107334,0.000106406,0.000101175,0.000100649,9.52E-05,0.000102135,9.41E-05,8.95E-05,8.91E-05,8.94E-05,8.79E-05,9.23E-05,8.56E-05,8.37E-05,8.57E-05,8.28E-05,8.01E-05,7.14E-05,7.34E-05,7.58E-05,6.89E-05
B?NH,HNGK005,HNGK005,7.07E-05,7.09E-05,7.61E-05,7.72E-05,7.64E-05,7.93E-05,8.30E-05,8.28E-05,8.53E-05,9.01E-05,9.12E-05,9.20E-05,9.22E-05,9.93E-05,9.62E-05,9.53E-05,0.000101339,0.000105225,0.000109279,0.000107956,0.000116657,0.000110744,0.000112602,0.000112996,0.000117304,0.000113982,0.000118797,0.000124344,0.0001273,0.000128652,0.000124484,0.000131383,0.000130764,0.000132256,0.000134086,0.000136029,0.000135381,0.000138479,0.000141858,0.000145687,0.000150784,0.00014808,0.000146419,0.000145884,0.000151938,0.000150558,0.000148644,0.000149235,0.000146982,0.00015543,0.000158527,0.000154782,0.000149995,0.000155824,0.000147348,0.000151656,0.000161146,0.000157541,0.000159541,0.000170578,0.000169903,0.000167537,0.000165735,0.00015985,0.000160526,0.000166045,0.000168241,0.000170522,0.000178462,0.00016872,0.00017559,0.000178631,0.000173619,0.000174774,0.000182545,0.00017407,0.000176829,0.000184235,0.000183249,0.000190655,0.000193583,0.000192541,0.000191077,0.000199496,0.000201805,0.000207211,0.000211041,0.000208535,0.00021442,0.000220248,0.000215884,0.000220445,0.00022419,0.000231652,0.000239311,0.000242324,0.000244464,0.00023979,0.000247279,0.000254375,0.000253671,0.000256712,0.000270003,0.000271495,0.000281434,0.000287291,0.000283293,0.00028808,0.000288389,0.000304693,0.000301342,0.000306382,0.000321474,0.000315759,0.000323474,0.00032781,0.00032933,0.000338482,0.000349576,0.000351434,0.000355038,0.000355179,0.000355545,0.000360951,0.000367315,0.0003703,0.000378747,0.00038145,0.000379761,0.000382604,0.000386715,0.000385758,0.000393389,0.000401386,0.000394825,0.000402258,0.000398345,0.000404145,0.000402061,0.000400118,0.000416027,0.000410706,0.000410593,0.000413831,0.00041034,0.000422278,0.00041966,0.000422532,0.000425657,0.000425488,0.000424334,0.000418674,0.000434443,0.000433035,0.000438751,0.000437484,0.000446522,0.000447508,0.000447451,0.000453449,0.000456602,0.000459925,0.000469949,0.000476116,0.000479579,0.000488899,0.000488364,0.000498219,0.000511876,0.000509651,0.00052083,0.000539414,0.000545693,0.000550649,0.000573738,0.000565741,0.00059418,0.000602965,0.000617692,0.000635318,0.000653564,0.000670712,0.000692647,0.000712695,0.000736742,0.000765322,0.000799477,0.00082648,0.000871644,0.000911656,0.000956145,0.001008856,0.00106596,0.001137057,0.00121159,0.001286151,0.001392136,0.001500712,0.00164592,0.00179431,0.001961538,0.002118037,0.002324488,0.002556253,0.002800689,0.003059118,0.003336864,0.003620129,0.003882163,0.004178915,0.004443286,0.004693635,0.004945588,0.005135032,0.005342891,0.005498349,0.005624917,0.005713022,0.005760157,0.005787076,0.005786654,0.005807293,0.005784823,0.005739631,0.005752836,0.005647696,0.005609543,0.005534221,0.005468417,0.005394391,0.005304991,0.00521362,0.005154038,0.005072522,0.004988303,0.004921035,0.004845066,0.004787287,0.004698675,0.004664661,0.004612372,0.004568784,0.004475217,0.004442329,0.004372076,0.004300978,0.004272567,0.004216055,0.004172467,0.004106804,0.004076196,0.004021289,0.003997468,0.003958132,0.003920626,0.003939942,0.003920513,0.003902042,0.003914431,0.003917444,0.003903647,0.003888329,0.003873575,0.003882473,0.003878333,0.003862988,0.003865775,0.003882642,0.003875461,0.003858961,0.00383376,0.003837758,0.003838575,0.003826045,0.003802646,0.00380763,0.00378333,0.003782654,0.003788877,0.003814726,0.00376086,0.003775868,0.003774967,0.003798197,0.003759875,0.003770462,0.003764718,0.00374619,0.00374802,0.003788567,0.003749372,0.003786258,0.003771194,0.003772968,0.003753708,0.003764155,0.003749288,0.003756806,0.003743008,0.003777924,0.00375002,0.003762437,0.003762324,0.003782035,0.003762634,0.003752892,0.003752976,0.003760044,0.003736222,0.003763197,0.003760776,0.003777135,0.003745233,0.003749823,0.003735547,0.003786653,0.003758805,0.003792059,0.003774545,0.003784344,0.003804589,0.003810389,0.003820695,0.003829705,0.003836182,0.003808475,0.003825566,0.003838941,0.003869886,0.003866733,0.003864029,0.003888217,0.003874757,0.003885429,0.003903872,0.003898973,0.003911109,0.00393417,0.003915783,0.003925835,0.00395526,0.003931805,0.003964552,0.003997383,0.003985248,0.004029962,0.004039282,0.004069044,0.004144169,0.004166638,0.00419474,0.004246972,0.004327587,0.004358729,0.004424083,0.004483242,0.004524267,0.004576809,0.004629407,0.004688397,0.004739447,0.004788328,0.004848811,0.004943082,0.005023219,0.005105326,0.005195092,0.00528973,0.005358631,0.00548962,0.005541345,0.005628493,0.00567025,0.005781811,0.005822076,0.005853162,0.005912405,0.005950277,0.005980856,0.005991331,0.005988093,0.005928145,0.005897256,0.005831509,0.005720005,0.005628915,0.005447524,0.005278241,0.005043267,0.004836675,0.00457664,0.004346734,0.004029286,0.003721609,0.003468501,0.003193092,0.00292934,0.002685271,0.002439878,0.002247675,0.002044659,0.00184567,0.001677738,0.001555675,0.001436738,0.001342523,0.001239973,0.001164455,0.001111096,0.001037295,0.000968901,0.000920272,0.000886089,0.000837123,0.000796774,0.000760647,0.000732828,0.000710274,0.00067823,0.000670825,0.000648046,0.000640865,0.000627153,0.000595757,0.000582636,0.000578384,0.000571964,0.000556449,0.000540822,0.000530769,0.000521252,0.000519028,0.000517029,0.000496502,0.000491264,0.000491011,0.000481156,0.000478059,0.000466598,0.000469499,0.000450014,0.000452379,0.000447592,0.000446156,0.00043999,0.000438751,0.000435034,0.000434809,0.000429374,0.00042974,0.000432359,0.000426305,0.000422335,0.000417069,0.000422644,0.000416225,0.000420167,0.000411635,0.000410987,0.000406989,0.00040651,0.000405187,0.000399781,0.000401611,0.000408031,0.000398091,0.000389193,0.000389897,0.000387842,0.000389982,0.000385955,0.000381366,0.000385308,0.000383421,0.000376185,0.000377959,0.000363908,0.000363119,0.000362725,0.000360332,0.000352138,0.000360782,0.00034462,0.000344958,0.000332794,0.000326346,0.000325895,0.000318856,0.000307705,0.000302722,0.00030489,0.000302018,0.000290051,0.000291064,0.00028425,0.00028242,0.000277323,0.000275127,0.000257585,0.000254319,0.000258205,0.0002488,0.000248293,0.000243337,0.000249701,0.000239536,0.000243168,0.000229428,0.000226077,0.0002245,0.000216954,0.000217348,0.000211407,0.00021442,0.000204001,0.000202931,0.000209041,0.000203213,0.000200172,0.000200453,0.000193499,0.000198482,0.00019226,0.000194174,0.00019133,0.000188261,0.000179983,0.000179082,0.000182939,0.000178181,0.000179082,0.000179504,0.000185558,0.000182799,0.000174549,0.000172718,0.000172746,0.000173141,0.000170212,0.000159372,0.000165735,0.000158076,0.000168804,0.000157175,0.000161906,0.000166918,0.000162441,0.000157091,0.00018491,0.000164158,0.000155824,0.000163145,0.000159597,0.000178237,0.00017973,0.000155401,0.000153149,0.000151093,0.000156612,0.000153177,0.000150502,0.000150699,0.000144082,0.000141182,0.000139915,0.000144645,0.000134199,0.000133382,0.00014946,0.000135691,0.000130313,0.000129778,0.000125245,0.000120711,0.000121838,0.000116628,0.000116516,0.000113785,0.000118853,0.000112292,0.000110011,0.000106858,0.000104633,0.000103,9.52E-05,0.000102324,9.48E-05,9.12E-05,9.13E-05,8.89E-05,9.19E-05,9.28E-05,8.54E-05,8.03E-05,8.65E-05,8.06E-05,8.17E-05,7.51E-05,7.48E-05,7.53E-05,6.72E-05
,HNGK006,#N/A,7.25E-05,7.22E-05,7.96E-05,7.36E-05,7.94E-05,8.37E-05,8.57E-05,8.36E-05,8.17E-05,8.98E-05,9.10E-05,9.15E-05,9.78E-05,0.000101443,9.53E-05,9.76E-05,9.91E-05,0.000108636,0.0001186,0.000109788,0.000113026,0.000112902,0.000115424,0.000117977,0.000118039,0.000114832,0.000114458,0.000119004,0.000127941,0.000128657,0.000124329,0.000130089,0.000129529,0.000132113,0.000131615,0.000140364,0.000129217,0.000135258,0.000138465,0.000141828,0.000148553,0.000144443,0.000148896,0.000146529,0.000149363,0.000143945,0.000143571,0.000147401,0.000146218,0.000153691,0.00015587,0.00014983,0.000152072,0.000150702,0.000148242,0.000150235,0.000156555,0.000156431,0.000156026,0.000170349,0.000166083,0.000164028,0.000161599,0.000159825,0.000156555,0.000159638,0.000166675,0.000164371,0.000171376,0.000170691,0.000171594,0.000172871,0.000171999,0.000173556,0.00017505,0.000176078,0.000175549,0.000177666,0.000181496,0.000185294,0.000187661,0.00019093,0.000190494,0.000194822,0.000196441,0.000203354,0.000205129,0.000206966,0.0002079,0.000220572,0.000215435,0.000217085,0.000225025,0.00022269,0.000238538,0.000234272,0.0002457,0.000245419,0.000248969,0.000252986,0.000245824,0.000258279,0.000264164,0.000269426,0.000277459,0.000281818,0.000282098,0.000282565,0.000290381,0.00029913,0.000299628,0.000303707,0.000315508,0.000306323,0.000323728,0.000314418,0.000333567,0.000337833,0.000346894,0.000347703,0.000357698,0.000349634,0.000356328,0.000359753,0.000363241,0.000369499,0.000372893,0.000381891,0.000372457,0.000377906,0.000388057,0.000385192,0.000387994,0.000404497,0.000392976,0.000393225,0.000397802,0.000405337,0.000407797,0.000399826,0.000405026,0.000410101,0.000408669,0.00040761,0.00040705,0.000414772,0.000411534,0.000420034,0.000416329,0.000422151,0.000411129,0.000418975,0.000428347,0.000426635,0.000431087,0.00043445,0.000433703,0.00044267,0.000443075,0.000450953,0.000448244,0.000467611,0.000465556,0.000471908,0.000475021,0.00048785,0.000487756,0.00050429,0.000510268,0.000508867,0.000514565,0.000528265,0.000537886,0.000551306,0.000570082,0.000571763,0.000593746,0.000595209,0.000622516,0.000635936,0.000649792,0.000669906,0.000696061,0.000719693,0.000736227,0.000770041,0.00080342,0.000830447,0.000884095,0.00092613,0.000980432,0.001020692,0.001075648,0.001144554,0.001216137,0.001305157,0.001407939,0.001536253,0.001667743,0.00182517,0.001987019,0.002163813,0.00235602,0.002614828,0.002847731,0.003118589,0.003373598,0.003671171,0.003958625,0.004243713,0.004514695,0.004774687,0.005015249,0.005219443,0.00537986,0.005546223,0.005659249,0.005723204,0.005759167,0.005811258,0.005820537,0.005802727,0.005802633,0.005738461,0.005709846,0.005636114,0.005581438,0.005502663,0.005446056,0.005346699,0.005282121,0.005207393,0.005097855,0.005060895,0.004966987,0.004923614,0.004835123,0.004745823,0.00469012,0.004638152,0.004559626,0.004526278,0.00443866,0.004409267,0.004354715,0.004277278,0.004240412,0.004160267,0.004148528,0.004076166,0.004071901,0.004015356,0.003962299,0.003958221,0.003915812,0.003886793,0.003913602,0.003872999,0.003892273,0.003923783,0.003905849,0.003877794,0.00387465,0.003879382,0.003891121,0.003868983,0.003865838,0.003863783,0.003842828,0.003859237,0.003852294,0.003829003,0.003822994,0.003810228,0.003817296,0.003805775,0.003785101,0.003792791,0.003775043,0.003809231,0.003765827,0.00376866,0.003766543,0.003790581,0.003748359,0.003756143,0.003776227,0.003754306,0.003759724,0.003764986,0.003758634,0.003766574,0.003745775,0.003756175,0.003748422,0.003782205,0.00372893,0.003762433,0.003767508,0.003793383,0.003763305,0.003767757,0.003750165,0.003799486,0.00376455,0.003778064,0.003770186,0.003761935,0.003746429,0.003778126,0.003758043,0.003729584,0.003756206,0.003748017,0.003779714,0.003773922,0.003763554,0.003778282,0.00377084,0.003785941,0.003781208,0.003805028,0.003806585,0.003818572,0.003832677,0.003826824,0.003823181,0.003840742,0.003862475,0.003860296,0.003879414,0.003876549,0.003868547,0.003879258,0.003887353,0.003885392,0.003898189,0.0039174,0.003914442,0.00392889,0.00392973,0.003932377,0.003967375,0.003966316,0.003978428,0.004008973,0.004006669,0.004060785,0.004108299,0.004153354,0.004179291,0.004231102,0.004250127,0.004329993,0.00436552,0.004454633,0.004497446,0.004559283,0.004574758,0.004669133,0.00471151,0.004768864,0.004835995,0.004922929,0.005008959,0.005086427,0.005181457,0.005265463,0.005371017,0.005464333,0.005504437,0.005615191,0.005694309,0.005764366,0.005818638,0.005854134,0.005935805,0.005952899,0.00596196,0.006046776,0.006014363,0.005974851,0.005937051,0.005877766,0.005779156,0.00565324,0.00549902,0.00532154,0.005143781,0.004895155,0.00462878,0.004402292,0.004096218,0.003821593,0.00355662,0.003258081,0.002997903,0.002720288,0.002483494,0.002285464,0.002072676,0.001872965,0.00170875,0.001579066,0.001431696,0.001351613,0.001269848,0.001188394,0.001128394,0.001042986,0.000975077,0.000908164,0.000883597,0.000848662,0.000804665,0.000760763,0.000749616,0.000704156,0.000691515,0.000675853,0.00065742,0.00063086,0.000617783,0.00061277,0.00058235,0.000571171,0.000562765,0.000547694,0.000537139,0.000531846,0.000516277,0.000517087,0.000510486,0.000490621,0.00049087,0.000487289,0.000473433,0.00047664,0.000463719,0.000461477,0.000447964,0.000455312,0.000434824,0.000441985,0.000439339,0.000441051,0.000435851,0.000430185,0.000423428,0.000424175,0.0004191,0.000422463,0.000413308,0.00041938,0.00041636,0.000416391,0.000421466,0.00041692,0.000406209,0.000403812,0.000408202,0.000405867,0.000400138,0.000399453,0.000398861,0.000389831,0.000393941,0.000384351,0.000391388,0.000383822,0.000382203,0.000384102,0.000385379,0.000383697,0.000376723,0.00036981,0.00037006,0.000360937,0.000362836,0.000358259,0.000351097,0.000356484,0.000343064,0.000341507,0.000329582,0.000324382,0.00032295,0.000317501,0.000302835,0.000305015,0.000305108,0.000295549,0.000291471,0.000286769,0.000282815,0.000282659,0.000270298,0.00026927,0.000252674,0.000257469,0.000252207,0.000247288,0.000242648,0.000240313,0.000243427,0.000239659,0.000234553,0.000220697,0.000226177,0.000223842,0.00021503,0.000211667,0.000207028,0.000204537,0.00020407,0.000200178,0.000208834,0.000197811,0.000199026,0.000194822,0.000191148,0.000191055,0.000186664,0.000183987,0.000185979,0.000183364,0.000182928,0.000175082,0.000175798,0.000179908,0.000178382,0.00017804,0.000178164,0.000179628,0.000167827,0.000166394,0.000163997,0.00017421,0.000162253,0.000160043,0.00015998,0.000154936,0.000161226,0.000155933,0.00016546,0.000163935,0.000160478,0.000155434,0.000177168,0.000159544,0.000152196,0.000166519,0.000160696,0.00016957,0.000174272,0.000152632,0.000146529,0.000152165,0.000154687,0.000149581,0.000149363,0.000148429,0.000138029,0.000137406,0.000137126,0.000143727,0.000131241,0.000134479,0.000147993,0.000132642,0.000130276,0.000129902,0.000123519,0.000120032,0.000124142,0.00011477,0.000118164,0.000119721,0.000116358,0.000111625,0.000110442,0.000109072,0.000101973,0.000102844,9.62E-05,9.69E-05,9.02E-05,8.92E-05,8.97E-05,8.74E-05,8.94E-05,9.36E-05,8.46E-05,7.96E-05,8.74E-05,8.25E-05,7.95E-05,7.26E-05,7.37E-05,7.58E-05,6.78E-05
B?NH,HNGK007,HNGK007,7.29E-05,6.97E-05,7.98E-05,7.24E-05,7.38E-05,7.74E-05,8.18E-05,8.75E-05,7.91E-05,9.37E-05,9.07E-05,9.01E-05,9.28E-05,0.000101773,9.72E-05,0.000101773,9.84E-05,0.000106451,0.000112002,0.00010694,0.000113608,0.000115913,0.000113469,0.000112351,0.000114237,0.00011497,0.000117903,0.00011703,0.000125234,0.000126701,0.000123384,0.000127085,0.000129878,0.000131973,0.000135185,0.000137524,0.000132287,0.000134766,0.000136127,0.000139863,0.000148207,0.000146462,0.000144611,0.000140771,0.000147788,0.00014929,0.000146532,0.000146497,0.000145065,0.000148068,0.000156028,0.00015114,0.000148941,0.0001554,0.000148661,0.000150337,0.000158018,0.000154003,0.000158821,0.00015931,0.00016926,0.00016315,0.000158926,0.000156168,0.000158263,0.000163255,0.0001635,0.000166153,0.000169714,0.000166537,0.000169959,0.000173869,0.000174951,0.000177081,0.000180363,0.000177255,0.000180572,0.000182492,0.000181026,0.000190488,0.000184482,0.00019761,0.000188079,0.000197924,0.000198727,0.000202603,0.000210668,0.000210353,0.000213845,0.000217476,0.000216184,0.000221665,0.000226099,0.000225331,0.000232279,0.000238738,0.000241566,0.000247815,0.000247641,0.000255077,0.000255043,0.000256998,0.000260664,0.00027009,0.000278539,0.000277038,0.000289851,0.000283881,0.000287547,0.000295402,0.000299138,0.000301233,0.000314989,0.000305702,0.000312405,0.000319597,0.000335448,0.000333982,0.000341034,0.000343723,0.000356745,0.000348785,0.000356501,0.000356152,0.000365299,0.000365997,0.000369908,0.000377728,0.00037902,0.000373608,0.000386387,0.000382511,0.000388377,0.000399689,0.000388901,0.000395325,0.000390332,0.00039913,0.000397035,0.000398432,0.000404123,0.000409255,0.000402901,0.000406462,0.000410896,0.000420253,0.000411908,0.000422208,0.000418647,0.00042151,0.000416203,0.00042556,0.000429365,0.000427235,0.00042926,0.000435859,0.000440119,0.000439385,0.000450767,0.000451396,0.000459426,0.000462742,0.000468748,0.000473391,0.000481177,0.000480409,0.000493536,0.000513262,0.000517347,0.000500623,0.000520175,0.000529602,0.000532674,0.00054828,0.000565597,0.000574291,0.000588919,0.000598206,0.000629105,0.000626032,0.000660492,0.000672712,0.000702004,0.000719007,0.000733112,0.000773856,0.000811493,0.000832615,0.000883903,0.000912707,0.000971466,0.001010045,0.001076206,0.001145893,0.001218339,0.001309742,0.001410677,0.001528614,0.00165116,0.001818954,0.001989262,0.002166168,0.002364267,0.002585967,0.002831757,0.003093329,0.003393828,0.003657006,0.003913026,0.004205495,0.004473212,0.004733037,0.005003756,0.005154233,0.005357429,0.005525292,0.005624656,0.005723496,0.005746329,0.005773632,0.005796849,0.005776564,0.005773352,0.005737287,0.005701466,0.005619314,0.005574206,0.005503856,0.005431899,0.005378516,0.005303627,0.005207196,0.005104027,0.005042161,0.004977431,0.00489123,0.004814455,0.004756359,0.00469959,0.004654761,0.004578231,0.00453417,0.004434597,0.004403943,0.004384113,0.004306116,0.004254654,0.004213037,0.004151834,0.00409077,0.004070346,0.004012948,0.004000658,0.003962463,0.003963825,0.003910826,0.003918996,0.003889773,0.003934986,0.003944518,0.003903774,0.00388712,0.003889773,0.003901469,0.003891519,0.003875703,0.003875773,0.003870152,0.003877728,0.003833668,0.003830909,0.003833214,0.003840336,0.003817782,0.003815932,0.003804759,0.003808635,0.003810939,0.003787617,0.003789642,0.003782694,0.003757801,0.003772045,0.003809857,0.003789362,0.003763701,0.003774873,0.003762339,0.003746908,0.003771731,0.003774385,0.003768065,0.003750713,0.003750085,0.003745092,0.003763387,0.003763666,0.003743766,0.003758499,0.003769008,0.003783811,0.003778888,0.003764853,0.003837194,0.003750364,0.00374202,0.003774245,0.003758988,0.003762619,0.003766773,0.003759686,0.003753471,0.003777003,0.003767786,0.003744569,0.003743731,0.003761013,0.003795961,0.00378842,0.003783881,0.003810485,0.003815268,0.003815582,0.00384484,0.003861179,0.003830351,0.003842605,0.00385067,0.003848087,0.00386914,0.003904437,0.003877589,0.003907195,0.003904507,0.003906602,0.003898711,0.003912258,0.003927585,0.003939176,0.003905764,0.003919415,0.003941585,0.003972553,0.004010748,0.003997586,0.004014345,0.004051143,0.004086127,0.004116082,0.004140207,0.004221137,0.004235242,0.004293896,0.004368681,0.004403175,0.004480299,0.004526978,0.004554211,0.004637793,0.004669006,0.004742569,0.004784534,0.004853384,0.004888961,0.005014858,0.00510092,0.005171096,0.005253317,0.005378447,0.005448413,0.005542959,0.005618651,0.005674966,0.005724404,0.00578634,0.005856202,0.005920861,0.005952283,0.005987022,0.006003117,0.006009227,0.00592938,0.005862381,0.005823837,0.005750484,0.005636247,0.00546978,0.005313752,0.005108042,0.004889205,0.004617299,0.004343299,0.004060884,0.003798126,0.003502828,0.003251137,0.002959575,0.002726249,0.002481157,0.002270803,0.002056365,0.001869578,0.001715401,0.00155836,0.001446917,0.001353453,0.001249272,0.001174627,0.001115344,0.001036789,0.000970104,0.000919515,0.000886452,0.00084068,0.000795642,0.000761008,0.000741142,0.00071356,0.00069146,0.000670198,0.000643873,0.00063902,0.000630117,0.000596426,0.000583508,0.000578027,0.000562525,0.000552505,0.000537562,0.000524853,0.000513472,0.000513646,0.000513367,0.000504673,0.000488369,0.000486693,0.000474962,0.000473077,0.000466304,0.000455236,0.000450627,0.000455096,0.000450872,0.000444203,0.000441934,0.000438652,0.000445495,0.00043345,0.000431704,0.000426921,0.000421824,0.000423151,0.000418752,0.000409639,0.000417111,0.00041327,0.000416238,0.000413549,0.000408522,0.000402482,0.00040318,0.000407789,0.000394452,0.000400841,0.00039714,0.000393963,0.000389704,0.000384048,0.000386736,0.000387679,0.0003852,0.000378566,0.000382162,0.000375529,0.000379369,0.000373189,0.0003609,0.000359189,0.000356117,0.000354965,0.000348855,0.000352521,0.000334855,0.000337124,0.000329164,0.000327104,0.000318794,0.000312545,0.000310276,0.000303188,0.000301547,0.000294983,0.00028821,0.000290899,0.000279901,0.000280145,0.000271836,0.000266075,0.00026007,0.000251935,0.000251097,0.00024401,0.000245302,0.000246943,0.000242369,0.000238668,0.000232454,0.000225576,0.000222154,0.000218942,0.000216254,0.000214822,0.000204802,0.000213007,0.000197715,0.000199111,0.000206164,0.000200298,0.000203056,0.000198588,0.000193246,0.000191291,0.00019157,0.000187485,0.000185355,0.000183749,0.000175056,0.00018333,0.000181375,0.000178722,0.000172647,0.000179804,0.000181934,0.000183679,0.000169435,0.000170203,0.000169435,0.000170901,0.000164861,0.000160148,0.000162487,0.000157739,0.0001635,0.000152781,0.000159205,0.000158088,0.00015327,0.000155155,0.00018134,0.000160462,0.000151804,0.00016109,0.000160287,0.000166991,0.000177186,0.000156761,0.000150756,0.000150163,0.000158332,0.000152327,0.0001451,0.000147998,0.000138432,0.000136826,0.000134242,0.000141295,0.000131903,0.00013089,0.000144681,0.000130227,0.000132496,0.000130157,0.000123559,0.000118217,0.00012279,0.000113364,0.000114656,0.000112456,0.00011504,0.000115389,0.000108127,0.000105543,0.000107184,0.000102157,9.77E-05,0.000101144,9.21E-05,8.92E-05,8.96E-05,8.18E-05,8.77E-05,9.09E-05,8.34E-05,8.16E-05,8.52E-05,8.11E-05,7.93E-05,7.31E-05,7.27E-05,7.51E-05,6.83E-05
B?NH,HNGK008,HNGK008,6.92E-05,7.12E-05,7.76E-05,7.38E-05,7.73E-05,7.80E-05,8.21E-05,8.48E-05,8.16E-05,8.75E-05,8.63E-05,8.98E-05,9.22E-05,9.91E-05,9.33E-05,9.49E-05,9.74E-05,0.00010206,0.000111165,0.000105647,0.000109234,0.000109061,0.000114925,0.000111683,0.000113269,0.00010913,0.000113511,0.000111683,0.000121478,0.000126652,0.000124479,0.00012779,0.000127066,0.000130549,0.000129411,0.000135792,0.000127031,0.000133861,0.00013424,0.000137793,0.000143932,0.000141345,0.000142518,0.000141656,0.000145829,0.000143829,0.000144484,0.000146036,0.000145312,0.000153417,0.000154624,0.000151417,0.000147519,0.000154107,0.000148036,0.000150934,0.000156142,0.000154555,0.000158867,0.000162454,0.0001678,0.00016749,0.00016235,0.000158211,0.000158039,0.000163144,0.000168938,0.000171939,0.000172284,0.000174629,0.000171697,0.000171525,0.000177664,0.000172491,0.000171973,0.000173629,0.0001807,0.000175767,0.00018308,0.000185597,0.00018846,0.000195738,0.000197428,0.00019698,0.000196186,0.000202153,0.000197497,0.00020512,0.000213673,0.000219088,0.000211604,0.000218192,0.000227711,0.000222538,0.000235506,0.000233575,0.000240921,0.000250889,0.000250786,0.000252993,0.000247751,0.000255718,0.000261168,0.000268342,0.000275861,0.000273033,0.00027731,0.000280483,0.000284829,0.000296763,0.000297108,0.000298453,0.000313319,0.000315698,0.000315078,0.000318216,0.000321976,0.000333599,0.000342602,0.000341946,0.000350707,0.000348327,0.000360434,0.000360089,0.000361123,0.000367332,0.000369815,0.000386337,0.000369781,0.000378024,0.000387751,0.000388268,0.000392924,0.000396029,0.000389544,0.000396787,0.000396615,0.000404996,0.000402375,0.000401375,0.000407721,0.000399029,0.000410136,0.000400719,0.000407238,0.000408894,0.000406928,0.000421966,0.000418793,0.000427036,0.00042031,0.000419552,0.000430347,0.000430451,0.000436073,0.000438177,0.000438177,0.00044135,0.000445489,0.000454388,0.00045594,0.00045663,0.000462907,0.000465977,0.000484361,0.000482671,0.000507987,0.000508505,0.000516989,0.000506746,0.00051592,0.000532373,0.00053834,0.00054948,0.000573452,0.000577039,0.000584075,0.000597216,0.000619635,0.000627189,0.00065592,0.000663646,0.000697379,0.000702863,0.000743976,0.000767293,0.000796196,0.000827273,0.000872456,0.000896324,0.000951407,0.00101456,0.001064987,0.001129382,0.001212644,0.00128818,0.001376512,0.001504198,0.001628953,0.001781577,0.001950481,0.002134457,0.002316743,0.002559665,0.002773684,0.003069101,0.003306298,0.003597576,0.003857157,0.004157542,0.00442923,0.004652215,0.00490652,0.005078941,0.005258468,0.005427027,0.005546539,0.005638252,0.005676916,0.005693886,0.005711408,0.005725894,0.005707165,0.005642356,0.005660016,0.005583066,0.005526707,0.005480558,0.005409954,0.005353285,0.005268367,0.005199971,0.005100188,0.005025549,0.004960602,0.004893447,0.004855197,0.004790767,0.004719198,0.004672462,0.00460917,0.004548742,0.004501834,0.004439404,0.004388426,0.004334137,0.004283987,0.00423663,0.004210589,0.004142124,0.004094112,0.004062208,0.004019163,0.004003124,0.003985224,0.003975497,0.003941075,0.003947732,0.003961804,0.003965219,0.00394611,0.003955561,0.00395701,0.003945835,0.00394411,0.003936039,0.00392376,0.003915034,0.003924864,0.003900892,0.003879508,0.003891545,0.003892856,0.003860814,0.003883164,0.003846155,0.003846672,0.003827116,0.003843154,0.003838532,0.003818355,0.00382208,0.00382646,0.003842947,0.003817079,0.00379904,0.003812146,0.003790313,0.003825736,0.003813526,0.003807938,0.003803317,0.003799592,0.003795936,0.003788485,0.003814975,0.003789831,0.00379259,0.003809284,0.003817527,0.003800385,0.003813388,0.003810663,0.003844637,0.003781725,0.003793142,0.00379866,0.003801868,0.003798074,0.003824253,0.003803179,0.003798212,0.003805214,0.003815044,0.003820873,0.003821425,0.003799971,0.003829047,0.003833531,0.003818769,0.0038326,0.003827116,0.00385357,0.003885578,0.003894787,0.003851949,0.003884716,0.003897029,0.003916793,0.003902858,0.003947111,0.003891683,0.00393973,0.003930348,0.003938764,0.003950387,0.003962632,0.003973324,0.003961321,0.003992053,0.003988569,0.003970289,0.004017921,0.004029648,0.0040302,0.004020094,0.004069969,0.004118774,0.00415292,0.004196241,0.0042238,0.004258291,0.004326377,0.004380838,0.00444782,0.004479621,0.004536497,0.004610274,0.004655285,0.004694122,0.004742617,0.004803356,0.004867441,0.004923765,0.005008062,0.005069974,0.005145027,0.005263883,0.005332728,0.005398123,0.005482317,0.005573787,0.005640011,0.005700163,0.005734413,0.005767007,0.005861238,0.005852822,0.005874103,0.005906766,0.005938946,0.005871723,0.005807742,0.00575528,0.005642563,0.00554785,0.00540278,0.005212526,0.004992679,0.00478104,0.004531048,0.004281848,0.003997606,0.003719365,0.003440158,0.003185889,0.002928929,0.002674452,0.002449673,0.002245174,0.002013013,0.001846731,0.001696418,0.001550417,0.001409589,0.001313669,0.001240168,0.001167978,0.001106376,0.001027357,0.000976517,0.000900153,0.000868835,0.000819961,0.000784607,0.00076343,0.000731801,0.000702414,0.000682134,0.000669165,0.000651229,0.000633432,0.000614151,0.000602493,0.000577729,0.000570899,0.000553378,0.000551964,0.000533787,0.000524716,0.000513402,0.000510298,0.000508953,0.000491259,0.000488603,0.000482809,0.000476876,0.00047322,0.000469426,0.00045763,0.000454181,0.000461562,0.000448283,0.00045018,0.000438039,0.000438211,0.000435556,0.000432693,0.000435004,0.000432072,0.000417724,0.000415896,0.000421207,0.000408514,0.000415965,0.000416758,0.000413723,0.000416654,0.000411101,0.000405203,0.000411929,0.000395373,0.000399167,0.000400271,0.000404134,0.000396684,0.00039151,0.000384233,0.000385957,0.000385267,0.000378162,0.000384095,0.000378231,0.000376989,0.00037899,0.000374334,0.000373713,0.000363986,0.000355708,0.000356674,0.000347982,0.000351259,0.00033829,0.000332634,0.00032508,0.000325908,0.000321148,0.000314388,0.000312491,0.000307524,0.000296521,0.000290589,0.00029421,0.000282587,0.00028238,0.000273654,0.000268066,0.000263996,0.000255304,0.000249613,0.000251096,0.000249924,0.000248027,0.000245233,0.000243681,0.000233126,0.000235644,0.000220882,0.000227677,0.000222262,0.000214846,0.000215191,0.000205844,0.000212328,0.00020512,0.000199601,0.000206534,0.00019998,0.000207844,0.000197256,0.000187288,0.000197773,0.000187288,0.000184597,0.000183838,0.000183287,0.000181803,0.000179906,0.000177251,0.000178009,0.000177699,0.0001807,0.000184977,0.000178872,0.000170594,0.00016918,0.000164523,0.000172939,0.000165696,0.00016104,0.000160971,0.000161419,0.000161592,0.000157418,0.000156832,0.000158694,0.000156763,0.000154831,0.000173595,0.000158832,0.000150899,0.000157211,0.000162868,0.000167662,0.000174008,0.000150382,0.000153452,0.000145243,0.000149761,0.000148588,0.000144691,0.00015014,0.000138069,0.000138827,0.000136689,0.000145139,0.000128859,0.000131791,0.00013862,0.000126066,0.000127135,0.000125583,0.000119754,0.000118305,0.000117339,0.000113545,0.000114235,0.000110338,0.000114994,0.000109165,0.000106888,0.000104026,0.000103508,9.93E-05,9.54E-05,9.63E-05,8.95E-05,8.72E-05,8.43E-05,8.43E-05,8.82E-05,8.56E-05,8.53E-05,8.16E-05,8.33E-05,8.01E-05,7.88E-05,7.46E-05,6.98E-05,7.25E-05,6.69E-05
B?NH,HNGK009,HNGK009,6.78E-05,7.22E-05,7.81E-05,7.30E-05,7.04E-05,8.01E-05,8.45E-05,8.46E-05,8.04E-05,9.21E-05,8.68E-05,9.20E-05,9.42E-05,9.92E-05,9.46E-05,0.00010037,9.88E-05,0.000106104,0.000111223,0.000108049,0.000111871,0.000113475,0.000115557,0.000117366,0.000115898,0.000116069,0.000117298,0.000121393,0.000128082,0.000131597,0.000123918,0.000130369,0.000134805,0.000133338,0.000136887,0.000136853,0.000134737,0.000140368,0.000141085,0.000144156,0.000159514,0.000151323,0.000149856,0.000148661,0.000152859,0.000150265,0.00015163,0.000149992,0.000146921,0.000158319,0.000153439,0.000154258,0.000153302,0.000154053,0.000153541,0.000154087,0.000163541,0.00016023,0.000159753,0.000169479,0.000170571,0.000169377,0.000166408,0.000161596,0.000164701,0.000172551,0.000172039,0.00016825,0.000173267,0.000169172,0.000172005,0.000172073,0.000170503,0.000179786,0.000177704,0.00017784,0.000181833,0.000185963,0.000181663,0.000190331,0.000188454,0.000198044,0.000192891,0.000198181,0.000200911,0.000208078,0.000207293,0.000208078,0.000213299,0.000222241,0.0002162,0.000220978,0.000224732,0.000230022,0.000235619,0.000243025,0.000249953,0.000245891,0.000248519,0.000253161,0.000251011,0.000258246,0.000266471,0.000270293,0.000276436,0.000282784,0.000283807,0.000283603,0.000290906,0.000294421,0.000292954,0.000305752,0.000313601,0.000309984,0.000320529,0.000321553,0.000323055,0.000332849,0.000345954,0.000347012,0.000352439,0.000352541,0.000347968,0.000356056,0.000365237,0.000364076,0.000369468,0.000385577,0.00037783,0.000386601,0.000388921,0.000381618,0.000388478,0.000393426,0.000389092,0.000392266,0.000396327,0.000398238,0.000404893,0.000397317,0.000403665,0.000401139,0.000401105,0.000405746,0.000399945,0.000413255,0.000406258,0.000415302,0.000412197,0.000420012,0.000411343,0.00041892,0.00041735,0.000420012,0.000435438,0.000424926,0.00042752,0.000426326,0.000433731,0.000442843,0.000440454,0.000452229,0.000454106,0.000464788,0.000477961,0.000477859,0.000485981,0.000486561,0.000505673,0.000509495,0.000507721,0.000524238,0.000524443,0.000538333,0.000560585,0.000573758,0.00057154,0.000590958,0.000614984,0.000618295,0.000639864,0.000656245,0.000690407,0.000698018,0.000730166,0.000758902,0.00078931,0.000813575,0.00086719,0.000912307,0.000962099,0.001014758,0.00105851,0.001119668,0.001208366,0.001291911,0.001388971,0.001523776,0.001633292,0.00179987,0.001985901,0.00213934,0.002333426,0.002587405,0.002821489,0.003070213,0.003372517,0.003641957,0.003931839,0.004243017,0.004525016,0.004790463,0.005047616,0.005266171,0.005415344,0.005588475,0.005732017,0.005812149,0.005846789,0.005905352,0.00591658,0.00589409,0.005867982,0.005859416,0.005808975,0.005722359,0.005704817,0.005617313,0.005540969,0.005476024,0.005376165,0.005293371,0.005172968,0.005102426,0.005004786,0.004924995,0.004880867,0.004801759,0.00469371,0.004653917,0.004594364,0.004549383,0.004482868,0.004412053,0.004365195,0.004299499,0.004240048,0.004186024,0.004134354,0.00408463,0.004040741,0.00399873,0.00395979,0.003911738,0.003903445,0.003899691,0.00389993,0.003864334,0.003865392,0.003899281,0.003889077,0.003860785,0.003830889,0.003840274,0.003851673,0.003846656,0.003805225,0.00382734,0.003827374,0.003827783,0.003793894,0.003791096,0.003797683,0.003783963,0.003745126,0.003772564,0.003754886,0.003749596,0.003744511,0.003764783,0.003750723,0.003757685,0.003732089,0.003731679,0.003702978,0.003722089,0.003743999,0.003741508,0.003728744,0.003729768,0.003731816,0.003726662,0.003704036,0.003730246,0.00370093,0.003756866,0.003717311,0.003690009,0.003728198,0.003738198,0.00371755,0.003740962,0.003714615,0.003739017,0.003698268,0.003718506,0.003731201,0.003732055,0.003730416,0.003733522,0.003761063,0.003722226,0.003712124,0.003721407,0.003717926,0.003732464,0.00372557,0.003741815,0.003740689,0.003737174,0.003773622,0.003787103,0.00379055,0.003787171,0.003793144,0.003771779,0.003784782,0.003813074,0.003808569,0.003834199,0.00383536,0.003846963,0.003847509,0.003828602,0.003842151,0.003850478,0.003876586,0.003898735,0.003898121,0.003905561,0.003905663,0.003901841,0.003909042,0.003936856,0.003975591,0.003975148,0.004003883,0.00402593,0.004109816,0.004120635,0.004177867,0.004220664,0.004292776,0.004350281,0.004430277,0.004480718,0.004514334,0.004571464,0.004640675,0.004688386,0.004769235,0.004824556,0.004886191,0.004951444,0.005052189,0.005150478,0.005246104,0.005328728,0.005425992,0.005517421,0.005579909,0.005707752,0.005782867,0.005841226,0.005915625,0.005972482,0.006025482,0.006049065,0.006127695,0.006099915,0.006114829,0.006060054,0.006003777,0.005941118,0.005845185,0.005717581,0.005558818,0.00537149,0.005169077,0.004901549,0.004659582,0.004353762,0.004080569,0.003812631,0.003514967,0.003233173,0.002972914,0.002704464,0.002446594,0.002264556,0.002043339,0.001862359,0.001699364,0.001553092,0.00142286,0.001315289,0.001247511,0.00116301,0.001103866,0.001022403,0.000959232,0.000901556,0.000872411,0.000823028,0.000786682,0.000749005,0.000733067,0.000698871,0.000678872,0.000649727,0.000638806,0.000629864,0.000609217,0.00059659,0.000577512,0.000561813,0.000555056,0.000536832,0.000516491,0.000525365,0.000509836,0.00050052,0.000490315,0.000486766,0.000480521,0.000477722,0.000469873,0.000463934,0.000461136,0.000457075,0.000442297,0.00044199,0.00043595,0.000430899,0.00043182,0.000427042,0.000427793,0.000423049,0.000420558,0.000423152,0.00042066,0.000412231,0.000411036,0.000406395,0.00041305,0.000407589,0.000416736,0.000413391,0.000402436,0.000396941,0.00039817,0.000404142,0.000400457,0.000401651,0.00040445,0.000394006,0.000385952,0.000395167,0.000376499,0.000381993,0.00038312,0.000386771,0.000387351,0.000379775,0.000378717,0.000371482,0.000366397,0.000354043,0.000357763,0.000354384,0.000352985,0.000360561,0.000340084,0.000343941,0.000328003,0.000319881,0.000325478,0.000316195,0.000309301,0.000308584,0.000291896,0.00029681,0.000289166,0.0002892,0.000280941,0.000277255,0.00026787,0.000268382,0.000255993,0.000251386,0.000255311,0.000255754,0.000243161,0.000240977,0.000245448,0.000232752,0.000236506,0.000223947,0.000222446,0.000224527,0.000220739,0.000213914,0.000212241,0.000208078,0.000209067,0.000202549,0.000209648,0.000202208,0.000202788,0.000196065,0.0001933,0.000198795,0.000197942,0.000192276,0.000180332,0.000188488,0.000179035,0.000178148,0.000178079,0.000183301,0.000183096,0.000178148,0.000185519,0.00018528,0.000172858,0.000179513,0.000175144,0.000173301,0.000170059,0.00016064,0.000171356,0.000162278,0.000166646,0.000159992,0.000166373,0.000164326,0.00016378,0.000158149,0.000177636,0.000169718,0.000161152,0.000164667,0.000163507,0.000172619,0.000187772,0.000159036,0.000156476,0.000155623,0.000161323,0.000159718,0.00014849,0.000156613,0.000143917,0.000137433,0.000143576,0.000151937,0.000133201,0.00013774,0.000147978,0.000136443,0.000133474,0.000121802,0.000124942,0.000122553,0.000121666,0.00011856,0.000118151,0.000112349,0.00011996,0.000115011,0.000108731,0.000109619,0.000102179,0.000100848,9.88E-05,9.88E-05,9.25E-05,8.93E-05,9.17E-05,8.73E-05,8.97E-05,9.08E-05,8.96E-05,8.24E-05,8.87E-05,8.26E-05,7.91E-05,7.20E-05,7.37E-05,7.27E-05,6.85E-05
B?NH,HNGK010,HNGK010,7.32E-05,7.25E-05,7.98E-05,7.68E-05,7.30E-05,7.61E-05,8.55E-05,8.11E-05,8.21E-05,8.82E-05,8.73E-05,9.09E-05,9.14E-05,1.00E-04,9.47E-05,9.49E-05,0.000100192,0.000104951,0.000108414,0.000108044,0.000114415,0.00011497,0.000115578,0.000112591,0.000115182,0.000115314,0.000117059,0.000119253,0.000127924,0.000128267,0.000123509,0.000131968,0.00012906,0.000133158,0.000134057,0.000140349,0.000133237,0.000138102,0.000136225,0.000139265,0.000149813,0.000148967,0.000145504,0.000144922,0.000150579,0.000150632,0.000147566,0.000150844,0.000148332,0.000152959,0.000159303,0.000154888,0.000153593,0.000154439,0.000157743,0.000152298,0.000162158,0.000159568,0.000164405,0.00016652,0.000170539,0.000169983,0.000166996,0.000162872,0.000161445,0.000161445,0.000169455,0.000168371,0.000174636,0.000171279,0.000173394,0.000175614,0.000178073,0.000179421,0.00018492,0.000178681,0.000180293,0.000186215,0.000189361,0.000189572,0.000190154,0.00020057,0.000194675,0.000203346,0.000203716,0.000208316,0.000212942,0.000212043,0.000217039,0.000221613,0.000219709,0.000222617,0.000227534,0.000223358,0.00023602,0.000242339,0.000247229,0.000249291,0.000252252,0.000258676,0.000250217,0.000259416,0.00027356,0.000267929,0.000279534,0.000281014,0.000288258,0.000286592,0.000295105,0.00030137,0.000300762,0.000307635,0.000316095,0.000315011,0.000317893,0.000322545,0.000333596,0.000338962,0.000344937,0.000348955,0.000354031,0.000357652,0.000361512,0.000356357,0.000368597,0.000372192,0.000370209,0.000382634,0.000385384,0.000386388,0.000396566,0.000388239,0.000399738,0.000400928,0.000399897,0.000403677,0.000401906,0.000403069,0.000408145,0.000398945,0.000412296,0.000411265,0.000407616,0.00040944,0.000412904,0.000422288,0.0004179,0.000427126,0.000419724,0.000426518,0.000416525,0.000426809,0.000431329,0.000426518,0.000440979,0.000440371,0.000437436,0.000439366,0.000445922,0.000456814,0.000460938,0.000461863,0.000465881,0.00046982,0.00047791,0.000487162,0.000496415,0.000503077,0.000511563,0.000517669,0.000513598,0.000535831,0.000537999,0.000553649,0.000563642,0.000578895,0.000592959,0.000598061,0.000623704,0.000630445,0.000655744,0.000659551,0.000695134,0.000716812,0.000742217,0.000763471,0.000794322,0.000823798,0.000871806,0.000909266,0.000952858,0.001013503,0.001057386,0.00112382,0.001206538,0.001294834,0.001371922,0.001496409,0.001634695,0.001774251,0.00195576,0.002121884,0.002310954,0.002525667,0.002781144,0.003043019,0.003313195,0.003575281,0.003863592,0.004150713,0.004403177,0.004666664,0.0049315,0.005102276,0.005285742,0.005451152,0.005578758,0.005687199,0.005719688,0.005750724,0.005778535,0.005774649,0.005778905,0.005744538,0.005737929,0.005618782,0.005607521,0.005544339,0.005461991,0.005381731,0.005334067,0.005237258,0.005179337,0.005061459,0.004997061,0.004943422,0.004875218,0.004822663,0.004729,0.004701692,0.004627275,0.004580245,0.004509555,0.004459803,0.004388108,0.004360641,0.004293203,0.004246094,0.004174188,0.004131494,0.004106618,0.00403643,0.004007932,0.00396849,0.003947738,0.003932484,0.003946522,0.003912816,0.003935604,0.003935366,0.003934361,0.003904065,0.003904145,0.003905942,0.003896135,0.003885375,0.003891667,0.003866341,0.003882705,0.003847149,0.003837235,0.00385775,0.003833957,0.003830018,0.003806411,0.003808579,0.003808817,0.003787694,0.00379129,0.00381606,0.003766889,0.003755997,0.003748093,0.003790814,0.003742647,0.003764906,0.003756341,0.003762977,0.003767682,0.003768502,0.00375116,0.003759461,0.003765726,0.003760439,0.003753618,0.003759884,0.003753275,0.003774159,0.003754914,0.003779526,0.003769586,0.003758139,0.003766334,0.003807072,0.003727552,0.003757927,0.003740453,0.003763479,0.003743863,0.003747829,0.003761073,0.003769691,0.003752878,0.003767656,0.003749997,0.003767418,0.003769982,0.003776485,0.003796471,0.003788884,0.003797581,0.003790021,0.003815558,0.003836072,0.003844796,0.003842099,0.003862085,0.003858199,0.003872871,0.003890927,0.003915327,0.003884133,0.003894469,0.003904515,0.003915221,0.003919636,0.003922809,0.003933515,0.003945993,0.003951888,0.003953791,0.003956673,0.003993921,0.00399675,0.004020357,0.004027125,0.004057526,0.004088113,0.004146563,0.00418968,0.004219658,0.004261586,0.004338832,0.004376979,0.004425171,0.00450247,0.004549394,0.004603905,0.004651675,0.004710389,0.004791627,0.004823271,0.004884312,0.004963382,0.005027462,0.005132889,0.005207624,0.005309111,0.005400236,0.005483113,0.005528424,0.005625233,0.005698064,0.005759633,0.005797463,0.005845444,0.005919862,0.005930648,0.005931071,0.005944341,0.005951796,0.005918936,0.005848247,0.005772085,0.005686749,0.005581243,0.005408986,0.005222824,0.005021435,0.004779043,0.004551033,0.004283765,0.003989374,0.003713621,0.003442784,0.003170784,0.002913906,0.002660966,0.002418363,0.002233364,0.002016748,0.001841187,0.001678764,0.001538574,0.001427543,0.001323094,0.001229537,0.001158715,0.001094899,0.001032695,0.000970095,0.000910244,0.000880397,0.000832178,0.000789616,0.000760484,0.000737352,0.000704043,0.000693786,0.000669808,0.000652546,0.000638931,0.000619342,0.000601207,0.000588703,0.000572709,0.000562267,0.000550688,0.000529037,0.000533399,0.000514418,0.00051344,0.000510056,0.000501173,0.000489304,0.000492344,0.000482589,0.000480183,0.000462894,0.000470931,0.000451341,0.000450099,0.000439842,0.000444177,0.00044542,0.000441798,0.000436194,0.000431858,0.000431488,0.000431118,0.000422976,0.000420861,0.000420226,0.000417028,0.000419936,0.000414278,0.000423848,0.000414913,0.000413009,0.000408066,0.000409388,0.000409203,0.000406162,0.000404338,0.000411079,0.000395535,0.000395218,0.000391358,0.000382502,0.000389217,0.00038578,0.000380361,0.000389931,0.000379647,0.000380097,0.000378986,0.000369628,0.000367936,0.00036627,0.000358181,0.000352021,0.000365768,0.000345069,0.000347845,0.000329895,0.000327938,0.000323603,0.000320193,0.00031398,0.000308376,0.000293677,0.00029833,0.000293677,0.000283209,0.000287438,0.000276415,0.000270942,0.000270334,0.000259231,0.000258729,0.000252067,0.000249,0.000243581,0.000244929,0.000247811,0.000242973,0.000240171,0.000233324,0.000220159,0.000226133,0.000220159,0.00021659,0.000213946,0.000211197,0.000207893,0.000203901,0.000208844,0.000203028,0.000205328,0.000199777,0.000196631,0.000194172,0.000191211,0.000193458,0.000185792,0.000185845,0.000187035,0.000180849,0.000183043,0.000183096,0.000180373,0.000175667,0.000185581,0.000182488,0.000176645,0.000175826,0.000175773,0.000175006,0.000169375,0.000163639,0.000164617,0.000161656,0.000170459,0.000158484,0.000163665,0.00016311,0.000165912,0.000158114,0.000184708,0.000162819,0.000158034,0.000168265,0.00016081,0.000172786,0.000181668,0.000160651,0.000153752,0.000153408,0.000154492,0.00015888,0.000150156,0.000150183,0.000138577,0.000138366,0.000136806,0.000149178,0.000133052,0.000133819,0.000149945,0.000137969,0.000130779,0.000127342,0.000126443,0.000122927,0.000122954,0.000116794,0.000116609,0.000115261,0.000117429,0.000113913,0.000110291,0.000108678,0.000104105,0.000103682,9.91E-05,0.000102624,9.08E-05,9.31E-05,8.91E-05,8.39E-05,9.07E-05,8.94E-05,8.64E-05,8.46E-05,8.27E-05,8.23E-05,8.00E-05,7.51E-05,7.43E-05,7.17E-05,6.96E-05
B?NH,HNGK011,HNGK011,7.16E-05,7.06E-05,7.44E-05,7.28E-05,7.44E-05,7.77E-05,8.25E-05,8.49E-05,7.81E-05,9.11E-05,8.92E-05,8.99E-05,9.29E-05,9.80E-05,9.28E-05,9.56E-05,9.76E-05,0.000107641,0.000110618,0.000102741,0.000113369,0.00011239,0.000118948,0.000114576,0.000114802,0.000115066,0.00011891,0.000117666,0.000123922,0.000123998,0.000122076,0.000127164,0.000125392,0.000133006,0.000134815,0.000137604,0.000129689,0.000133646,0.000136435,0.000141297,0.000147215,0.000138508,0.000147629,0.000140091,0.000144576,0.000145556,0.000145217,0.000149853,0.000146008,0.000157918,0.000155695,0.000155883,0.000146498,0.000150908,0.000154903,0.000151021,0.000157504,0.000155657,0.000157089,0.00016572,0.000168321,0.000165042,0.000164062,0.000157315,0.000156448,0.000164552,0.000168321,0.000166097,0.000170054,0.000167303,0.000171486,0.000172014,0.000171562,0.000178421,0.000177856,0.000175067,0.000184678,0.000182944,0.000186072,0.00018415,0.00018121,0.000187844,0.000187391,0.00020307,0.000199414,0.000198623,0.000207291,0.000204502,0.000210306,0.000217241,0.000219653,0.000223234,0.000227342,0.000232468,0.000231337,0.000234088,0.00024532,0.000241023,0.000253875,0.000254667,0.000255722,0.00025674,0.000266953,0.000270383,0.000274114,0.000275094,0.00028218,0.000281087,0.000284102,0.000292808,0.000297896,0.000302984,0.000321905,0.000317909,0.000322319,0.000321716,0.000336151,0.000333249,0.000340674,0.000341993,0.000343011,0.000353413,0.000353262,0.000361026,0.000368338,0.000371391,0.000373011,0.000383715,0.000373727,0.000383376,0.000384318,0.000376064,0.000387258,0.000397509,0.000392384,0.000392007,0.000391856,0.000393062,0.000396605,0.000403389,0.000403464,0.00040467,0.000401542,0.000404783,0.000402107,0.000405726,0.000405839,0.000411643,0.000414922,0.000424495,0.000408929,0.000417748,0.000423402,0.000421291,0.000434483,0.0004231,0.000428264,0.00043256,0.000443302,0.000454496,0.000449031,0.00045883,0.000455589,0.00046486,0.000468968,0.000476921,0.00047873,0.000503416,0.000504999,0.00050417,0.000519736,0.000518379,0.000531306,0.000549623,0.000563455,0.000587991,0.000578493,0.000592627,0.000617577,0.000624625,0.000650782,0.000671812,0.000698044,0.000704263,0.000742027,0.000763322,0.000795885,0.000826715,0.000869455,0.000906428,0.000971706,0.00101486,0.00106657,0.001143042,0.001200066,0.001293008,0.001397219,0.001497585,0.001643141,0.001805394,0.001968551,0.002147877,0.002347442,0.002588427,0.002828923,0.003101002,0.003361322,0.003650437,0.003942831,0.004237298,0.004503497,0.004727636,0.0049892,0.005188312,0.005386634,0.005541122,0.005679781,0.00574913,0.005788515,0.005839433,0.005856883,0.00586819,0.005838303,0.005789533,0.00576967,0.005692709,0.005624906,0.005577945,0.005477653,0.005408004,0.005342499,0.005235349,0.00514953,0.00506978,0.004987391,0.004901271,0.004841797,0.004764534,0.004703175,0.004650523,0.004596741,0.004525583,0.004481223,0.004416397,0.004377728,0.004328958,0.004251846,0.00419437,0.004150688,0.004084091,0.004075497,0.0040138,0.003973284,0.003947354,0.003918408,0.003909551,0.003909815,0.003913019,0.003902315,0.003879814,0.003877139,0.003923157,0.003898923,0.003890857,0.003881812,0.003855392,0.003829235,0.003838582,0.003832665,0.003860329,0.003848834,0.003824336,0.003836924,0.003800252,0.003821547,0.003805265,0.003783179,0.00376652,0.003760415,0.003792149,0.003772513,0.003767199,0.00376588,0.003755628,0.003769272,0.003754121,0.003747789,0.003756608,0.003764824,0.003777903,0.003753857,0.003778732,0.003756269,0.003728718,0.003739158,0.003760641,0.003730376,0.00372657,0.003750427,0.00374711,0.003729019,0.003750427,0.003745942,0.003780616,0.003744133,0.003743869,0.003735314,0.003747977,0.003737914,0.003741344,0.00376441,0.003715188,0.003737801,0.003748769,0.003733655,0.003758266,0.003763317,0.003750992,0.003790755,0.003762525,0.003797426,0.003788493,0.003787438,0.003805001,0.003822677,0.003804511,0.003837301,0.003832326,0.003841409,0.0038546,0.003866699,0.003865719,0.003852037,0.003886184,0.003857879,0.003867867,0.003899262,0.003897717,0.003908119,0.003913471,0.00392082,0.003936612,0.003942567,0.003985081,0.003994842,0.003964314,0.004046665,0.004053713,0.004094794,0.004145863,0.004188452,0.004240426,0.004308757,0.004378821,0.004418282,0.00446479,0.004522267,0.004598022,0.0046235,0.004683992,0.00474697,0.004811306,0.004878242,0.004947478,0.005033334,0.005120924,0.00520972,0.005315552,0.005388217,0.005504149,0.005551675,0.005646049,0.00572938,0.00579496,0.00585922,0.005933619,0.00598318,0.005991472,0.006029651,0.006022528,0.006047855,0.006004173,0.005961735,0.005867851,0.00577962,0.005664065,0.005500757,0.005327122,0.005114102,0.004854159,0.004632433,0.004349838,0.004074216,0.00381073,0.003496665,0.003227789,0.002958687,0.002718456,0.00246345,0.002260191,0.002062398,0.00185635,0.001711661,0.001545865,0.001433438,0.00132983,0.001247705,0.001172666,0.001116961,0.001030878,0.000964884,0.000916981,0.000868174,0.000825434,0.000786463,0.000750809,0.000741198,0.000706072,0.000687906,0.000664199,0.000637741,0.000633972,0.000611509,0.000599411,0.000575516,0.000572652,0.000557048,0.000543065,0.000532814,0.00053206,0.000506808,0.000509823,0.000506356,0.00049079,0.000486682,0.000486607,0.000481481,0.000467951,0.000458868,0.000460601,0.000443566,0.000440927,0.000437422,0.000440814,0.000439081,0.000434068,0.000437008,0.000427133,0.000427849,0.000423515,0.000422271,0.0004205,0.000411869,0.000402673,0.000415336,0.000416015,0.000407648,0.000420613,0.000405914,0.000401316,0.000407384,0.000403012,0.000392157,0.00040011,0.000402974,0.000393062,0.000389595,0.000390914,0.000380398,0.00038364,0.000391215,0.000381077,0.000383451,0.000379042,0.00037286,0.00037286,0.000367584,0.000353978,0.000364493,0.000351491,0.000344556,0.000353714,0.000341428,0.000339845,0.000330762,0.000324731,0.00032899,0.000319568,0.00030713,0.000302118,0.000298273,0.000298726,0.000298613,0.000284894,0.000284931,0.000277092,0.000272758,0.000274114,0.000259265,0.000253461,0.000252368,0.000250596,0.000250446,0.000240646,0.000242568,0.000244491,0.000234955,0.000219729,0.000227832,0.000225307,0.000214603,0.000211286,0.000203635,0.000203635,0.000203334,0.00019949,0.00021204,0.000198359,0.000201374,0.000200017,0.000195381,0.000191386,0.0001892,0.000185281,0.000185431,0.000180494,0.000180343,0.000178421,0.000174539,0.00017861,0.000182266,0.00017224,0.000187127,0.000185281,0.00017616,0.000174162,0.000169866,0.000172466,0.000172956,0.000161536,0.000161913,0.000158257,0.000164552,0.000152642,0.000165833,0.000160745,0.000165984,0.00015087,0.000184112,0.000163609,0.000154149,0.000166662,0.000161725,0.000167114,0.000179891,0.000156486,0.000154413,0.000151888,0.000156863,0.000156825,0.000147968,0.000149137,0.000141486,0.000136586,0.000137415,0.000146725,0.0001344,0.000133156,0.000141938,0.000136096,0.000132629,0.000134664,0.000126636,0.000119664,0.000120606,0.000114274,0.000111636,0.000114123,0.000115593,0.000111033,0.000107075,0.000107038,0.000101347,0.000102213,9.74E-05,9.93E-05,9.23E-05,9.18E-05,8.66E-05,8.89E-05,9.05E-05,8.92E-05,8.69E-05,7.81E-05,8.59E-05,8.29E-05,7.69E-05,7.37E-05,7.31E-05,6.97E-05,6.70E-05
B?NH,HNGK012,HNGK012,7.09E-05,7.12E-05,7.89E-05,7.83E-05,7.44E-05,7.81E-05,8.50E-05,8.55E-05,8.21E-05,8.84E-05,8.70E-05,9.07E-05,9.31E-05,0.000101257,9.62E-05,9.93E-05,9.77E-05,0.000107995,0.000112786,0.000109118,0.000110765,0.000111139,0.000117129,0.000113573,0.000114995,0.000115294,0.000120797,0.000118177,0.000125589,0.000130043,0.00012645,0.000129856,0.000128958,0.000133861,0.00013199,0.000138915,0.000130605,0.00013738,0.000135471,0.000141984,0.00015007,0.000147337,0.000145615,0.000147487,0.00015153,0.000150856,0.000146439,0.000151455,0.000148722,0.000152091,0.000158829,0.000147861,0.000150332,0.00015415,0.000146102,0.000149883,0.000160888,0.000153027,0.000161525,0.000166353,0.000172605,0.000165829,0.000158043,0.000161,0.000159728,0.000162498,0.000160963,0.000170883,0.000177396,0.000166578,0.000173017,0.00017268,0.000172605,0.000178557,0.000178107,0.000174252,0.000182749,0.000184359,0.000188177,0.000184733,0.000185781,0.000194915,0.000188102,0.000202551,0.000197985,0.000208204,0.00020446,0.000205396,0.000216776,0.000217525,0.000215017,0.000217712,0.000223364,0.000222728,0.000232685,0.000243129,0.000237814,0.000248183,0.000253423,0.000249118,0.000251252,0.000250241,0.000272327,0.000272626,0.000274274,0.00027753,0.000284231,0.000288461,0.000294487,0.000296584,0.00029883,0.000303322,0.000309274,0.000312306,0.000315488,0.000325033,0.000327354,0.000337423,0.000339407,0.000348541,0.000350413,0.000351124,0.000353295,0.000355878,0.000359771,0.000363851,0.000365686,0.000385001,0.000379573,0.000374819,0.000383504,0.000384028,0.000391664,0.000399675,0.000392039,0.000402333,0.000395595,0.000402632,0.000411017,0.000394958,0.000408734,0.000411204,0.000404803,0.000402894,0.00040544,0.000417194,0.000412028,0.00041929,0.000419702,0.00042221,0.000414948,0.000415509,0.000427525,0.000426851,0.000429472,0.000431755,0.000438493,0.000439092,0.000449836,0.000453055,0.000452905,0.000462713,0.000456648,0.000467541,0.000477349,0.000485397,0.0004906,0.0005046,0.000508082,0.000502991,0.000516616,0.000540686,0.000533349,0.000542857,0.000563857,0.000577071,0.000573328,0.000599681,0.000614018,0.00061952,0.000659087,0.000661259,0.000694462,0.000708911,0.000740205,0.000760644,0.000793922,0.000822072,0.000869837,0.000899484,0.000967276,0.001022377,0.001060934,0.001141827,0.001217667,0.001279843,0.001384544,0.001507475,0.001642983,0.001782497,0.001958059,0.002134856,0.002319964,0.002585104,0.002790799,0.003071287,0.003324186,0.003627395,0.003882391,0.004177178,0.004449056,0.004723404,0.004967244,0.005157405,0.005324096,0.005482101,0.005653433,0.005714786,0.005727289,0.005787444,0.005789616,0.005775129,0.005774642,0.005716471,0.005719204,0.005653134,0.005574299,0.005521481,0.005449572,0.005418016,0.005313202,0.005225609,0.005134683,0.005072881,0.004995431,0.004927153,0.00483926,0.004766003,0.004696003,0.004641687,0.004594671,0.00456858,0.004469868,0.004439023,0.004371045,0.004311039,0.004260504,0.00419406,0.004165461,0.004101226,0.004069894,0.004042081,0.003986156,0.00397837,0.00394191,0.003922295,0.003930567,0.003906011,0.003937455,0.003929781,0.003916081,0.003909305,0.003885648,0.003896017,0.003883327,0.003884974,0.003869664,0.003877899,0.003893246,0.003879583,0.003848065,0.003861503,0.003834252,0.003842,0.003815123,0.003802022,0.003811417,0.003821599,0.003802546,0.003817893,0.003792064,0.003797417,0.00377185,0.003813364,0.003774995,0.003768818,0.003792102,0.003754856,0.003785401,0.003782257,0.003776829,0.003788546,0.003764701,0.00377769,0.003786824,0.003756203,0.003747968,0.003759048,0.003778514,0.003767695,0.003775182,0.003780161,0.003784278,0.003823321,0.003772562,0.003752535,0.003763915,0.003750102,0.003787348,0.00377754,0.00376339,0.003763989,0.003771551,0.003788508,0.003776904,0.003781583,0.003775332,0.003811941,0.003778925,0.003793899,0.003807674,0.003801797,0.003829984,0.003823995,0.003848888,0.003865471,0.003833054,0.003823171,0.003857385,0.003868503,0.003889054,0.003904102,0.003896129,0.003870712,0.003914359,0.003887295,0.003930755,0.003927124,0.003940712,0.003933787,0.003969723,0.003933674,0.003965081,0.004013557,0.003995477,0.004024151,0.004040509,0.004088161,0.00413544,0.004143263,0.00418691,0.004256761,0.004328595,0.004389125,0.004445836,0.004480762,0.004511906,0.004593922,0.0046065,0.004670099,0.004745302,0.004795014,0.004851388,0.004923672,0.005023394,0.005108817,0.005198956,0.005294972,0.005384138,0.005444331,0.005539262,0.005602674,0.005683792,0.005764722,0.00582061,0.00586568,0.005911386,0.005926434,0.005976071,0.005974835,0.005982846,0.00591599,0.005889001,0.005803054,0.005720364,0.005587289,0.005444893,0.005266561,0.005055662,0.004855618,0.004579323,0.004324253,0.004048295,0.00376354,0.003452919,0.003203389,0.002941843,0.002678425,0.002457531,0.002247643,0.002038765,0.001855342,0.001705647,0.001548502,0.001420368,0.001326073,0.001243084,0.001167731,0.001104356,0.00103226,0.000963869,0.000918949,0.00088466,0.000830569,0.000783104,0.000755291,0.000741778,0.000707638,0.000683756,0.000676606,0.000650366,0.000632622,0.000611285,0.000598221,0.000580328,0.000573515,0.000559028,0.000552028,0.000532488,0.000533649,0.000517028,0.000511226,0.000512349,0.000493258,0.00048929,0.000488279,0.000482066,0.000473156,0.000463237,0.000458857,0.000451295,0.000455338,0.000444483,0.000439953,0.000442124,0.000432991,0.000440215,0.000438044,0.000434188,0.000426964,0.000421461,0.000425504,0.000420937,0.000415322,0.000408621,0.000409894,0.000420039,0.000418616,0.00040413,0.000410493,0.000401434,0.000410156,0.000406076,0.000408771,0.000397204,0.000391327,0.000391926,0.000390279,0.000388408,0.000389718,0.00037875,0.000377814,0.000382643,0.000380359,0.000379162,0.000376129,0.000360407,0.000365536,0.000349589,0.000358948,0.000346407,0.000361119,0.000346145,0.000338247,0.000327279,0.000329787,0.000318969,0.000314701,0.000307402,0.000299803,0.000298605,0.000295386,0.000293514,0.000283145,0.000289883,0.000274386,0.000274011,0.000268247,0.000260498,0.000248781,0.000254396,0.000245375,0.000249081,0.000245263,0.000243316,0.000239685,0.000238862,0.000227145,0.000227182,0.000222466,0.000216589,0.000211348,0.000208803,0.000209027,0.000208054,0.000199332,0.000204423,0.0002036,0.000203113,0.00019791,0.000194878,0.000198247,0.000192744,0.000184471,0.000184883,0.000180541,0.000182674,0.00017953,0.000178295,0.000181439,0.000182824,0.000183198,0.000183797,0.000184771,0.000171482,0.000171557,0.000169161,0.000173578,0.000170995,0.000162797,0.000165829,0.000166279,0.000166204,0.000160252,0.00015838,0.000163471,0.000161,0.000149059,0.000182749,0.000165081,0.000157332,0.00016669,0.000156696,0.000171444,0.000172268,0.000156883,0.000151492,0.000154038,0.000161487,0.000156097,0.000147936,0.000150968,0.000136669,0.000134947,0.000135696,0.000141984,0.000130417,0.000134722,0.000146701,0.00013169,0.000131615,0.00012907,0.000122294,0.000119637,0.000123904,0.000116792,0.000115856,0.000115893,0.000117615,0.000108931,0.00010807,0.000108556,0.000102268,9.79E-05,9.82E-05,0.000102679,9.34E-05,8.95E-05,9.01E-05,8.74E-05,9.24E-05,8.57E-05,8.70E-05,8.12E-05,8.55E-05,8.11E-05,8.05E-05,7.25E-05,7.45E-05,7.43E-05,6.75E-05
B?NH,HNGK013,HNGK013,6.94E-05,7.27E-05,7.87E-05,7.21E-05,7.32E-05,7.93E-05,8.39E-05,8.67E-05,8.15E-05,8.97E-05,8.77E-05,9.07E-05,9.20E-05,0.000101587,9.44E-05,9.58E-05,9.82E-05,0.000107013,0.000102428,0.000104237,0.000111388,0.000112608,0.000115132,0.00011,0.000116057,0.000116394,0.000120054,0.000117319,0.000130864,0.000131622,0.000125859,0.000125564,0.000126784,0.000129855,0.000129518,0.000138688,0.00013179,0.000136585,0.000139572,0.000145924,0.000148658,0.000149373,0.000148069,0.000144031,0.000149541,0.000149121,0.000146639,0.000152528,0.00014748,0.000157113,0.000156945,0.000157702,0.000150046,0.00015787,0.000146176,0.000150887,0.000159132,0.000153033,0.000161193,0.000168849,0.000170952,0.000166157,0.000159258,0.000160941,0.00015766,0.000165947,0.000163759,0.000165484,0.000168681,0.000172383,0.000167209,0.000175958,0.000171331,0.000178524,0.000180711,0.000175916,0.000178398,0.000179197,0.000183151,0.000188578,0.000190176,0.00019169,0.000194172,0.000196318,0.000203174,0.000206834,0.000210578,0.000207675,0.000217981,0.000215289,0.000212302,0.000213017,0.000224922,0.000231778,0.000226899,0.000231021,0.000237878,0.000248604,0.000252348,0.000258321,0.000241327,0.000258237,0.000271656,0.000267954,0.000278849,0.000281752,0.00027826,0.000284276,0.0002868,0.000291469,0.00030026,0.000303794,0.000317044,0.000306107,0.000321882,0.000324279,0.000333408,0.000333618,0.000344387,0.000344723,0.000356039,0.000353178,0.000357006,0.000357974,0.00035974,0.000371729,0.000368406,0.000384012,0.000379048,0.000379343,0.000385947,0.000381824,0.000397094,0.000389564,0.000386998,0.000401679,0.000394402,0.000409209,0.00040618,0.00040109,0.00041228,0.00041228,0.000401721,0.000405213,0.000409083,0.00042309,0.000411018,0.000417454,0.000413668,0.000426834,0.000418253,0.000420104,0.000434406,0.000425656,0.00043306,0.000441978,0.000428727,0.000445174,0.00044488,0.000454555,0.000451989,0.000453503,0.000454008,0.00048093,0.000466964,0.000491572,0.000485347,0.000504276,0.00050802,0.000505958,0.000516895,0.00053389,0.00054083,0.000547561,0.000567331,0.000568972,0.000582349,0.000602245,0.000623236,0.000630134,0.000649148,0.000667783,0.000681454,0.000714938,0.000730291,0.000748674,0.000776857,0.000816609,0.000876636,0.000898804,0.000959294,0.001020582,0.001052047,0.001128227,0.001209623,0.001300736,0.001391133,0.001506139,0.001635826,0.001790373,0.001944541,0.002139302,0.002318878,0.002536649,0.002789754,0.003065028,0.00334699,0.003585078,0.003899346,0.004195442,0.004442448,0.004687393,0.004958166,0.005127604,0.005327413,0.005528736,0.005612193,0.005696996,0.005747558,0.005787562,0.005803673,0.0057871,0.005792484,0.005752648,0.005713065,0.00563739,0.005567478,0.005522637,0.005448812,0.005394338,0.005323206,0.005244839,0.005150361,0.005066904,0.00499228,0.004889179,0.004855906,0.004780904,0.004694923,0.004682093,0.004588246,0.004546433,0.004482158,0.004453848,0.004378341,0.004321553,0.004275492,0.004219251,0.004178869,0.004099155,0.004075935,0.004025583,0.004017044,0.003956639,0.003930769,0.003920253,0.003921809,0.003914784,0.003904646,0.003932367,0.003915667,0.003915331,0.003899557,0.003908432,0.003902964,0.003882436,0.00391613,0.003880249,0.003892532,0.003876168,0.003845587,0.003855725,0.003851687,0.003827163,0.00381774,0.003830612,0.003832042,0.003812019,0.003807308,0.003793637,0.003785224,0.00380226,0.003782363,0.003788463,0.003790314,0.003785602,0.003791197,0.003777484,0.003761331,0.003777989,0.003775969,0.003767977,0.003805247,0.003782616,0.003768945,0.003788294,0.003761962,0.003773151,0.003780344,0.003752413,0.003779966,0.003793258,0.003777358,0.003812524,0.003785813,0.00376457,0.003737228,0.003771342,0.003760237,0.003785434,0.00377618,0.003761331,0.003770459,0.003789178,0.003767935,0.003786528,0.003773319,0.003797969,0.003782405,0.003778662,0.003810042,0.003805541,0.003823082,0.003846092,0.003860983,0.00385501,0.003863339,0.003850425,0.003876,0.003854505,0.003903679,0.003880375,0.003890849,0.003899683,0.00391327,0.00392244,0.003917266,0.003909947,0.003938088,0.003945954,0.003940949,0.00393161,0.003975274,0.003980868,0.003988861,0.004017086,0.004065545,0.004065335,0.004105507,0.004160234,0.004222238,0.004278184,0.00429909,0.004363282,0.00442293,0.004465205,0.004526578,0.004603683,0.004651932,0.004694334,0.00474519,0.004786162,0.004866674,0.00493646,0.004994846,0.00510085,0.005209168,0.005292625,0.005392193,0.005456805,0.005556036,0.005618335,0.00569014,0.005777172,0.005820457,0.005888561,0.005908836,0.00598388,0.005960912,0.005975803,0.005980052,0.005951574,0.005878044,0.005869968,0.005728251,0.005590488,0.005452556,0.005268269,0.005068124,0.004805007,0.004582693,0.004331901,0.004018306,0.003750604,0.003456948,0.003214906,0.002920408,0.002660951,0.002445031,0.002240048,0.002026274,0.001857929,0.001671118,0.001546017,0.001426805,0.001327868,0.001234904,0.001159103,0.00110934,0.001021466,0.000960471,0.000910708,0.000869569,0.000822035,0.000793473,0.000754311,0.000733278,0.000706146,0.000687301,0.000664418,0.000644184,0.000636823,0.000616632,0.000593832,0.000581003,0.00057524,0.000557741,0.000557278,0.000528253,0.000530398,0.000505285,0.000507473,0.000509576,0.000499312,0.000494264,0.000487744,0.000474115,0.000473905,0.000463683,0.000467343,0.000444333,0.000452662,0.000437434,0.000437645,0.000444501,0.000437266,0.000435331,0.000435415,0.000430746,0.000427717,0.000429021,0.000426077,0.000413205,0.000403025,0.000413247,0.000410303,0.000412616,0.000411144,0.000407064,0.000400628,0.000397725,0.000395201,0.000402184,0.000397178,0.000393434,0.000392719,0.000396211,0.000379847,0.000381404,0.000377366,0.000379553,0.000376735,0.000381404,0.000369584,0.000377281,0.000375094,0.000368742,0.000370635,0.000354566,0.000360582,0.000346574,0.000367144,0.000340643,0.000338203,0.000331473,0.000333408,0.000323522,0.000317549,0.000305392,0.000303205,0.000289954,0.000296685,0.000287473,0.000281121,0.000279691,0.000283897,0.000266104,0.000261434,0.000259583,0.000250077,0.000249908,0.000251086,0.000249362,0.000242463,0.00024545,0.000235564,0.000236868,0.000227193,0.000223618,0.000223576,0.000212386,0.000206371,0.000205698,0.000207297,0.000205656,0.000201786,0.000204857,0.000203763,0.000200945,0.000194551,0.000194845,0.000196191,0.000189671,0.00018782,0.000184708,0.000180796,0.000183614,0.000175285,0.000181385,0.000180038,0.000182773,0.000179407,0.000183025,0.000183109,0.000170742,0.000170279,0.000165905,0.00017192,0.00017192,0.000165063,0.000159721,0.000166704,0.00016397,0.000160562,0.000161446,0.000163928,0.000156061,0.000152949,0.000188031,0.000163086,0.000156903,0.00016561,0.000164012,0.000161404,0.000180459,0.000157029,0.00014992,0.000146513,0.000158754,0.000152528,0.000140497,0.000147186,0.000137469,0.000137384,0.000135113,0.000148742,0.000129771,0.000129602,0.000143694,0.000129771,0.000125901,0.000130991,0.00012262,0.000119759,0.000116899,0.000113954,0.000113618,0.000107939,0.000114753,0.000108191,0.000106214,0.000107813,0.000105163,0.000101966,9.29E-05,0.000102933,9.11E-05,8.93E-05,8.62E-05,8.37E-05,8.81E-05,9.12E-05,8.20E-05,8.18E-05,8.53E-05,8.07E-05,7.76E-05,7.38E-05,7.57E-05,6.83E-05,6.71E-05
,HNGK014,#N/A,7.07E-05,6.99E-05,7.47E-05,7.58E-05,7.18E-05,7.89E-05,7.85E-05,8.35E-05,7.98E-05,8.60E-05,9.08E-05,9.32E-05,9.29E-05,9.60E-05,9.15E-05,9.58E-05,9.66E-05,0.000103077,0.000111008,0.000104172,0.000110013,0.000111971,0.000118608,0.000114725,0.000115555,0.000115157,0.000118276,0.000119139,0.000125312,0.000126838,0.000126705,0.000129692,0.000130223,0.00013696,0.000137524,0.000138719,0.000135268,0.00014008,0.000142237,0.000152292,0.000154018,0.000148973,0.000151861,0.000149139,0.000158564,0.000152558,0.00015206,0.0001506,0.000151761,0.000160589,0.00016706,0.00016341,0.000155677,0.000162348,0.000158963,0.000159925,0.000170744,0.000169814,0.000174992,0.000179804,0.000178675,0.000175191,0.000174593,0.000170545,0.000171009,0.000175755,0.000179837,0.000182558,0.000188797,0.000182226,0.000187171,0.000189394,0.000188067,0.000189461,0.00018737,0.000191518,0.000195368,0.000196164,0.000197193,0.000197359,0.000206519,0.000204494,0.000206519,0.000205357,0.000207647,0.000218731,0.000221054,0.000217669,0.000224141,0.000229351,0.000231176,0.000228156,0.000231342,0.00023788,0.000252614,0.00025434,0.000256331,0.000256962,0.000258422,0.000263964,0.000265457,0.000275646,0.000284971,0.000280491,0.000286166,0.000293434,0.000289252,0.000303224,0.00029798,0.000310724,0.000308401,0.00031693,0.000326653,0.000321244,0.000336775,0.000335149,0.000349452,0.000350547,0.0003536,0.00036734,0.000373944,0.000367937,0.000370028,0.000371355,0.000386223,0.000380382,0.000386023,0.000401521,0.000392827,0.000402816,0.000406732,0.000408258,0.000407993,0.000419575,0.000416123,0.00041994,0.000412008,0.000421234,0.000423358,0.000423723,0.00043109,0.00042077,0.000417086,0.00042754,0.00042817,0.000439055,0.00043567,0.000431323,0.000435504,0.000431522,0.000430958,0.000439254,0.000447816,0.000443768,0.000446821,0.000451467,0.00045535,0.000451732,0.000471346,0.000465936,0.000466168,0.000464144,0.000474697,0.000475859,0.000480671,0.000485948,0.00050639,0.000506789,0.000524941,0.000509941,0.000519167,0.000527099,0.000536291,0.000546911,0.000566989,0.000565628,0.000587033,0.000586104,0.000604456,0.000612454,0.000626425,0.000650054,0.000673981,0.000685895,0.00070126,0.000731925,0.00075177,0.000770188,0.000816085,0.000856141,0.000912126,0.000950058,0.000990878,0.00103621,0.001106632,0.001172175,0.001257895,0.001351746,0.001484757,0.001609239,0.0017534,0.001904531,0.002074478,0.002264636,0.002485623,0.002697784,0.002940276,0.003177857,0.003441158,0.00368302,0.003918311,0.004137208,0.004406747,0.004560433,0.00471153,0.004886555,0.005029887,0.005132433,0.005222268,0.005234514,0.005278187,0.005336661,0.005342569,0.0053128,0.00533165,0.005283431,0.00527749,0.005238397,0.005201195,0.005146404,0.005136282,0.005008548,0.004969421,0.004914067,0.00489452,0.004842351,0.004802726,0.004733765,0.004690922,0.004672935,0.004606297,0.00455957,0.004545466,0.00452811,0.004479857,0.004433163,0.004389523,0.004340706,0.004316049,0.004263747,0.004241877,0.004218647,0.004179686,0.004152241,0.004139398,0.004136013,0.004148026,0.004120681,0.004142053,0.004133391,0.004141522,0.00415483,0.004121079,0.004156356,0.004135615,0.004147595,0.004154431,0.004146566,0.004130604,0.004119652,0.004161069,0.004125659,0.004130471,0.004105548,0.004114807,0.00411401,0.00411036,0.004102959,0.004105614,0.004130471,0.004098247,0.004110194,0.004085902,0.004103457,0.004089685,0.004092041,0.004076709,0.00410057,0.004094596,0.004103324,0.004093568,0.004098347,0.004089652,0.004086565,0.004101234,0.004067052,0.004091643,0.00410817,0.004112915,0.004104818,0.004111621,0.004087594,0.004098015,0.004125227,0.004101897,0.004111754,0.004087528,0.004092008,0.004087295,0.004107904,0.004097318,0.004088457,0.004080625,0.004087594,0.004084242,0.004083977,0.004105847,0.004101599,0.004113181,0.004108103,0.004108634,0.004095327,0.004124896,0.004136146,0.004145073,0.004121378,0.00412463,0.004124365,0.004126356,0.004152374,0.004168436,0.004154265,0.004140792,0.004160969,0.004160936,0.004154697,0.004139265,0.004167938,0.004169432,0.004155692,0.004171788,0.004196445,0.004205406,0.004189211,0.004184266,0.004193492,0.004214897,0.004260064,0.004286579,0.00431346,0.004327432,0.004371536,0.004424469,0.004431371,0.004524194,0.004554758,0.004600522,0.004631585,0.004646386,0.004675988,0.004717404,0.00474704,0.004797251,0.004828645,0.004918348,0.00495628,0.004984488,0.005113284,0.005145641,0.005198872,0.005257379,0.005288276,0.005357801,0.005381828,0.005403466,0.005401906,0.005444683,0.005432338,0.005439473,0.005411497,0.005393609,0.005363078,0.005293187,0.005183672,0.00511209,0.004995904,0.004852838,0.004634007,0.004459679,0.004251866,0.004041598,0.003796185,0.003514765,0.003305027,0.003041594,0.002801458,0.002609276,0.002379261,0.00216053,0.001998614,0.001837461,0.001657492,0.001522025,0.001416094,0.001304986,0.001222651,0.001149442,0.001069927,0.001025557,0.000950158,0.000912823,0.000854847,0.000841174,0.000803308,0.000758075,0.000738894,0.000711913,0.00068792,0.000660574,0.000653472,0.000631304,0.000617133,0.000612222,0.000591082,0.000575717,0.000571668,0.000554975,0.000551557,0.000537021,0.000537154,0.000517939,0.00051482,0.000511036,0.000503171,0.000501047,0.000499454,0.000484819,0.000487076,0.000468591,0.000477054,0.000465637,0.00047108,0.000462352,0.000459332,0.000450206,0.000452828,0.000451699,0.000446091,0.000452197,0.000445493,0.000434077,0.000440549,0.000440515,0.000427407,0.000434542,0.00043119,0.000432418,0.000436367,0.000430593,0.000419409,0.000421002,0.00042369,0.00041473,0.000422031,0.000426843,0.000410747,0.000409022,0.000408092,0.00040265,0.000402152,0.00039817,0.00039744,0.000392827,0.000387915,0.000391964,0.000389641,0.000387716,0.000389574,0.000379519,0.000367804,0.000364419,0.000374674,0.000353634,0.000359674,0.000341554,0.000342417,0.000338633,0.000333257,0.000320812,0.000320779,0.000313777,0.000313379,0.00030933,0.000294794,0.000294894,0.000287261,0.000285237,0.000278566,0.0002708,0.000265126,0.0002635,0.000260811,0.000261508,0.000260015,0.000257991,0.000249727,0.000248931,0.000237647,0.000231442,0.000235125,0.000227393,0.000223941,0.000221253,0.000220457,0.000219992,0.000215014,0.000220523,0.000216474,0.000214848,0.000217304,0.000206651,0.000212027,0.000205423,0.000200844,0.000199549,0.000200379,0.000201275,0.000191585,0.000188897,0.00019258,0.000195202,0.000189461,0.000191087,0.000198521,0.000187768,0.000184416,0.000183686,0.000179273,0.000177215,0.000171806,0.000174792,0.000172005,0.000170843,0.000170876,0.000176784,0.000165699,0.000169781,0.000167126,0.000193144,0.000171673,0.000160323,0.000175523,0.000171241,0.000174759,0.0001806,0.000167027,0.000157701,0.000159361,0.000161385,0.000162182,0.000154615,0.000151363,0.000145124,0.000136462,0.00013769,0.000148841,0.000136396,0.000139217,0.000143066,0.000132148,0.000127104,0.000126539,0.000122557,0.000118177,0.000122491,0.000115986,0.00011821,0.000109681,0.000114128,0.000109083,0.000108553,0.000108652,0.000103906,0.000101782,9.75E-05,0.000100721,9.10E-05,8.56E-05,8.72E-05,8.82E-05,8.49E-05,8.74E-05,7.95E-05,8.23E-05,8.56E-05,7.91E-05,7.33E-05,7.22E-05,7.28E-05,7.04E-05,6.68E-05
B?NH,HNGK015,HNGK015,7.25E-05,7.16E-05,7.54E-05,7.10E-05,7.45E-05,7.52E-05,8.21E-05,8.43E-05,8.08E-05,8.90E-05,8.68E-05,9.53E-05,9.46E-05,9.83E-05,9.17E-05,9.84E-05,9.85E-05,0.000107769,0.000108853,0.000105014,0.000111563,0.000108357,0.000113822,0.000116667,0.000113732,0.0001159,0.000114499,0.000113054,0.000129495,0.00012805,0.000121726,0.000130082,0.000131527,0.000134238,0.000131798,0.000138303,0.000131437,0.000135593,0.000135593,0.000139703,0.000150362,0.000141058,0.000144084,0.000144536,0.000146071,0.000150995,0.000142865,0.000146839,0.00014851,0.000155331,0.000159125,0.00015524,0.000146207,0.000153163,0.000147743,0.000154337,0.00015926,0.000156234,0.000164274,0.000165132,0.000166306,0.000164138,0.000159847,0.000154698,0.000159034,0.000160118,0.00017263,0.000164545,0.00017132,0.0001687,0.000171365,0.00017525,0.000173849,0.000174572,0.000178547,0.000173895,0.000177734,0.000183335,0.000189206,0.000184373,0.00018618,0.000193949,0.000189839,0.000200408,0.000198014,0.000203705,0.000206776,0.000210074,0.000214184,0.000219107,0.000219062,0.000218881,0.000230038,0.000216623,0.000234509,0.000243497,0.000240381,0.000242142,0.000239613,0.000255557,0.000248421,0.000256099,0.000262739,0.000269333,0.000275702,0.000276605,0.000275295,0.000282703,0.000282929,0.000297066,0.000291285,0.000306551,0.000312333,0.000305286,0.000313823,0.000326018,0.000323037,0.000325973,0.000345666,0.000350138,0.000345485,0.000351673,0.000354022,0.000360571,0.000364862,0.000366669,0.000367753,0.0003818,0.000365224,0.000378187,0.000379497,0.00038993,0.000390788,0.000392866,0.000394899,0.00040068,0.000395531,0.000404248,0.000401674,0.000403209,0.000403797,0.000410165,0.000409985,0.00040881,0.000409804,0.000410436,0.000410527,0.000415676,0.000419696,0.000431078,0.000418702,0.000427238,0.000422722,0.000424528,0.000435323,0.000430626,0.000437762,0.000440653,0.000449822,0.000453119,0.000452713,0.000457862,0.000462334,0.000473761,0.000467121,0.000482433,0.000489705,0.000500455,0.000499416,0.00050872,0.0005206,0.000528233,0.00053564,0.000550591,0.000556959,0.000568025,0.000587402,0.000599055,0.000618658,0.000627149,0.000647881,0.000672317,0.000688442,0.000704657,0.000726337,0.000760574,0.000784919,0.000812787,0.000867756,0.000900232,0.000960395,0.001016357,0.00104951,0.001124985,0.001208228,0.001267307,0.001389214,0.001482891,0.001618258,0.001789081,0.001957013,0.002134115,0.002308235,0.002526845,0.002787958,0.003061356,0.003304312,0.003576581,0.003867007,0.004143477,0.004450525,0.004667871,0.004941405,0.005113267,0.005314036,0.005498499,0.005602746,0.005705953,0.005730434,0.005786306,0.005800579,0.00579019,0.00579403,0.005780299,0.005734138,0.005668961,0.005608708,0.005544977,0.005492718,0.005410287,0.005358842,0.005208525,0.005148587,0.005074739,0.005012001,0.004935578,0.00486724,0.004814665,0.0047391,0.004689551,0.00460843,0.004552829,0.00454086,0.004461817,0.004397815,0.004339955,0.004253911,0.004245194,0.004187786,0.00412943,0.004095871,0.004046006,0.003997767,0.003980016,0.003946818,0.003923828,0.003930919,0.003922563,0.003919311,0.003937378,0.003923964,0.003921434,0.003911723,0.003882229,0.003878796,0.003883765,0.003898941,0.003864885,0.003868859,0.003863304,0.003848986,0.003862039,0.00385409,0.003817052,0.00382857,0.003820937,0.003788732,0.003815517,0.003795191,0.003813439,0.003804405,0.003786022,0.003754179,0.003801379,0.003781144,0.003773375,0.003783719,0.003773014,0.003784532,0.003772924,0.003779518,0.003755805,0.00378417,0.003751063,0.003740313,0.003733944,0.003758019,0.003773421,0.003763981,0.003777034,0.003755037,0.003756889,0.003755354,0.00380287,0.00375716,0.003755444,0.003734712,0.003749392,0.003762129,0.003778841,0.003759193,0.003763213,0.003750837,0.00377988,0.00377202,0.003750747,0.003748443,0.003782002,0.003783674,0.003793701,0.003799708,0.003809013,0.003803999,0.003814433,0.003842391,0.003849799,0.003845734,0.003872111,0.003867233,0.003864117,0.003915472,0.003890449,0.00391231,0.003905174,0.003908561,0.003906484,0.003924822,0.003950522,0.003950974,0.003948038,0.003964795,0.003979158,0.00398923,0.004002329,0.003998128,0.004030197,0.00406064,0.004098219,0.004150794,0.004185347,0.004207841,0.004273966,0.004330832,0.004424057,0.004433452,0.004505946,0.004558475,0.004571438,0.004666154,0.004705857,0.004814755,0.004827944,0.004900347,0.004970176,0.005039689,0.005117106,0.005216474,0.005304325,0.00540961,0.005481471,0.005562276,0.005663812,0.00570365,0.005791365,0.005855548,0.005892043,0.00594254,0.005957084,0.005958936,0.005976687,0.005986623,0.005945521,0.005888294,0.005793759,0.005692584,0.005592041,0.00541381,0.005248904,0.005034314,0.004802244,0.00457582,0.004296188,0.004012943,0.003729428,0.00342518,0.003173552,0.002919305,0.002668987,0.002410359,0.002212209,0.002009769,0.001829551,0.001670742,0.001534924,0.001433749,0.001330406,0.001235374,0.001158318,0.001106014,0.001021145,0.000969293,0.000906691,0.000868027,0.000828099,0.000786319,0.000762561,0.000729363,0.000711929,0.000694042,0.000661431,0.000642506,0.000628504,0.000600501,0.000598513,0.000576923,0.000567167,0.000567528,0.000546029,0.000529723,0.000535098,0.000506778,0.000516173,0.000515315,0.000497474,0.000485143,0.00048031,0.000478052,0.000467483,0.000454655,0.000464231,0.000448693,0.000451629,0.000446209,0.000445034,0.000437401,0.000431213,0.00043582,0.000433291,0.000431304,0.000426606,0.000428458,0.000418566,0.000412107,0.000414321,0.000413598,0.000415766,0.000419108,0.000414908,0.000401222,0.000405558,0.000398738,0.000409036,0.000387311,0.000402396,0.000399912,0.000386768,0.000385459,0.0003846,0.000387898,0.000375657,0.000385413,0.000382297,0.000377509,0.000373851,0.000375296,0.000372496,0.00036563,0.000364817,0.000364185,0.000353751,0.000343905,0.000353525,0.000337852,0.000338981,0.000320598,0.00031423,0.000320869,0.000311113,0.000305061,0.000300273,0.000304473,0.000295576,0.00028591,0.00028731,0.000277463,0.000282974,0.000277734,0.000267978,0.000257545,0.00025095,0.000251944,0.00024684,0.000244627,0.000250047,0.000245575,0.000237129,0.000237671,0.000230625,0.000220236,0.000223398,0.0002159,0.00020777,0.000211338,0.000208402,0.000208764,0.000196659,0.000202124,0.000199279,0.000202485,0.00019702,0.000195846,0.000193,0.000188213,0.000184283,0.000192052,0.000185638,0.000178185,0.000175521,0.000177508,0.000179405,0.000181437,0.000179179,0.000189251,0.000186993,0.000170597,0.000172856,0.000169016,0.000172585,0.000168655,0.000157363,0.0001659,0.000162603,0.000169558,0.000156415,0.000164906,0.000157002,0.00016581,0.000157679,0.000178411,0.000167119,0.000159938,0.000165719,0.000158447,0.000175656,0.000179405,0.000147968,0.000149323,0.000150091,0.000154337,0.000152575,0.000148556,0.00015384,0.000135547,0.000138438,0.00013225,0.000148285,0.000135322,0.000129811,0.000145304,0.000132747,0.000132702,0.000125972,0.000126153,0.000120507,0.000119423,0.00011206,0.000114364,0.000111021,0.000115132,0.000114545,0.000110841,0.000106685,0.000103388,9.97E-05,9.56E-05,0.000105014,9.12E-05,8.65E-05,8.98E-05,8.44E-05,8.86E-05,8.74E-05,8.32E-05,8.24E-05,8.08E-05,8.25E-05,7.94E-05,7.51E-05,7.23E-05,7.56E-05,6.68E-05
B?NH,HNGK016,HNGK016,7.31E-05,7.11E-05,7.91E-05,7.21E-05,7.21E-05,7.88E-05,8.50E-05,8.53E-05,8.44E-05,8.96E-05,8.88E-05,9.33E-05,9.89E-05,9.98E-05,9.70E-05,9.84E-05,0.0001,0.000106236,0.000106634,0.000107596,0.000110881,0.000110217,0.000116189,0.000114298,0.000115194,0.000111345,0.000115426,0.000120668,0.00012737,0.00012966,0.000119175,0.000129494,0.000131451,0.000130854,0.000133508,0.000135233,0.000133276,0.000135267,0.00013802,0.00013958,0.000146315,0.000146116,0.000145121,0.000142599,0.00014668,0.000141902,0.000140376,0.00014877,0.000145685,0.000147045,0.000158193,0.00015096,0.000149799,0.000158126,0.000151723,0.000155373,0.000158193,0.000158425,0.00016171,0.000162473,0.000171132,0.00016735,0.000159254,0.000159818,0.000158458,0.000161577,0.000172891,0.000175445,0.000177635,0.000168743,0.000173521,0.000173819,0.000177502,0.000175512,0.000178498,0.00017737,0.000185034,0.000182346,0.000183607,0.000188219,0.000191138,0.000196779,0.000191636,0.000203315,0.000201888,0.000207163,0.00020932,0.00020494,0.000214827,0.000217847,0.000218676,0.000224515,0.000222027,0.000223354,0.000240242,0.000241834,0.000246048,0.000243925,0.000248005,0.000256798,0.000252783,0.000261907,0.000267016,0.000264362,0.000278795,0.000286293,0.000281582,0.000285364,0.000297009,0.000296644,0.000295682,0.000306498,0.000315456,0.000312835,0.000322424,0.000318741,0.000329756,0.000335562,0.000342861,0.000353644,0.000350924,0.00035162,0.000356597,0.000361507,0.000364328,0.000366185,0.000371992,0.000389609,0.00038022,0.000385628,0.000391633,0.000389642,0.000396212,0.000397273,0.00039306,0.000404274,0.000402084,0.000407824,0.000408786,0.000399563,0.000413796,0.000411407,0.000407592,0.00040653,0.000414426,0.000424911,0.000417313,0.00042501,0.000428361,0.000427664,0.000427532,0.000426072,0.000436423,0.000425607,0.000437684,0.000441433,0.000445979,0.000450026,0.000450325,0.000458885,0.000460046,0.000465122,0.000468341,0.00047763,0.000475673,0.000491963,0.000490503,0.000512766,0.000510842,0.000506827,0.000529753,0.00053118,0.000540304,0.000549693,0.000568903,0.00057242,0.00058954,0.000601417,0.00062368,0.000630183,0.000642492,0.00065928,0.000696041,0.000708516,0.00072683,0.000756425,0.000793087,0.00080868,0.000859741,0.000885985,0.000945009,0.000998956,0.001051012,0.001113885,0.00119328,0.001261427,0.00135688,0.001474994,0.001598117,0.001746655,0.001918186,0.002074587,0.00224688,0.002491103,0.002715884,0.002979019,0.003244144,0.003508738,0.003771309,0.004031723,0.004306238,0.004525544,0.004806894,0.004975106,0.005167273,0.005329447,0.00545977,0.005550943,0.00556803,0.005644771,0.005646894,0.005645567,0.005641619,0.005632229,0.005606019,0.005546099,0.005494474,0.0054249,0.005390793,0.00532812,0.005247298,0.00516787,0.005089238,0.005057056,0.004936885,0.004879421,0.004809581,0.004776702,0.004711573,0.004650725,0.004617912,0.004563799,0.004487788,0.004465558,0.004403847,0.004354844,0.004284805,0.004235171,0.004192072,0.00414768,0.004093832,0.004080296,0.004031723,0.00401165,0.004018054,0.003980596,0.003994564,0.003960092,0.003999574,0.004004185,0.004006276,0.003980364,0.00395621,0.00397678,0.003964471,0.003946257,0.003949906,0.003936668,0.003974856,0.003967457,0.003951233,0.003967126,0.003926881,0.003899807,0.003923198,0.00389931,0.003900106,0.003903192,0.003901101,0.003903988,0.003901931,0.003894864,0.003883948,0.003892774,0.003867359,0.003889788,0.003870777,0.003851533,0.003881692,0.003907173,0.003861321,0.00386643,0.003843969,0.003873696,0.003854785,0.003864207,0.003837433,0.003864871,0.003861852,0.003863212,0.003878076,0.003865103,0.003856411,0.003890418,0.003832954,0.003859961,0.003866729,0.003852661,0.003855581,0.003854221,0.0038516,0.00385233,0.003877014,0.003856908,0.003869151,0.003870777,0.003862383,0.003887332,0.003895063,0.00388919,0.003900703,0.003898713,0.003915534,0.003929336,0.003936303,0.003924558,0.003939853,0.003939488,0.003963111,0.003976216,0.003988724,0.003969879,0.003965765,0.003984312,0.004004318,0.003974458,0.003984146,0.004029168,0.004000503,0.004012845,0.00402376,0.004020044,0.004029235,0.004063541,0.004059692,0.004074191,0.004087794,0.004114303,0.00419685,0.004183479,0.004234042,0.004279828,0.004321898,0.004391339,0.004450363,0.00448938,0.004533374,0.004601422,0.004616817,0.004649165,0.004725541,0.004756231,0.004842062,0.004891962,0.004973381,0.005061203,0.005143584,0.005207385,0.005319659,0.005412558,0.005466273,0.005536776,0.005583889,0.005637969,0.005706349,0.005737271,0.00575376,0.005812187,0.005838066,0.005836075,0.0057951,0.005751305,0.005694604,0.005606185,0.00555592,0.005427753,0.005253436,0.005078124,0.004897503,0.004670366,0.004424451,0.004167421,0.003892409,0.003602864,0.003349318,0.003111531,0.002842524,0.002610776,0.002389446,0.002190345,0.001990945,0.001798712,0.001665469,0.001534847,0.00139885,0.001306782,0.00122596,0.001150016,0.001087309,0.001017503,0.000952009,0.000896602,0.000871851,0.000819729,0.000785987,0.000751515,0.00072537,0.000704302,0.000683268,0.000665882,0.000656261,0.000629453,0.000614423,0.000596573,0.000588014,0.000573747,0.000565253,0.000556229,0.000534995,0.000528094,0.000517743,0.00051114,0.000514392,0.000495248,0.000495314,0.000490669,0.000484133,0.000475839,0.000467743,0.000468307,0.000458354,0.000451254,0.000454074,0.000449728,0.000441533,0.000440836,0.000447405,0.000438082,0.000435395,0.000433338,0.000423218,0.000430418,0.000424181,0.00041854,0.000426039,0.000411938,0.00041645,0.000417512,0.000411507,0.00041373,0.000403079,0.000409516,0.000400525,0.000401819,0.00040862,0.000399198,0.000394453,0.000388514,0.000386689,0.000392529,0.000383637,0.000383571,0.000388017,0.000379689,0.000384699,0.000375077,0.00036592,0.000362237,0.000363266,0.000356099,0.000350028,0.000356663,0.00034598,0.00033888,0.000330519,0.000330552,0.000321661,0.000315158,0.000308953,0.000307328,0.000303346,0.000299498,0.000294587,0.000290672,0.000281316,0.000279856,0.000270965,0.000268078,0.000256864,0.000260381,0.000255271,0.000252153,0.000246512,0.000244024,0.000248968,0.000239811,0.000237256,0.000227568,0.000220965,0.000219804,0.000214396,0.000210282,0.000205073,0.00021287,0.000200694,0.000203879,0.000206931,0.00020441,0.000199931,0.000201988,0.000194191,0.000195982,0.000185631,0.000189811,0.000187058,0.000181981,0.000182379,0.000183872,0.000179592,0.000179393,0.00018009,0.000181218,0.000183673,0.000180356,0.000169075,0.000173421,0.000170203,0.000173819,0.000166985,0.000163003,0.000162639,0.000159553,0.000168246,0.000156832,0.000160648,0.000164331,0.000159885,0.000158458,0.000172526,0.000163966,0.00015441,0.000160681,0.000158226,0.000162672,0.000181981,0.000156766,0.000150694,0.000146647,0.000155538,0.000147509,0.000142699,0.000155771,0.000139878,0.000138618,0.000141537,0.000148571,0.000136196,0.000125811,0.000141438,0.000132546,0.00013165,0.000128332,0.000122062,0.00011682,0.000122858,0.000115294,0.000113767,0.000109952,0.000112108,0.000106004,0.00010743,0.000103349,0.000100264,0.000101127,9.70E-05,0.000103748,9.31E-05,8.89E-05,8.62E-05,8.66E-05,8.62E-05,9.19E-05,8.37E-05,8.15E-05,8.76E-05,8.47E-05,7.63E-05,7.63E-05,7.69E-05,7.27E-05,6.85E-05
,HNGK017,#N/A,7.11E-05,6.90E-05,7.71E-05,6.85E-05,7.04E-05,7.44E-05,8.64E-05,8.35E-05,8.15E-05,8.56E-05,8.57E-05,9.30E-05,9.05E-05,9.34E-05,9.36E-05,9.54E-05,9.86E-05,0.000104118,0.000108711,0.000105447,0.000110116,0.000108104,0.000110913,0.000110951,0.00011338,0.000112241,0.000113608,0.000115278,0.000126969,0.000127349,0.000121048,0.000128525,0.000123173,0.0001264,0.000130158,0.000135054,0.000126324,0.000133726,0.000136724,0.000140103,0.000145265,0.000146366,0.000140027,0.000141469,0.000145379,0.000144885,0.000144392,0.000144809,0.000144354,0.000153729,0.000153616,0.000149592,0.000150465,0.000154185,0.00014796,0.000149744,0.000151148,0.000150655,0.000157753,0.000160524,0.000168913,0.000163826,0.000159499,0.000156121,0.000154944,0.000160106,0.000164396,0.000166825,0.000173316,0.000168723,0.000166711,0.000171608,0.000173506,0.000175973,0.000177757,0.000175669,0.000177605,0.000175479,0.000182767,0.000186411,0.000187056,0.000191346,0.000189334,0.000197571,0.000198861,0.000205086,0.000205124,0.000206567,0.000216284,0.000218599,0.000215183,0.000220611,0.000221181,0.000223458,0.000234314,0.000241146,0.000246612,0.000245891,0.000246688,0.00026172,0.000251243,0.000251433,0.000268097,0.000268135,0.000272044,0.000280471,0.000275157,0.000282976,0.000286392,0.000299146,0.000299753,0.000299678,0.000312317,0.000318694,0.00032101,0.000326514,0.000328867,0.000332207,0.000349137,0.000350921,0.000352173,0.000347239,0.000354489,0.000346404,0.000358854,0.000369938,0.000365496,0.000381135,0.000375783,0.000372708,0.0003844,0.000382388,0.000393889,0.000399241,0.000388803,0.000397191,0.000391422,0.000403265,0.000405884,0.000400494,0.000410553,0.000409907,0.000403758,0.00040577,0.00041283,0.000414159,0.000416778,0.000419017,0.00041283,0.000426495,0.000417727,0.000428545,0.000434884,0.000421257,0.000432378,0.000435301,0.000436705,0.000439287,0.000444904,0.000460619,0.000456482,0.000466654,0.000469122,0.00046897,0.000472044,0.000478042,0.000493111,0.000497856,0.000512621,0.000517594,0.000527501,0.000528753,0.000537863,0.000551414,0.000558361,0.000576125,0.000582274,0.000595521,0.000613703,0.000622889,0.000647751,0.000662631,0.000691175,0.00070651,0.00072063,0.00076766,0.000797343,0.00081822,0.000861682,0.000894326,0.000950314,0.000996774,0.001042551,0.001115468,0.001182692,0.001278384,0.001363751,0.001491631,0.001607175,0.001760715,0.001934979,0.002109092,0.002281041,0.002511863,0.002742381,0.002991271,0.00326286,0.003521847,0.00381063,0.004092468,0.004391424,0.004624675,0.004860887,0.005047184,0.005244413,0.005389489,0.005525492,0.005641757,0.005647868,0.005711865,0.005722531,0.005706323,0.005708487,0.005681271,0.005663886,0.005618678,0.00554876,0.005489394,0.005419627,0.005362842,0.00528184,0.005192905,0.00513073,0.005058458,0.004951265,0.004896643,0.004832077,0.004766865,0.004700591,0.004687609,0.004593132,0.004571572,0.004525947,0.004452574,0.004403343,0.004327237,0.00428089,0.0042547,0.004213022,0.004129439,0.004117672,0.004096453,0.004031735,0.004014768,0.003993094,0.003971875,0.003980757,0.00397104,0.003970547,0.003944052,0.003978176,0.003967472,0.00394743,0.003962576,0.003931184,0.003949252,0.003952403,0.003927389,0.003933082,0.003912319,0.003923251,0.003914369,0.00388313,0.003885028,0.003889772,0.00385265,0.003854699,0.003862974,0.003848702,0.003877057,0.003841983,0.00384521,0.003827901,0.003856332,0.003836745,0.003848133,0.003828205,0.003820423,0.003821866,0.003835455,0.003816855,0.003811617,0.003823536,0.003828888,0.003840086,0.00382532,0.003806455,0.003821752,0.003818753,0.003818753,0.003822701,0.003811162,0.003806417,0.00387049,0.003810099,0.003821752,0.003808125,0.003824333,0.00380042,0.003822245,0.003830938,0.003815489,0.003826876,0.003846273,0.00380524,0.003823384,0.00381287,0.003835227,0.003837428,0.003853637,0.003877246,0.003855762,0.003866998,0.003872881,0.003904728,0.003909093,0.003902868,0.003885939,0.003943141,0.0039387,0.003936043,0.003924048,0.003954832,0.003961513,0.003962348,0.003956578,0.003951644,0.00399093,0.003970888,0.003959159,0.003988083,0.004000078,0.004017956,0.004031166,0.004021069,0.004055535,0.004085787,0.004102223,0.004166637,0.004212073,0.004235189,0.004288786,0.004341395,0.004382352,0.004468137,0.00453054,0.004528983,0.00460729,0.004656256,0.004697706,0.004747583,0.004787628,0.004846501,0.004929439,0.005005924,0.005083206,0.005177949,0.005258686,0.005347697,0.005412984,0.005507272,0.005569029,0.00560285,0.005656446,0.005745192,0.005785769,0.005864759,0.005888787,0.005876526,0.005881954,0.005917331,0.005841149,0.00576531,0.005742914,0.005610403,0.005513117,0.005352024,0.005145116,0.004962197,0.004733311,0.004493341,0.004217615,0.003952669,0.003672388,0.003413932,0.003156957,0.002868364,0.002645209,0.002409149,0.002221258,0.002006985,0.001834581,0.001665516,0.001535662,0.001405011,0.001304157,0.001239591,0.001152477,0.0010922,0.001018979,0.000955324,0.000906624,0.00086878,0.000828469,0.000774455,0.000745189,0.000727083,0.000707421,0.000685747,0.000661454,0.000656596,0.000630556,0.000626191,0.000601367,0.000588575,0.000584362,0.000559879,0.000543405,0.000533688,0.000535168,0.000515734,0.000511672,0.000500589,0.000499336,0.000487721,0.000491782,0.000482786,0.000469159,0.00046506,0.000459632,0.000446385,0.000452762,0.00044851,0.000446233,0.000444373,0.000441564,0.00044164,0.000427482,0.000442969,0.000425925,0.000428696,0.000416132,0.000412526,0.000411653,0.000410628,0.000410477,0.000417727,0.000420953,0.000407592,0.000401594,0.000405656,0.000403986,0.000406111,0.000406301,0.000402961,0.000392333,0.000395863,0.000390549,0.000380034,0.000389258,0.000373544,0.000379731,0.000377947,0.000370545,0.000371456,0.00036933,0.000373847,0.000361207,0.000359803,0.000353388,0.000345986,0.000364586,0.000338091,0.000345265,0.000330955,0.000327387,0.000320213,0.000309774,0.000306776,0.000297856,0.000296641,0.000292124,0.000287265,0.000282445,0.000277662,0.000275043,0.000266768,0.000266464,0.000251129,0.000250522,0.000250788,0.000251775,0.000242057,0.000246043,0.000239932,0.000241678,0.000232986,0.000225014,0.000222357,0.000225394,0.000213247,0.000203189,0.00020706,0.000209717,0.000202126,0.000199924,0.000208882,0.000198634,0.000200873,0.000200987,0.000195711,0.000196698,0.000191991,0.0001855,0.0001803,0.000179237,0.000179844,0.00017677,0.000181059,0.00017882,0.000179807,0.000181553,0.000181704,0.000188499,0.000165876,0.000169596,0.000169786,0.000167774,0.000165952,0.00016022,0.000162004,0.000161928,0.000166597,0.000157715,0.000159575,0.00015855,0.000154489,0.000148909,0.000180148,0.000165458,0.000150237,0.000163067,0.000162384,0.000159461,0.000174986,0.000158512,0.000150769,0.000146593,0.000152135,0.000151452,0.000144164,0.000150237,0.000138129,0.000130879,0.000137863,0.000143898,0.000129778,0.000133156,0.00014238,0.000130234,0.000129702,0.000124312,0.000121617,0.000115582,0.000116986,0.000113722,0.000114899,0.000113608,0.000112052,0.000107838,0.000108484,0.000106434,9.96E-05,0.000100019,9.55E-05,9.88E-05,9.09E-05,8.78E-05,8.84E-05,8.85E-05,8.49E-05,8.88E-05,8.34E-05,7.99E-05,8.73E-05,8.14E-05,7.53E-05,7.58E-05,7.32E-05,7.06E-05,6.66E-05
B?NH,HNGK018,HNGK018,7.26E-05,6.80E-05,8.18E-05,6.87E-05,7.33E-05,7.95E-05,7.91E-05,8.37E-05,8.08E-05,8.60E-05,8.93E-05,9.26E-05,9.30E-05,9.90E-05,8.98E-05,9.51E-05,9.58E-05,0.000103514,0.000115842,0.000104336,0.000111596,0.000105614,0.000113468,0.000113787,0.00010534,0.000111459,0.000115979,0.000116253,0.000126801,0.000129267,0.00012365,0.000125614,0.000128308,0.000134472,0.000129769,0.000140271,0.000125659,0.000136344,0.000135385,0.000140134,0.000147485,0.000142371,0.000138216,0.000142645,0.000142417,0.000143148,0.000145613,0.000146709,0.00014123,0.00014922,0.000151184,0.000145933,0.000148992,0.000148307,0.000150271,0.000149768,0.000153695,0.000153969,0.000159403,0.000160864,0.000164563,0.000162645,0.000158033,0.00015164,0.00015607,0.000159494,0.000155567,0.000161458,0.000170225,0.000171823,0.000171549,0.000172462,0.000169037,0.000172462,0.000175658,0.000170453,0.000179037,0.00018132,0.000176937,0.000183192,0.000187484,0.00019374,0.000188854,0.000195201,0.000195749,0.000201913,0.000203557,0.000201594,0.000208626,0.000215201,0.000215612,0.000216068,0.000221639,0.00022657,0.00023068,0.000236159,0.000237575,0.000244378,0.00024246,0.000256661,0.000249218,0.000252825,0.000261547,0.000262871,0.000266752,0.000277117,0.000280816,0.000280633,0.000287026,0.000293555,0.000297847,0.000304194,0.000313007,0.000308395,0.000318349,0.000327344,0.000319354,0.000324559,0.00034255,0.000338988,0.000349216,0.000346522,0.000347892,0.000348668,0.000364376,0.00036022,0.000368805,0.000387526,0.000376156,0.000379718,0.00038127,0.000389946,0.000392411,0.000392685,0.000389078,0.000395014,0.000396704,0.000405927,0.000396567,0.000401544,0.000409489,0.000396932,0.000398621,0.000399945,0.000409123,0.000406795,0.000411269,0.00041853,0.000411954,0.000411406,0.000420721,0.000422045,0.000421863,0.000422639,0.000439671,0.000434054,0.000432913,0.000430904,0.000441999,0.00045241,0.00045757,0.000462684,0.000462684,0.000465926,0.000476565,0.00048314,0.000491633,0.000493916,0.000508436,0.000499898,0.000518893,0.000532271,0.000533093,0.000541997,0.000561997,0.000575056,0.000576608,0.00059469,0.000611448,0.000612909,0.000655602,0.00065752,0.000690852,0.000712633,0.000741445,0.000758522,0.000799937,0.000814137,0.000860849,0.000907286,0.000959385,0.001000252,0.00105436,0.001124313,0.001202439,0.001290474,0.001377458,0.001490789,0.001635261,0.001781924,0.00196676,0.002127853,0.00232657,0.002562181,0.002814687,0.003053403,0.0033402,0.003606633,0.00386923,0.004192099,0.004456751,0.004702773,0.004963772,0.005164132,0.0053197,0.005532663,0.005608415,0.005699052,0.00574485,0.00579179,0.00584051,0.005790374,0.005803616,0.005776585,0.005702294,0.005686906,0.005636633,0.005569329,0.005474171,0.005370795,0.005323809,0.005245501,0.005169612,0.005065094,0.005022081,0.004906604,0.004858568,0.004780716,0.004693915,0.0046625,0.004588392,0.004524832,0.00449433,0.004488074,0.004384698,0.004325201,0.004242144,0.004223377,0.004193469,0.004092832,0.004079134,0.004035527,0.00398635,0.003973656,0.003934251,0.00392247,0.003893841,0.003923703,0.003925073,0.003930781,0.003929228,0.003905439,0.003905393,0.003885759,0.003905804,0.003901284,0.003878727,0.003888681,0.003861741,0.003885028,0.003839869,0.003880827,0.003855257,0.003840052,0.003830874,0.003833614,0.003826399,0.003800738,0.003788592,0.003816491,0.003810783,0.003805167,0.003783067,0.003801788,0.003761789,0.00376704,0.003791195,0.00378325,0.003791149,0.003788775,0.003759415,0.003769551,0.003756036,0.003765305,0.003778455,0.003770419,0.003764437,0.003760374,0.003763296,0.003764437,0.003786766,0.003772885,0.003768227,0.003813706,0.003757588,0.003775533,0.003752337,0.003770145,0.003778912,0.003782291,0.003772108,0.003758182,0.003761606,0.003805532,0.003766949,0.003768227,0.003758456,0.003796035,0.003779095,0.00379188,0.003828637,0.003815304,0.0038406,0.003811377,0.003853796,0.003853431,0.00385439,0.003836536,0.003885942,0.003881101,0.00391416,0.003889457,0.003911877,0.003892288,0.003901375,0.003913429,0.003913429,0.003922379,0.003934936,0.00394868,0.003966122,0.003959593,0.003969593,0.003991099,0.004016213,0.004026075,0.004062696,0.004093106,0.004119726,0.00415242,0.004221322,0.004266527,0.004312781,0.004376342,0.004398944,0.004481453,0.004548941,0.004594373,0.004659349,0.004711129,0.004750991,0.004836377,0.004885326,0.004963635,0.005030482,0.005107102,0.005228515,0.00533559,0.005378237,0.00548376,0.005546635,0.005628871,0.005695947,0.005775215,0.005848957,0.005898911,0.005952745,0.005967402,0.005999548,0.005992014,0.005987402,0.005928956,0.005912381,0.005820145,0.005763115,0.005608598,0.005457368,0.005282212,0.005098883,0.004823683,0.00456999,0.004344333,0.004038404,0.003756949,0.00346659,0.003212623,0.00293094,0.002689575,0.002413189,0.002234243,0.002014339,0.001831649,0.001686264,0.001555399,0.001418233,0.00131682,0.001228101,0.001171116,0.001099656,0.001024635,0.000954089,0.000897697,0.000864547,0.000826877,0.000781444,0.000754047,0.00072487,0.000699802,0.000681081,0.000666606,0.000652177,0.00062752,0.0006109,0.000595101,0.00057743,0.000575101,0.00054533,0.000547705,0.000528299,0.000526107,0.000512591,0.000506792,0.0005004,0.000504783,0.000490172,0.000485332,0.000469898,0.000481177,0.000474967,0.000468711,0.000446292,0.000445515,0.000439077,0.000436474,0.000432958,0.00042926,0.000438027,0.000431817,0.00042547,0.000421863,0.000417342,0.000425835,0.000425653,0.000421087,0.000410676,0.000411589,0.000410676,0.000408804,0.000399352,0.000399261,0.000407754,0.000402868,0.000396658,0.000396475,0.000397799,0.000386156,0.000382823,0.000387982,0.000380814,0.000378896,0.000378987,0.000371179,0.000383188,0.00037191,0.000374147,0.000369444,0.00036328,0.000352047,0.000356202,0.000348759,0.000333737,0.000345426,0.000335929,0.000335792,0.000322733,0.000319993,0.000324057,0.000306203,0.00030497,0.000296477,0.000301181,0.000296021,0.000284925,0.000284469,0.000279309,0.000278122,0.000264149,0.00026698,0.000253373,0.000246022,0.000254332,0.000247848,0.000243237,0.000239173,0.000235794,0.0002331,0.000230406,0.000225292,0.00022068,0.000219539,0.000217529,0.000215155,0.000207256,0.000209173,0.000198626,0.000200589,0.000201639,0.000204014,0.000202142,0.000194836,0.000187621,0.000191229,0.000190863,0.000182325,0.00018616,0.000184425,0.000181868,0.000176389,0.000178581,0.000177896,0.000175019,0.000179448,0.000177759,0.000184014,0.000169494,0.000169722,0.000168078,0.000175887,0.000163558,0.000161914,0.000163786,0.000156526,0.000167211,0.000162417,0.000156709,0.000161138,0.000153513,0.000153376,0.000180133,0.000161092,0.000153102,0.000162782,0.000160681,0.000168535,0.000177576,0.00015365,0.000149038,0.000148901,0.00015365,0.00014922,0.000137942,0.000143421,0.000135568,0.000136983,0.000135157,0.000139814,0.000129038,0.000124335,0.000145476,0.000127805,0.000132463,0.000120591,0.000120728,0.000116344,0.000118719,0.000111048,0.000114016,0.000108719,0.000113513,0.000109313,0.000105386,0.000101139,0.000100272,0.000100683,9.57E-05,0.000101276,8.85E-05,8.74E-05,8.83E-05,8.16E-05,8.99E-05,8.93E-05,8.19E-05,7.68E-05,8.54E-05,8.02E-05,7.54E-05,7.23E-05,7.32E-05,7.19E-05,6.78E-05
B?NH,HNGK019,HNGK019,7.55E-05,7.38E-05,7.84E-05,7.52E-05,7.36E-05,8.03E-05,8.57E-05,8.56E-05,8.25E-05,8.78E-05,9.32E-05,9.21E-05,0.000100056,9.84E-05,9.69E-05,0.000100208,9.76E-05,0.000109253,0.000108847,0.000108644,0.000116469,0.000116215,0.000117689,0.000112607,0.000118959,0.000113827,0.000119569,0.000119671,0.000125209,0.000131714,0.000119061,0.000128665,0.000135881,0.000134153,0.000138777,0.000139082,0.000132374,0.000139133,0.000139997,0.00014147,0.000149957,0.000148991,0.000149855,0.000147568,0.000152243,0.000146857,0.000151329,0.000150719,0.000148331,0.000155902,0.000156664,0.000152447,0.000155241,0.000157071,0.000153463,0.000154378,0.000162051,0.000156512,0.00016637,0.000168708,0.000177753,0.000174297,0.000163728,0.000157985,0.000157884,0.000166624,0.000170791,0.000173383,0.000181564,0.000171604,0.000172011,0.000177753,0.000176991,0.000177346,0.000182275,0.000175364,0.00018258,0.000181462,0.000189898,0.000192794,0.000193302,0.000194014,0.00019127,0.000200162,0.000197825,0.000205244,0.000207226,0.000208801,0.00021495,0.000210122,0.000217338,0.000226383,0.000234107,0.000225062,0.000243457,0.000241831,0.000245439,0.000242949,0.000246201,0.000262818,0.000246862,0.000256263,0.000267391,0.000271507,0.000277199,0.000275776,0.000281061,0.000291427,0.000286295,0.000301133,0.000300117,0.000308247,0.000318867,0.000314497,0.000323136,0.00032649,0.000326947,0.000332283,0.000344377,0.0003458,0.000350068,0.00035266,0.000355963,0.000360079,0.000361095,0.000369226,0.000375832,0.000390924,0.000371716,0.000380405,0.000393058,0.000393515,0.000398191,0.000398902,0.000391686,0.000405864,0.000402307,0.000406626,0.000404644,0.000399817,0.000415824,0.000407337,0.000399918,0.000414604,0.0004081,0.000418822,0.000412216,0.000424106,0.000411199,0.000422989,0.000422328,0.000426037,0.000433304,0.000421718,0.000440367,0.000429188,0.000433253,0.000436251,0.00044611,0.000460033,0.000451344,0.000450581,0.000462116,0.000470806,0.000487727,0.000486203,0.00049098,0.000499415,0.000508206,0.000503785,0.000513694,0.000528888,0.000525839,0.000549977,0.000572894,0.000557802,0.000584887,0.000602926,0.000618425,0.000631637,0.000658773,0.000665734,0.000700543,0.000706183,0.000738756,0.000762995,0.000807154,0.000825041,0.000868488,0.000908277,0.000961379,0.00100005,0.001076781,0.001125462,0.001192996,0.00128233,0.001374459,0.001487472,0.001632195,0.001777172,0.001963411,0.002095226,0.002300978,0.002529648,0.002772089,0.003028301,0.003304687,0.003567047,0.003843026,0.004133742,0.004414955,0.004649418,0.004910356,0.005124492,0.005304227,0.005458655,0.0055954,0.005693067,0.005713241,0.005779759,0.005765784,0.005807504,0.005746627,0.005748101,0.005682854,0.00565333,0.005585339,0.005549107,0.005432892,0.005387158,0.005299247,0.005235575,0.005109705,0.005072407,0.004987951,0.004900244,0.004861065,0.004823563,0.004730977,0.004690274,0.00462147,0.004539961,0.004519178,0.004450933,0.004403522,0.004322827,0.004281412,0.00421962,0.004161436,0.004140958,0.004082164,0.004022964,0.004000656,0.00398597,0.003988308,0.003949942,0.003945115,0.003918233,0.003934291,0.003953957,0.003934189,0.003913203,0.003906851,0.003910306,0.003923772,0.003903954,0.003887541,0.003861422,0.003879563,0.00389684,0.003866808,0.003850039,0.003863657,0.003835048,0.00382519,0.003817365,0.003803898,0.003844449,0.003818228,0.00380527,0.003793024,0.003796429,0.00378906,0.003801002,0.003765787,0.003775797,0.003774527,0.00376721,0.003776051,0.003809641,0.003775797,0.003779354,0.003775543,0.003767819,0.003768785,0.003773003,0.003777119,0.003755929,0.003767769,0.003764364,0.003773511,0.003798055,0.003754861,0.003790178,0.003754557,0.003770157,0.003767108,0.00376975,0.003750136,0.003789619,0.003773257,0.003769191,0.003766346,0.003767769,0.003754506,0.003793939,0.003774934,0.003810301,0.003814163,0.003785706,0.0038102,0.003796124,0.003825088,0.003861676,0.003835099,0.003862794,0.00383825,0.003879105,0.003880325,0.003896078,0.003915642,0.003907613,0.003899533,0.00390558,0.003922451,0.003920622,0.003932665,0.003967778,0.003948367,0.003925906,0.003969455,0.003961884,0.003997709,0.004015799,0.003997201,0.004055994,0.004087246,0.004083638,0.004142076,0.004206307,0.004213268,0.004261899,0.004323995,0.004373845,0.004436094,0.004502256,0.004546059,0.004594283,0.004632242,0.004676909,0.004779811,0.004783114,0.004884084,0.004928853,0.005029467,0.005115854,0.00518664,0.005272518,0.005376944,0.005489856,0.005510335,0.005615472,0.005705416,0.005760398,0.005798256,0.005835503,0.005914267,0.005906442,0.005942877,0.005958172,0.005974433,0.005915182,0.00589074,0.005795969,0.005713851,0.005523039,0.005391223,0.005231764,0.005017068,0.004783978,0.004537319,0.00430743,0.003977586,0.003707806,0.003427965,0.003184813,0.002910866,0.002650233,0.002407589,0.002229227,0.002029572,0.001846332,0.001663294,0.001534782,0.001404745,0.001306772,0.001233954,0.001149701,0.001100664,0.001020173,0.000965749,0.000903551,0.000871791,0.0008225,0.000783423,0.000762843,0.000744854,0.000713247,0.000675542,0.000672391,0.000649321,0.000621372,0.000611971,0.000591849,0.000583057,0.000572234,0.000557904,0.00055206,0.00053153,0.000534122,0.000522892,0.000516032,0.000508613,0.000495604,0.000496773,0.000477209,0.000481579,0.000472229,0.000467808,0.000465572,0.000454799,0.000453478,0.000452614,0.00045236,0.000448396,0.000440825,0.000440266,0.000438436,0.000430306,0.000427765,0.000429188,0.000420194,0.000432288,0.000412825,0.000427918,0.000411657,0.000412368,0.00040937,0.000411809,0.000412775,0.000405,0.000406169,0.000405864,0.000401443,0.00039753,0.000390873,0.000397022,0.000390924,0.000378372,0.000389349,0.000386808,0.000372376,0.000382539,0.00037695,0.000379694,0.000379592,0.000365415,0.000356928,0.000353574,0.000357386,0.000345851,0.000359317,0.000339702,0.000338635,0.000328218,0.000328929,0.000329386,0.000315615,0.000312109,0.000303623,0.000301336,0.000293561,0.000291834,0.000280756,0.000280248,0.000276995,0.0002773,0.000271101,0.000258753,0.000254281,0.000255246,0.000253315,0.000246709,0.000247319,0.000247116,0.000241526,0.000237969,0.000228213,0.000222775,0.000226231,0.000214137,0.000210021,0.000206921,0.000215915,0.000204024,0.000200467,0.000209665,0.000207226,0.000208953,0.000201433,0.000193607,0.000202449,0.000199857,0.00019193,0.000186849,0.000189542,0.000184714,0.000177397,0.000180344,0.000182377,0.000187611,0.000186645,0.00019066,0.000190558,0.000174246,0.000170537,0.000172976,0.000176991,0.000174755,0.000163626,0.000164439,0.000157782,0.000171147,0.00015829,0.00016576,0.000164795,0.000162203,0.000157274,0.000182783,0.000163677,0.000160272,0.000164439,0.000160018,0.000168352,0.000180802,0.000161543,0.000155191,0.00014579,0.000160018,0.000157122,0.000145739,0.000151532,0.000137304,0.000143757,0.000138422,0.000149296,0.000129834,0.000131409,0.000147822,0.000133543,0.000133238,0.000125362,0.000127242,0.000116164,0.000120077,0.00011276,0.000113878,0.000113065,0.000115504,0.000109914,0.00011027,0.000104426,0.000104019,0.000100869,9.99E-05,0.000100411,8.74E-05,9.18E-05,8.89E-05,8.61E-05,8.79E-05,9.14E-05,8.63E-05,8.25E-05,8.66E-05,8.01E-05,7.60E-05,6.98E-05,6.94E-05,7.35E-05,6.65E-05
,HNGK020,#N/A,7.63E-05,7.64E-05,8.02E-05,7.53E-05,8.00E-05,8.30E-05,8.88E-05,8.99E-05,8.74E-05,9.03E-05,9.37E-05,9.33E-05,9.77E-05,0.000106724,0.000100275,0.000100215,0.000106394,0.000107564,0.000114163,0.000111283,0.000117132,0.000117402,0.000119832,0.000120822,0.000116592,0.000119592,0.000119292,0.000123401,0.00013165,0.00013048,0.00012889,0.000135819,0.00013327,0.000135789,0.000138609,0.000140019,0.000134379,0.000140469,0.000144998,0.000151537,0.000156366,0.000154926,0.000152407,0.000151297,0.000147427,0.000152617,0.000151357,0.000157446,0.000152947,0.000156846,0.000165275,0.000156066,0.000156426,0.000164435,0.000154866,0.000154986,0.000165575,0.000161285,0.000163535,0.000170524,0.000172924,0.000171094,0.000170764,0.000162935,0.000169624,0.000169444,0.000174213,0.000172624,0.000185312,0.000173733,0.000178773,0.000182282,0.000182552,0.000180662,0.000186991,0.000183632,0.000182732,0.000186991,0.000192661,0.00019434,0.00019665,0.000203549,0.00019875,0.000202949,0.000202529,0.000209638,0.000215577,0.000210208,0.000219596,0.000230035,0.000221126,0.000220676,0.000227395,0.000234534,0.000242063,0.000251781,0.000250552,0.000253341,0.000256011,0.000263,0.000254601,0.00026306,0.000275808,0.000275328,0.000284057,0.000293595,0.000288436,0.000288766,0.000296025,0.000307903,0.000306013,0.000314112,0.00032773,0.000316722,0.00032536,0.000331029,0.000341228,0.000347407,0.000360125,0.000356286,0.000365074,0.000359885,0.000364864,0.000363694,0.000376412,0.000374133,0.000376472,0.000396689,0.000384541,0.000384841,0.00039258,0.000386701,0.000410427,0.000416186,0.000401579,0.000404728,0.000405718,0.000414897,0.000417536,0.000414057,0.000423895,0.000410517,0.000415556,0.000415706,0.000410367,0.000433284,0.000422845,0.000434364,0.000420416,0.000426205,0.000425695,0.000429174,0.000440243,0.000434933,0.000447142,0.000438713,0.000439673,0.00045512,0.000450231,0.00045821,0.000467898,0.000468138,0.000468498,0.000483676,0.000484576,0.000492075,0.000497774,0.000510942,0.000516311,0.000514481,0.000539947,0.000535058,0.000533678,0.000555515,0.000581131,0.000579751,0.00058836,0.000606717,0.000624774,0.000638872,0.0006563,0.000675047,0.000688785,0.000712631,0.000736297,0.000763263,0.000808376,0.000825414,0.000876406,0.000909071,0.000960693,0.001001457,0.001059558,0.001124138,0.001213134,0.001301321,0.001382249,0.001519568,0.001638589,0.001781667,0.00195888,0.002133514,0.002315076,0.002541571,0.002792093,0.003038955,0.003305134,0.003582652,0.003877267,0.004165673,0.004439171,0.00470625,0.004954312,0.005117487,0.005322956,0.00549459,0.005626449,0.005722375,0.005778526,0.005783175,0.005836957,0.005806092,0.005809481,0.005773427,0.005737762,0.005694479,0.005601733,0.005548731,0.005453496,0.005386696,0.00529596,0.005248057,0.005140074,0.005069225,0.00497081,0.00490305,0.004814564,0.004758232,0.004694282,0.004650939,0.004570041,0.0045084,0.004469586,0.004405966,0.004349725,0.004294053,0.004198998,0.004169632,0.004156944,0.004078986,0.004025834,0.004008137,0.003962544,0.003910232,0.003908792,0.003904113,0.003874567,0.003868808,0.003897214,0.003906003,0.003888335,0.003883746,0.003860619,0.003880566,0.003873488,0.003863439,0.003876937,0.003869768,0.003845412,0.003878017,0.003834463,0.003832424,0.003831374,0.003811517,0.003804708,0.003803598,0.003783561,0.003808068,0.003797749,0.003774293,0.003786771,0.003783261,0.003759355,0.003798499,0.003753386,0.003748137,0.003752966,0.003764424,0.003741718,0.003760945,0.003762864,0.003776752,0.003748197,0.003734429,0.00372558,0.003760435,0.0037272,0.003754706,0.003740458,0.003764574,0.003745347,0.003774743,0.003751556,0.003788151,0.003739408,0.003759715,0.003737578,0.003740608,0.003735749,0.003741388,0.003765834,0.003742977,0.003752456,0.003765054,0.003744117,0.003774413,0.003748707,0.00378956,0.003782421,0.003785391,0.003774653,0.003799879,0.003803178,0.003845052,0.003852521,0.003838213,0.003838513,0.003842682,0.003870668,0.00385906,0.003875767,0.003875887,0.003876157,0.003873248,0.003879817,0.003880956,0.003888485,0.003919261,0.003902433,0.003890705,0.003914161,0.003918421,0.003936628,0.003969623,0.003984621,0.003973732,0.004015486,0.004037712,0.004093594,0.004136037,0.004176591,0.004246031,0.004261478,0.004323719,0.004389079,0.004434852,0.004521718,0.004548984,0.004593497,0.004684024,0.004739425,0.00477014,0.004851848,0.004919098,0.005008874,0.005109688,0.005199855,0.005305918,0.005379557,0.005468554,0.005563849,0.005642047,0.005717036,0.005807202,0.005833358,0.00588144,0.005923014,0.005981715,0.005973916,0.00601303,0.006026828,0.005956549,0.005890319,0.005829728,0.005738272,0.005640607,0.005461655,0.005269234,0.005043399,0.004818313,0.004580179,0.004310731,0.004009277,0.00372831,0.003446353,0.003174534,0.002905626,0.002676521,0.002435178,0.002227609,0.002030719,0.001844388,0.001684842,0.001539515,0.001414644,0.001325047,0.001233861,0.001166012,0.00110836,0.001037001,0.000972781,0.000921159,0.000887564,0.000841131,0.000800068,0.000761074,0.000742296,0.000713111,0.000691934,0.000670427,0.00065333,0.000635423,0.000632363,0.000611696,0.000598558,0.00058698,0.000565084,0.000553685,0.000538778,0.000542887,0.00052114,0.00052069,0.000513461,0.000510342,0.000498404,0.000498164,0.000480616,0.000484336,0.000476237,0.000471888,0.00045878,0.000462379,0.00045923,0.00045686,0.000448431,0.000448521,0.000442762,0.000435863,0.000442222,0.000433194,0.000434334,0.000432084,0.000426115,0.000420446,0.000426565,0.000423925,0.000419186,0.000427075,0.000415736,0.000413877,0.000414627,0.000405988,0.000412227,0.000407338,0.000405088,0.000403768,0.000396869,0.000395549,0.00039309,0.00039507,0.00039174,0.00038919,0.000388261,0.000385141,0.000388411,0.000381962,0.000372423,0.000369753,0.000367174,0.000357185,0.000350346,0.000367474,0.000347707,0.000345937,0.000334959,0.000332649,0.000334839,0.000321371,0.000318551,0.000310093,0.000308683,0.000307273,0.000301994,0.000303464,0.000286876,0.000284267,0.000282377,0.000269989,0.000267289,0.000254541,0.00025829,0.00026126,0.000255411,0.000250372,0.000247222,0.000245842,0.000242033,0.000231025,0.000228775,0.000229585,0.000220616,0.000215547,0.000217587,0.000213447,0.000215727,0.000205229,0.000215187,0.000208918,0.000208018,0.000206848,0.000203909,0.000203399,0.00019803,0.00019476,0.000190141,0.000192631,0.000188041,0.000183062,0.000185132,0.000187351,0.000188341,0.000187801,0.0001941,0.000187171,0.000175953,0.000181742,0.000178533,0.000179792,0.000172984,0.000168394,0.000167134,0.000169534,0.000171904,0.000160865,0.000170974,0.000166984,0.000166595,0.000163775,0.000187741,0.000166595,0.000162215,0.000169864,0.000166984,0.000178653,0.000191221,0.000162725,0.000160955,0.000158106,0.000165215,0.000155886,0.000151507,0.000159696,0.000142088,0.000145238,0.000143258,0.000154386,0.00013339,0.000141368,0.000151537,0.000138399,0.000135279,0.00013384,0.000124751,0.000120732,0.000122231,0.000119922,0.000117852,0.000115152,0.000123491,0.000113683,0.000111133,0.000111583,0.000105584,0.000106994,0.000100785,0.000102314,9.48E-05,9.44E-05,9.03E-05,8.49E-05,9.36E-05,9.65E-05,8.77E-05,8.61E-05,9.19E-05,8.87E-05,8.12E-05,7.57E-05,7.47E-05,7.59E-05,7.08E-05
B?NH,HNGK021,HNGK021,7.27E-05,7.30E-05,7.61E-05,7.57E-05,7.48E-05,8.05E-05,8.41E-05,8.42E-05,8.53E-05,9.16E-05,9.22E-05,9.21E-05,9.67E-05,0.000102446,9.79E-05,9.83E-05,0.000103711,0.000107504,0.000111091,0.000107143,0.000113929,0.000113723,0.000117413,0.000114626,0.000119426,0.000118058,0.000121619,0.000120561,0.000129929,0.000132561,0.000129671,0.000133386,0.000131374,0.000134496,0.000134186,0.00014296,0.000132845,0.000141567,0.00014278,0.000143683,0.000157282,0.000150134,0.000148792,0.000149566,0.000152353,0.000151115,0.00014985,0.00015225,0.000147476,0.000160817,0.000162546,0.000157669,0.000153747,0.000158675,0.000153721,0.000152689,0.000163036,0.000158546,0.000163217,0.000173642,0.000174855,0.000164765,0.000168662,0.000161256,0.000163191,0.000165849,0.00016972,0.000171423,0.000173823,0.000172791,0.000174339,0.00018079,0.0001771,0.000177745,0.000182623,0.000173952,0.000181874,0.000184919,0.000183061,0.0001907,0.00018879,0.000193951,0.00019119,0.000201305,0.000203009,0.000210208,0.000209047,0.000209511,0.000215498,0.000220891,0.000214182,0.000217072,0.000230388,0.00022724,0.000236142,0.000241045,0.000244968,0.000253199,0.000251935,0.000254025,0.000249561,0.000260838,0.000268244,0.000272579,0.000279598,0.000285017,0.000286591,0.000282591,0.000284295,0.000303932,0.000301481,0.000306977,0.000319673,0.000310977,0.000319519,0.000328679,0.000329092,0.000339182,0.000349169,0.000348085,0.000358691,0.000348472,0.000358691,0.000353323,0.000363877,0.00036651,0.000373064,0.000384392,0.000373141,0.000384367,0.000389863,0.000386379,0.000396598,0.000401604,0.000388444,0.000397476,0.000392805,0.000401321,0.000402869,0.00040225,0.000408985,0.000404727,0.000403282,0.000412288,0.000408056,0.000417036,0.000406249,0.000415384,0.000414146,0.000418016,0.000415126,0.000411488,0.000424777,0.000426997,0.000427126,0.000431332,0.000428674,0.000441602,0.000442299,0.000451382,0.000448415,0.000451847,0.000463666,0.000464259,0.000471536,0.000480129,0.000482658,0.000489239,0.000506321,0.000509599,0.00052503,0.00052134,0.000526191,0.000547119,0.000563583,0.00057375,0.000576615,0.000594059,0.000622031,0.000629799,0.000653591,0.000669693,0.000689434,0.000710595,0.000738619,0.000764914,0.00080388,0.000825324,0.000882043,0.00091448,0.000981187,0.001005908,0.001073646,0.00114301,0.001228554,0.001308885,0.001405396,0.001529364,0.001657151,0.001821916,0.001993365,0.002175962,0.002377629,0.002606236,0.002877654,0.003154155,0.003423147,0.003699287,0.003993956,0.004300649,0.004562106,0.004863122,0.005098619,0.005285835,0.005480973,0.005652061,0.005795589,0.005883326,0.00590428,0.005918679,0.005963735,0.005923401,0.005909286,0.005868411,0.005835535,0.00576439,0.005684008,0.005619547,0.005548247,0.005449543,0.005361547,0.005249708,0.005163519,0.0050932,0.005008818,0.00495184,0.004856232,0.004779204,0.004709659,0.004658023,0.004579834,0.004532585,0.004440332,0.004395741,0.004349524,0.004278069,0.004211028,0.00414716,0.00410533,0.004054804,0.00399331,0.003951197,0.00392934,0.003889832,0.003853447,0.003847331,0.003859201,0.003835151,0.003854092,0.003838351,0.003842118,0.00384297,0.003807798,0.003826042,0.003804804,0.003827126,0.00380083,0.003798947,0.003788495,0.003776935,0.00378176,0.003760574,0.003774019,0.003725221,0.003746278,0.003732989,0.003719544,0.003740343,0.003720189,0.00373464,0.00372197,0.003701145,0.003698023,0.003729531,0.003682566,0.003687649,0.00370179,0.003697094,0.003716654,0.003703494,0.003692243,0.003688475,0.003665741,0.003683314,0.003690333,0.003675185,0.003679159,0.003680579,0.003688372,0.003702797,0.003700913,0.003699649,0.003688656,0.00374873,0.003677147,0.003698281,0.003699391,0.003690359,0.003686049,0.003696552,0.003692294,0.003678488,0.003697739,0.003693275,0.003675289,0.003689507,0.003705739,0.003708629,0.003712706,0.003697868,0.003736679,0.003741866,0.003722873,0.003750665,0.003756136,0.003764755,0.003743104,0.003760213,0.003788831,0.003795953,0.003804546,0.003795205,0.003812391,0.003837938,0.003809785,0.003839822,0.003841757,0.003857731,0.003869188,0.003866066,0.003844002,0.003874581,0.003903354,0.00391605,0.003918605,0.003937675,0.003966241,0.004013051,0.004056843,0.004087344,0.004157844,0.004204706,0.004270715,0.004334944,0.004374813,0.004452641,0.004501335,0.004562751,0.004626128,0.004656191,0.004742174,0.004791384,0.004874709,0.004967401,0.005050028,0.00514801,0.005217916,0.005350554,0.005442446,0.005560917,0.005629791,0.00574145,0.005794737,0.005874939,0.005954316,0.006000946,0.006063265,0.006092812,0.006123546,0.006186845,0.006169814,0.006119752,0.006050543,0.005989875,0.005904022,0.005791976,0.00561983,0.005437956,0.00520362,0.004986393,0.004712059,0.004467298,0.004150592,0.003858427,0.003564094,0.003288832,0.003013595,0.002732423,0.002498629,0.002315748,0.002083941,0.001893396,0.001703058,0.001583322,0.001450994,0.001353786,0.001272294,0.001175963,0.001109257,0.001032023,0.000979561,0.000915616,0.000882637,0.000842717,0.00078432,0.000764527,0.000732658,0.000697563,0.000687576,0.000664326,0.000651475,0.000627141,0.000610909,0.000596149,0.000581466,0.000567454,0.000558499,0.000536255,0.000521108,0.000524927,0.000501186,0.000506838,0.000509057,0.000492954,0.000483484,0.000481342,0.000471717,0.000462143,0.000463046,0.000465782,0.00044617,0.000451176,0.000439667,0.000443176,0.000436235,0.000436286,0.000433035,0.00042581,0.000429732,0.000421732,0.000424029,0.000414094,0.000414249,0.000408727,0.000410533,0.000410843,0.000412185,0.000409965,0.000406224,0.00039954,0.000403901,0.000406972,0.000388134,0.000400417,0.000400959,0.00039763,0.000390689,0.000385941,0.000388599,0.000381167,0.000379206,0.000375877,0.000385734,0.000373941,0.000378535,0.000370974,0.000367103,0.00036269,0.000363,0.000358639,0.000353555,0.0003558,0.000336137,0.000338408,0.000329789,0.000327518,0.000325557,0.000321996,0.000308913,0.000300681,0.000301094,0.000299287,0.000295933,0.00028574,0.000283159,0.000280837,0.000274231,0.000271753,0.000258231,0.000259135,0.000256425,0.000253845,0.000247858,0.00024778,0.000243419,0.000240529,0.000236865,0.000224401,0.000225124,0.00022262,0.000215034,0.000211524,0.000205099,0.000217072,0.000210234,0.000206183,0.000209718,0.00020737,0.000205641,0.00019617,0.000196764,0.000197254,0.0001915,0.000191938,0.000186287,0.000186519,0.000185539,0.000182132,0.000181487,0.0001835,0.000182726,0.00018301,0.00018928,0.00018848,0.000172636,0.000174829,0.000177178,0.00017452,0.000169256,0.000169359,0.000164559,0.000164894,0.000165204,0.000160327,0.000164095,0.000164043,0.000165514,0.000161488,0.00018688,0.000167527,0.000162727,0.000165772,0.000166701,0.000177616,0.000185926,0.000159372,0.000157076,0.000152405,0.000162211,0.00015625,0.000147889,0.000159037,0.000143502,0.000140922,0.000140534,0.00015563,0.000136922,0.000138522,0.000150882,0.000137748,0.000134006,0.000135399,0.000126909,0.000121929,0.00012131,0.000114807,0.000118342,0.000118652,0.000118368,0.000115529,0.000115839,0.000109801,0.000105104,0.000102627,9.72E-05,0.000104278,9.26E-05,9.16E-05,8.72E-05,8.78E-05,9.03E-05,9.33E-05,8.83E-05,8.08E-05,8.67E-05,8.34E-05,7.87E-05,7.22E-05,7.24E-05,7.36E-05,6.99E-05
B?NH,HNGK022,HNGK022,7.66E-05,7.17E-05,8.20E-05,7.78E-05,7.53E-05,7.80E-05,8.92E-05,8.60E-05,8.42E-05,9.01E-05,9.07E-05,9.58E-05,9.55E-05,0.000102714,9.46E-05,9.94E-05,9.82E-05,0.00011322,0.000111432,0.000106951,0.000113514,0.000115424,0.00011349,0.000118339,0.000114077,0.000113759,0.000120127,0.000116967,0.000131907,0.000133009,0.000127572,0.000130584,0.00013438,0.000137539,0.000134233,0.00014016,0.000132421,0.000139033,0.000140895,0.000145597,0.000155222,0.000149956,0.000146577,0.000147164,0.00015216,0.00014883,0.000150275,0.000152087,0.000148585,0.000158381,0.000161026,0.000154414,0.000155956,0.000159434,0.000156422,0.00015172,0.000159752,0.000159042,0.000159214,0.000167565,0.000177606,0.000169671,0.000166194,0.000161467,0.000162373,0.000167271,0.000169377,0.000168324,0.000176112,0.000170308,0.000177729,0.000174104,0.000173688,0.0001803,0.000182308,0.000174716,0.00018128,0.000181941,0.000191419,0.000192986,0.000190268,0.000200799,0.000194554,0.000203591,0.00020124,0.000206873,0.000211036,0.000208611,0.00021564,0.000220391,0.000218114,0.000216277,0.000227739,0.000228081,0.000237069,0.000242041,0.000248384,0.00024618,0.000247086,0.000258793,0.000251666,0.000260336,0.00027094,0.000271552,0.000279904,0.000283332,0.000280712,0.000281912,0.00028703,0.000302166,0.000299006,0.000307431,0.000310101,0.000313848,0.000324379,0.000327881,0.000326779,0.000334542,0.000344241,0.000351759,0.000356584,0.000349065,0.000359621,0.000357882,0.00035607,0.000368045,0.000370103,0.000390577,0.000383181,0.000378111,0.00039163,0.000389622,0.000397018,0.000397508,0.000391091,0.000395695,0.000395328,0.000408357,0.00040003,0.000399908,0.000399687,0.000411247,0.000407255,0.000401769,0.000407451,0.000418227,0.000410733,0.000416414,0.000416782,0.00041688,0.000419549,0.000418962,0.000429884,0.000423492,0.000436717,0.000428097,0.000430007,0.000435076,0.000443109,0.00045315,0.000455404,0.000460645,0.000462628,0.000466865,0.000481951,0.000481927,0.000486384,0.000502156,0.000508475,0.000512614,0.000518908,0.000529365,0.000539407,0.000552827,0.000573351,0.000568599,0.000584371,0.000591988,0.000618536,0.000629508,0.000651231,0.000664407,0.000697763,0.000706531,0.000743977,0.00076499,0.000791783,0.00081593,0.000874855,0.000905076,0.000971495,0.001023758,0.001067523,0.001128358,0.001193111,0.001296168,0.001376154,0.001522167,0.001643273,0.001787891,0.001958052,0.002150058,0.002333812,0.002573673,0.00281133,0.003071005,0.003356492,0.00363162,0.003896168,0.004193019,0.004464719,0.004715846,0.004970255,0.00519645,0.005337467,0.005522715,0.005657585,0.005761253,0.005782119,0.005823019,0.005823215,0.005813174,0.005810357,0.00576309,0.005762894,0.005662679,0.005641592,0.005548552,0.005462639,0.005411723,0.005333181,0.005213936,0.00515489,0.005084258,0.004986418,0.00490244,0.004849663,0.004787628,0.004708254,0.004678032,0.004623344,0.004553546,0.004479144,0.004448016,0.004350617,0.004321399,0.004247854,0.004198407,0.004151532,0.004083203,0.004072133,0.00401005,0.003984261,0.003951737,0.003933125,0.003922104,0.003913189,0.003907287,0.00389754,0.003896315,0.00392519,0.003899719,0.003891074,0.003892544,0.003879539,0.003870282,0.003842632,0.003853701,0.003848877,0.003845179,0.003827398,0.003823676,0.003835627,0.003803936,0.003795781,0.003779911,0.003775699,0.003783046,0.00378956,0.003779127,0.003769184,0.003762719,0.003751992,0.003797961,0.003754931,0.003745526,0.003753216,0.003735779,0.003726742,0.003762253,0.00374271,0.003743591,0.003744571,0.003740946,0.003733673,0.003750914,0.003746702,0.003737689,0.003750302,0.003751233,0.003730489,0.003757845,0.003746726,0.003792009,0.003729607,0.003747192,0.003760294,0.003734383,0.003741853,0.003767274,0.003755665,0.003738057,0.003741853,0.003743812,0.003758849,0.003761004,0.003735926,0.003777315,0.003749567,0.003780278,0.003781307,0.003790197,0.003793552,0.00382081,0.003829823,0.003817994,0.003799846,0.003839693,0.003856199,0.003856885,0.00387971,0.003849465,0.003883629,0.003862494,0.003888601,0.003890829,0.003886788,0.003933688,0.003932316,0.003923573,0.003949705,0.003962636,0.003932145,0.003974881,0.003977771,0.003994033,0.004028467,0.00405908,0.004122976,0.004150846,0.004190742,0.004230661,0.004292206,0.004341971,0.004417648,0.004481715,0.00453437,0.004606372,0.004649647,0.00469711,0.004742785,0.004787848,0.004883558,0.004929061,0.005020901,0.005116023,0.00519645,0.005281506,0.005380546,0.005503832,0.00554892,0.005651609,0.005729636,0.005786307,0.005835313,0.005888605,0.005946893,0.005978559,0.006005254,0.00602852,0.00601963,0.005968689,0.005923749,0.005868914,0.005753074,0.005633363,0.005475203,0.005302005,0.00507963,0.004845426,0.00459954,0.004336706,0.004044924,0.003791275,0.003488129,0.003229802,0.002937139,0.002692502,0.002446959,0.002250005,0.002039532,0.00185453,0.001688532,0.001562552,0.001424523,0.001329891,0.001240304,0.001171633,0.00111359,0.001046902,0.000960278,0.000912007,0.000889427,0.000828959,0.000783431,0.000762982,0.000737046,0.000704547,0.000685787,0.00066519,0.000654562,0.000629116,0.000626054,0.000598356,0.000585229,0.000579669,0.00056015,0.000546337,0.000527896,0.000528655,0.000516361,0.00050921,0.000502891,0.000500687,0.000492556,0.000476441,0.000481633,0.000475927,0.000467429,0.000456555,0.000444211,0.000451314,0.000444995,0.000444358,0.00044355,0.00043537,0.000437476,0.000431991,0.000431599,0.000424594,0.000418643,0.000419304,0.000420578,0.000409484,0.000413867,0.000417051,0.000417957,0.000414676,0.000403116,0.000403704,0.000403263,0.000408014,0.000392316,0.00039981,0.000403043,0.000393173,0.000392414,0.000385728,0.000387369,0.000381564,0.000380364,0.00038492,0.000381515,0.000380536,0.000369197,0.000376887,0.000368854,0.000361139,0.000358886,0.000356976,0.00035002,0.000361311,0.000336257,0.000339881,0.000329179,0.000331897,0.000326534,0.000319187,0.000309366,0.00029979,0.000304713,0.000296459,0.000296533,0.000285904,0.000280687,0.000282451,0.000272899,0.000271675,0.000263446,0.000253184,0.000255878,0.000252303,0.0002428,0.000247845,0.000247307,0.000240988,0.000238098,0.00022933,0.000222155,0.00022791,0.000222791,0.00021275,0.000213387,0.000212358,0.000208832,0.000206775,0.000208366,0.000203591,0.000210718,0.000203174,0.000194774,0.000202023,0.000197052,0.000191909,0.000184513,0.000185443,0.000181035,0.000179712,0.000178316,0.000183949,0.000181304,0.000181059,0.000190047,0.000188113,0.000173418,0.000177165,0.000173835,0.000175794,0.000173957,0.000164798,0.000165091,0.000161246,0.000167859,0.000160316,0.000163916,0.000166561,0.000161834,0.000155956,0.000187304,0.000169402,0.000156005,0.000166414,0.000160095,0.000176431,0.000178218,0.000160732,0.000156961,0.000153116,0.000167736,0.000161834,0.000146307,0.000156961,0.000138593,0.000139719,0.000139205,0.000154879,0.000137662,0.000132127,0.000148756,0.000131466,0.00013367,0.000126176,0.000126102,0.000119318,0.000121816,0.000113073,0.000116159,0.000114984,0.000120127,0.000113392,0.000111261,0.000105922,0.00010553,0.000107391,0.000101906,0.000108396,9.48E-05,8.78E-05,9.11E-05,8.75E-05,8.88E-05,9.58E-05,8.42E-05,7.91E-05,8.90E-05,8.15E-05,7.98E-05,7.24E-05,7.40E-05,7.18E-05,6.99E-05
,HNGK023,#N/A,7.57E-05,7.51E-05,8.35E-05,7.81E-05,7.70E-05,8.14E-05,9.04E-05,9.04E-05,8.73E-05,9.47E-05,9.27E-05,0.000100355,9.72E-05,0.000110684,0.000103073,0.000102203,0.000100953,0.000111581,0.000112886,0.000112043,0.00011892,0.000117153,0.00011593,0.000117398,0.000120796,0.000116664,0.000118241,0.000124737,0.000134115,0.000136289,0.000132919,0.000133952,0.000133897,0.000139959,0.000134088,0.000137649,0.000132919,0.000137214,0.000144689,0.000145069,0.000150397,0.000149364,0.00015249,0.000150016,0.000147488,0.000151076,0.000146782,0.000146727,0.000149174,0.000154257,0.000161134,0.000155317,0.000151321,0.000157491,0.000148249,0.00015635,0.000160617,0.000157111,0.000163227,0.000172332,0.000178747,0.000173039,0.000165483,0.0001629,0.000159041,0.00016744,0.000169913,0.000172305,0.000177443,0.000170022,0.000173637,0.000179889,0.000183232,0.000176981,0.000180297,0.000178693,0.000181493,0.000181248,0.000194404,0.000196579,0.000193969,0.000199025,0.000191713,0.000206554,0.000206908,0.000213377,0.000215198,0.000212235,0.000220635,0.000224929,0.000220526,0.000225799,0.000233736,0.000232486,0.000242516,0.000247463,0.000254639,0.000248904,0.000252247,0.000263854,0.000256161,0.000264288,0.00027652,0.000278206,0.000289676,0.000285191,0.000289024,0.000289078,0.000293128,0.000303077,0.000308105,0.000311721,0.000320256,0.000316342,0.000322811,0.000332895,0.000342164,0.000343931,0.00035282,0.000359751,0.00036111,0.000358528,0.000366329,0.000359506,0.00037307,0.000375299,0.000375,0.000397588,0.000384731,0.000391662,0.000397805,0.000394054,0.000401774,0.000402263,0.000399164,0.000408379,0.000404247,0.000412103,0.000410526,0.000409276,0.000421535,0.000413109,0.000410418,0.000423084,0.000415175,0.000435452,0.000419687,0.00043075,0.000429581,0.000419578,0.000431511,0.00042409,0.000438605,0.000435479,0.000440019,0.00043567,0.000436105,0.00044097,0.000458883,0.000460867,0.000462851,0.000461655,0.000470136,0.0004781,0.000482694,0.000489816,0.000492615,0.000514007,0.000513627,0.00051746,0.000528142,0.000540156,0.00054437,0.000560679,0.000577504,0.000584136,0.000588268,0.000615885,0.000631895,0.00063127,0.000655407,0.000670602,0.00070129,0.000729369,0.000749864,0.000776502,0.000807109,0.000837797,0.000881641,0.000922713,0.000978435,0.001028504,0.001070065,0.00115634,0.001213204,0.001303339,0.001398095,0.001517695,0.001655588,0.001800113,0.001982748,0.002144942,0.002356198,0.002574794,0.002818588,0.003089101,0.003358037,0.003631323,0.003914883,0.004199477,0.004428619,0.004695598,0.004960349,0.00514138,0.005331,0.005481261,0.005612467,0.005686809,0.005735465,0.005778303,0.005797711,0.005773302,0.005745848,0.005703064,0.005687081,0.005604557,0.005556609,0.005490747,0.005438667,0.005358426,0.005263888,0.005158287,0.005101885,0.005006585,0.004931482,0.004871437,0.004794377,0.004726857,0.004666296,0.004631042,0.004574775,0.004521363,0.004423645,0.004397577,0.00434827,0.004277053,0.004234623,0.004155496,0.00413916,0.004090505,0.004046226,0.004003523,0.003975526,0.003925267,0.003918036,0.003904581,0.003892051,0.00390575,0.003889767,0.003923527,0.003902135,0.003911458,0.003912981,0.003879683,0.00387373,0.003886207,0.003864108,0.003858236,0.003857149,0.003855654,0.003845135,0.003840595,0.003821514,0.003824123,0.003809173,0.003803438,0.00379618,0.003790037,0.003801508,0.003789032,0.003805286,0.003780904,0.003782019,0.003789358,0.003779355,0.003761551,0.003769189,0.003760545,0.003760545,0.003795881,0.003760355,0.00377294,0.003757338,0.00376503,0.003763345,0.003747253,0.003742333,0.003756223,0.003759866,0.003767775,0.003780007,0.003779708,0.003782508,0.003788325,0.003762801,0.003778675,0.003766634,0.003773783,0.003757256,0.003772858,0.003762122,0.00377082,0.003753777,0.003778458,0.003763454,0.003760409,0.003764106,0.003772342,0.003808439,0.003779844,0.003793598,0.003803492,0.003804226,0.003835621,0.00384576,0.003849402,0.003840025,0.003845842,0.003869626,0.003858834,0.003885989,0.003886777,0.003882999,0.003895666,0.003886098,0.003898547,0.003912627,0.003943044,0.003932687,0.003936275,0.00394337,0.003941195,0.003958211,0.003979739,0.003970062,0.003986698,0.004015701,0.004045193,0.004114588,0.004127309,0.004183494,0.004216574,0.004289503,0.004346068,0.004414158,0.00446159,0.004481025,0.004568741,0.004611743,0.004650966,0.004721013,0.004751212,0.004818868,0.004875515,0.004971249,0.005061329,0.005159102,0.005254972,0.005349076,0.005462804,0.005496727,0.005610265,0.005679851,0.005720705,0.005795183,0.005838565,0.005872379,0.005921361,0.005924297,0.005978415,0.005956833,0.005893527,0.005867269,0.005804153,0.005724592,0.00557656,0.005452747,0.005256467,0.005064917,0.00482569,0.004592199,0.004326062,0.004050955,0.003771146,0.003492234,0.003229087,0.002962705,0.002704098,0.002472156,0.002265438,0.002068833,0.001877745,0.001698318,0.001573852,0.001440798,0.001337153,0.001253515,0.001183848,0.001139107,0.001055604,0.000976342,0.000923256,0.000899853,0.000846142,0.000806402,0.000772832,0.000759595,0.000716131,0.00069898,0.000682263,0.000664785,0.00064361,0.000631976,0.000618603,0.000596912,0.000578075,0.000576526,0.000563207,0.000544696,0.00053877,0.000518846,0.000523385,0.000514361,0.000515611,0.00049971,0.000494246,0.000480819,0.000484216,0.000470408,0.000473507,0.000459291,0.000465705,0.00045312,0.000451136,0.000456382,0.000443743,0.000449723,0.000441486,0.000444259,0.000431592,0.00043113,0.000433359,0.000422976,0.000412157,0.000420692,0.000419388,0.000429064,0.000420774,0.00041406,0.000410934,0.000408705,0.000409303,0.000403568,0.000409249,0.000413979,0.000399083,0.000401339,0.000387476,0.000387259,0.000394136,0.000393021,0.000392994,0.000384432,0.000383535,0.000378588,0.000382665,0.000377229,0.000369047,0.000369509,0.000365894,0.00035388,0.000366465,0.000346187,0.000348878,0.000340343,0.000332841,0.00032118,0.000324007,0.000317048,0.00030044,0.00031009,0.000309274,0.000300576,0.000291742,0.000288725,0.000290356,0.000277417,0.000274101,0.00026736,0.000257819,0.000256215,0.000261326,0.000252899,0.00025328,0.000249719,0.000247626,0.000242489,0.000233899,0.000228572,0.000233791,0.00022444,0.000217101,0.000214491,0.000215225,0.000208974,0.000203428,0.000207913,0.000207669,0.00020824,0.000201743,0.00019734,0.000205277,0.000192257,0.000194948,0.000186494,0.000184483,0.000186902,0.000183586,0.000188261,0.000184129,0.000186793,0.000182743,0.000191333,0.000188587,0.000176301,0.000174616,0.000171843,0.000178992,0.000170865,0.000163363,0.000165809,0.000165809,0.000165863,0.000161813,0.000167739,0.000160862,0.000169478,0.000157002,0.000181384,0.000161134,0.00015847,0.000165102,0.000162139,0.000169805,0.000176111,0.000159747,0.000157437,0.000154012,0.00016358,0.000158823,0.000146238,0.000155181,0.000140312,0.000139959,0.000140802,0.000151267,0.000135121,0.000138274,0.000151973,0.000136969,0.000130174,0.000134115,0.00012857,0.000124058,0.000122834,0.00011661,0.000118241,0.000118975,0.000122427,0.000117344,0.000114381,0.000111391,0.000104704,0.000107531,9.98E-05,0.000113946,9.87E-05,9.11E-05,9.00E-05,8.85E-05,9.06E-05,0.0001006,9.02E-05,8.49E-05,9.19E-05,8.90E-05,8.27E-05,7.91E-05,7.76E-05,7.59E-05,7.02E-05
B?NH,HNGK024,HNGK024,7.11E-05,7.06E-05,7.68E-05,7.38E-05,7.45E-05,8.26E-05,8.49E-05,8.56E-05,8.53E-05,9.02E-05,8.92E-05,9.29E-05,9.34E-05,9.96E-05,9.80E-05,9.54E-05,0.000100308,0.000111427,0.000110759,0.000108808,0.000116238,0.000113164,0.000121316,0.000116452,0.000115089,0.000116639,0.000118991,0.00011875,0.000127544,0.000128533,0.000126715,0.00013305,0.000133825,0.000134733,0.000137166,0.000136604,0.00013484,0.000143099,0.000140106,0.000152962,0.000156249,0.000152213,0.000146333,0.000151946,0.000157746,0.000151599,0.000155608,0.000153229,0.000149781,0.000160285,0.000158681,0.000157639,0.000152587,0.000157505,0.000154111,0.000156222,0.000161461,0.000162343,0.000160606,0.000169907,0.000176054,0.000170495,0.000166218,0.000160419,0.000162557,0.000167368,0.00016972,0.000173194,0.000179074,0.000173141,0.000174584,0.000177097,0.000180357,0.000182896,0.000182335,0.000179876,0.000185516,0.000188028,0.000189498,0.000191289,0.000192171,0.000199601,0.000194256,0.000201419,0.000203396,0.000209277,0.000213633,0.000212457,0.000216867,0.000221063,0.000222052,0.000221705,0.000231247,0.000229349,0.000240361,0.000244958,0.00024731,0.000247631,0.000254633,0.000262839,0.000257573,0.000260674,0.00026805,0.000266527,0.000281414,0.000290261,0.000284702,0.000288203,0.000287668,0.000304213,0.000300604,0.000309959,0.000316213,0.000319688,0.000325568,0.000327947,0.000337114,0.000337328,0.000350852,0.000356893,0.000355797,0.000363494,0.000363922,0.00036467,0.000377259,0.000376377,0.000376484,0.000391077,0.000389206,0.000388912,0.000392173,0.000390088,0.000399095,0.000414223,0.000396663,0.000406098,0.000394472,0.000415292,0.000411069,0.000407194,0.000408771,0.000410134,0.000412085,0.000412646,0.000413314,0.000421039,0.000421172,0.000428442,0.000421547,0.000428469,0.000423711,0.000436407,0.000430955,0.000436567,0.000443463,0.000438732,0.000438679,0.000447125,0.00045247,0.000459981,0.000457067,0.000467919,0.000474387,0.000473211,0.000485586,0.00048735,0.000502932,0.000508117,0.000517338,0.000511672,0.000528323,0.000533294,0.000539442,0.00055612,0.000573813,0.00058274,0.000594768,0.000606795,0.000625397,0.000631144,0.000654824,0.00067618,0.000693526,0.000708039,0.000741823,0.000771303,0.00080669,0.00083879,0.00087538,0.000913493,0.000979885,0.001022087,0.00108487,0.001136,0.001219043,0.001300401,0.001406456,0.001513339,0.001656358,0.001807449,0.001985722,0.002174071,0.002357929,0.002579821,0.002829269,0.003116189,0.003386485,0.003656085,0.003930657,0.004238451,0.004521603,0.00477677,0.005022183,0.005208393,0.005430419,0.005586,0.005712768,0.005782848,0.005826173,0.005869124,0.005866318,0.005869205,0.005849987,0.00580554,0.005781004,0.005695369,0.005636622,0.005568012,0.005492026,0.005403103,0.005347563,0.005222666,0.005152078,0.005072216,0.004977227,0.00490982,0.004844391,0.004762498,0.004668176,0.00466986,0.004585508,0.004503,0.004464165,0.004429927,0.004363028,0.004278596,0.004217871,0.004171659,0.004136887,0.004082523,0.004038663,0.00398323,0.003950943,0.003913525,0.003913498,0.003875866,0.003871883,0.003857931,0.00387346,0.00389535,0.003876534,0.00385443,0.003857424,0.003870467,0.003839703,0.003839757,0.003836389,0.00382952,0.003813938,0.003815942,0.003810463,0.003804369,0.003786248,0.003761632,0.003767646,0.003776386,0.003737711,0.00375209,0.003733354,0.00374172,0.003743431,0.003711384,0.003723893,0.003733622,0.003731911,0.003728169,0.003725416,0.003707055,0.003722022,0.003726993,0.003727688,0.003729532,0.003713068,0.003724882,0.003699972,0.003702324,0.003690403,0.00370815,0.003703206,0.003711331,0.003722824,0.00371109,0.003713389,0.003739582,0.003695989,0.003708605,0.003715394,0.003698368,0.003704328,0.003707723,0.003712106,0.003711411,0.003710716,0.00372555,0.003709113,0.00372694,0.003736161,0.003754924,0.003741319,0.003720525,0.003748108,0.00376075,0.003760697,0.00379309,0.00377072,0.003783068,0.003801643,0.003808245,0.003814873,0.003839142,0.003834678,0.003837725,0.003853869,0.003851838,0.003866351,0.003865549,0.003883617,0.00388514,0.003887786,0.003881585,0.003883162,0.003895216,0.00391021,0.003939905,0.003965857,0.00395546,0.003992959,0.004028587,0.004068197,0.004128655,0.004166421,0.004224927,0.004270097,0.004346885,0.004398362,0.004434017,0.004487953,0.004553221,0.004619238,0.004667268,0.004733498,0.004777492,0.004863314,0.004924574,0.005017291,0.00510616,0.005170707,0.005289779,0.005409251,0.005501915,0.005566328,0.00567118,0.005738347,0.005812729,0.005905394,0.005921029,0.005973121,0.006041063,0.006052368,0.006094304,0.006071265,0.006019093,0.005963847,0.005903175,0.005821229,0.005690932,0.005549062,0.005352348,0.005140238,0.004901374,0.004657566,0.004392589,0.004082844,0.003808058,0.003519347,0.003244401,0.002980841,0.002718965,0.002481811,0.002275956,0.002052113,0.001881244,0.001701555,0.001568238,0.001430778,0.001351477,0.00125026,0.001169329,0.001101468,0.001043977,0.000974699,0.000917476,0.000890187,0.000835636,0.00080081,0.000769192,0.000737306,0.000712984,0.000690212,0.000670166,0.000658727,0.000630449,0.000615669,0.000605245,0.000581564,0.000578704,0.000561893,0.000555184,0.000540725,0.000536662,0.000517685,0.000514451,0.000514131,0.00050197,0.000493791,0.000491706,0.00048024,0.000480026,0.000470084,0.000460595,0.000455357,0.000466262,0.000454983,0.000448408,0.000454528,0.000440015,0.000445441,0.000446082,0.000440764,0.000432612,0.000425529,0.000426358,0.000423364,0.000419996,0.000422054,0.00041008,0.000424567,0.000420745,0.000420638,0.000409305,0.000411951,0.000415747,0.000412112,0.000412058,0.000404575,0.000399283,0.000404869,0.000400859,0.000399737,0.000386293,0.000391772,0.00039399,0.000389554,0.000384422,0.000385411,0.000381749,0.000370657,0.000370203,0.000365659,0.000361704,0.000356732,0.000365071,0.000348741,0.000347431,0.000337408,0.000334976,0.000329631,0.000324927,0.000313968,0.000311296,0.000306912,0.00030742,0.000296782,0.000289031,0.000289726,0.000286867,0.000279543,0.000275267,0.000273342,0.000259444,0.000260246,0.000256611,0.000250998,0.000252041,0.000247631,0.000243194,0.000243996,0.000231086,0.000223282,0.000226168,0.000223041,0.000218337,0.000214301,0.000219192,0.000207325,0.000204893,0.000212591,0.000207219,0.000206711,0.000205695,0.000193801,0.000197784,0.000198586,0.000191423,0.000188001,0.000185917,0.000185703,0.000184874,0.000187601,0.000189552,0.000180464,0.000180999,0.000188295,0.000186104,0.00017437,0.000175145,0.000177845,0.000177364,0.000172633,0.00016547,0.000168918,0.000169853,0.000171297,0.000163492,0.000172767,0.00016849,0.000168517,0.000158655,0.000185703,0.000163466,0.000161996,0.000169078,0.000170709,0.000175466,0.000176803,0.000164962,0.00015526,0.000155501,0.000162931,0.000154245,0.00014938,0.000152507,0.000138128,0.000135615,0.000141896,0.000145745,0.000133504,0.000135348,0.000144997,0.000139732,0.000132569,0.000127838,0.000129816,0.000124524,0.000121904,0.000116024,0.000116799,0.000113138,0.000119151,0.000113298,0.000110411,0.000107284,0.00010536,0.000101672,9.85E-05,0.000101645,9.34E-05,8.91E-05,8.83E-05,8.74E-05,8.89E-05,9.24E-05,8.48E-05,8.02E-05,8.94E-05,8.23E-05,8.15E-05,7.46E-05,7.57E-05,7.24E-05,7.02E-05
B?NH,HNGK025,HNGK025,7.38E-05,7.33E-05,8.42E-05,7.49E-05,7.94E-05,7.95E-05,8.68E-05,8.74E-05,8.38E-05,9.32E-05,9.39E-05,9.55E-05,9.36E-05,0.000101406,9.55E-05,9.69E-05,0.000100913,0.000112265,0.000115909,0.000110139,0.000115606,0.000118263,0.000120769,0.000117846,0.000118871,0.000118871,0.000118187,0.000120693,0.000130868,0.00013102,0.000123275,0.000134361,0.000131665,0.000133905,0.000131172,0.000140967,0.000135006,0.00013717,0.000143359,0.000148218,0.000154027,0.000147801,0.000151483,0.000147687,0.000152015,0.000150268,0.00015042,0.000150648,0.000150876,0.000156191,0.000159266,0.000153989,0.000151218,0.000160557,0.000153723,0.000153723,0.000162341,0.000160861,0.000170124,0.000174377,0.00017916,0.000171871,0.000166935,0.000160899,0.0001661,0.000167201,0.000168112,0.000171187,0.000180299,0.000170504,0.000174339,0.000181286,0.000185311,0.000183071,0.000182425,0.000178819,0.000184134,0.000189069,0.000199244,0.000195713,0.00019765,0.000207255,0.000197726,0.000206078,0.000206799,0.000211393,0.000219252,0.00021667,0.000222213,0.000225403,0.000223314,0.000227339,0.000235539,0.000236489,0.000241652,0.000246322,0.000251865,0.000257673,0.000258661,0.000261812,0.000258205,0.000266444,0.000279466,0.000277492,0.000281516,0.00029431,0.00029731,0.00029264,0.000299777,0.000308434,0.000307712,0.000319292,0.00032586,0.000317849,0.000329998,0.000332124,0.000337971,0.000345792,0.00035255,0.00035946,0.000362763,0.000362535,0.000364661,0.000367356,0.000372406,0.000379923,0.000380493,0.00039659,0.000388162,0.000396097,0.000405816,0.00039845,0.000406841,0.000407562,0.000408321,0.000416636,0.000409574,0.00041189,0.000420091,0.00041918,0.000427304,0.000424837,0.000417737,0.000417965,0.00042328,0.000440327,0.000431519,0.000444161,0.000431519,0.000440061,0.000434062,0.000431594,0.000441693,0.000436302,0.00044716,0.00044811,0.00045259,0.000460221,0.00045817,0.000463296,0.00047218,0.000473167,0.000478368,0.000484936,0.000494618,0.000495301,0.000513752,0.000518232,0.00052761,0.000522219,0.00053433,0.000542948,0.00055802,0.000564247,0.000576016,0.000587634,0.00059815,0.000608629,0.000633344,0.000630573,0.000660604,0.000682358,0.000708555,0.000715692,0.000740446,0.000782967,0.000809543,0.000833955,0.000875452,0.000922378,0.000958407,0.001023556,0.001071697,0.00113658,0.001209816,0.001288747,0.001366615,0.001497217,0.00161119,0.001778581,0.001940011,0.002108047,0.002289827,0.002527645,0.002753389,0.003005633,0.003249981,0.003539659,0.003794372,0.004066624,0.004349696,0.004599777,0.004791276,0.005027954,0.005191283,0.005350625,0.005485441,0.005529899,0.005625269,0.005629939,0.005646226,0.00565754,0.005652187,0.005622498,0.0055911,0.005528798,0.005473938,0.005425569,0.005368013,0.005280161,0.00522306,0.005141206,0.005066793,0.004967019,0.004938507,0.004836227,0.004761245,0.004747008,0.004660408,0.004627985,0.004598903,0.004509646,0.00446796,0.00444947,0.004368148,0.004319514,0.00428618,0.00423447,0.004182913,0.004140695,0.00408629,0.00407099,0.004018331,0.004017268,0.003988187,0.003949272,0.003970684,0.003949803,0.003956561,0.003973836,0.003984542,0.003977252,0.00395751,0.003963091,0.003967078,0.003951398,0.003950107,0.003920304,0.00394221,0.003901625,0.003884958,0.003917305,0.003902878,0.003901701,0.00387577,0.003870569,0.003863127,0.003859331,0.003843879,0.003849232,0.003843082,0.003852345,0.003829452,0.003848207,0.003833438,0.003835754,0.003841335,0.003801661,0.003809937,0.003830249,0.003826111,0.003824364,0.003820606,0.003803939,0.003807128,0.003818632,0.003800636,0.003815442,0.003820985,0.003819581,0.00381829,0.003832869,0.003834957,0.003862786,0.003788297,0.003845094,0.003816316,0.003821783,0.003800218,0.00382968,0.003831502,0.003799345,0.003812405,0.00380542,0.00382258,0.003824402,0.003832869,0.003839627,0.003836779,0.003853067,0.003852155,0.003875998,0.003859521,0.003884085,0.003871366,0.003888678,0.003890311,0.00390656,0.003936781,0.003912635,0.003941185,0.003933402,0.00394464,0.003972241,0.0039648,0.003949537,0.003981239,0.004002424,0.003996577,0.00398682,0.003979986,0.003987313,0.004004512,0.004025127,0.003999614,0.004034846,0.004053753,0.004127255,0.004138835,0.004151857,0.004207477,0.00424829,0.004312983,0.004364769,0.004426083,0.004487968,0.004523048,0.004574643,0.004614355,0.004654106,0.004694197,0.004749893,0.004823243,0.004879166,0.004972107,0.005046899,0.00511277,0.005230274,0.005286197,0.005354042,0.00542481,0.005492313,0.005579293,0.005663994,0.005676978,0.005744709,0.005769197,0.005782561,0.005814908,0.0058326,0.005860695,0.005777626,0.005731687,0.005650896,0.005576863,0.005438212,0.005297511,0.005119072,0.004959084,0.00471561,0.004495523,0.0042369,0.003939173,0.003680322,0.00339463,0.003149751,0.002905062,0.002648869,0.002433528,0.002220578,0.002000415,0.001835833,0.001664532,0.001545054,0.001416691,0.001307806,0.001237113,0.001164409,0.00111008,0.001031871,0.000968734,0.0009059,0.000888474,0.000843067,0.000793788,0.000762694,0.000745609,0.000708592,0.000694811,0.000676701,0.000666982,0.000645987,0.000636078,0.000613336,0.000606654,0.000581939,0.000577041,0.000562159,0.000546555,0.000553313,0.000531103,0.000532545,0.000525484,0.000515195,0.0005054,0.000499439,0.000491049,0.000483342,0.000474686,0.000476394,0.000465536,0.000468231,0.000465688,0.000459993,0.000459803,0.000452703,0.000457335,0.00044363,0.00044492,0.000440744,0.000440554,0.000438542,0.000434176,0.000423698,0.000429165,0.000427115,0.000434024,0.000432733,0.000420129,0.000413978,0.000423774,0.000422103,0.000417167,0.000416142,0.00041637,0.000409954,0.000396097,0.000397501,0.000399248,0.000389642,0.000391427,0.000390781,0.000396552,0.000387706,0.000391123,0.000382429,0.000375747,0.000367205,0.000367432,0.00037009,0.000354448,0.000361586,0.000348753,0.000346437,0.00033501,0.000340742,0.000333909,0.000324835,0.00031299,0.000312572,0.000312116,0.000308623,0.000303992,0.000296285,0.000290742,0.000286376,0.000280681,0.000278289,0.000263786,0.000260103,0.000258888,0.000260711,0.000256497,0.000253801,0.000257939,0.000251827,0.000245069,0.000229085,0.000227187,0.000232464,0.000227529,0.000221834,0.000215266,0.00021538,0.00021238,0.00021276,0.000209571,0.00021314,0.000208508,0.000204483,0.000199206,0.000205698,0.000195448,0.000195713,0.000189335,0.000188386,0.000185577,0.00018793,0.000185918,0.000188006,0.000186905,0.000187133,0.000188804,0.000187551,0.000177148,0.000179502,0.00017263,0.000177756,0.000174263,0.000168758,0.00017282,0.000164733,0.000169821,0.000162873,0.000164809,0.000169555,0.000165569,0.000160595,0.000187551,0.000164468,0.000157444,0.000165948,0.000160633,0.0001661,0.000178819,0.000157634,0.000154103,0.000151825,0.000162,0.000155052,0.000150154,0.000153533,0.000144687,0.000137208,0.000140207,0.000148712,0.00013326,0.000137436,0.000142979,0.000135348,0.000133791,0.000134816,0.000126464,0.000122402,0.000125097,0.000117314,0.000115454,0.000117542,0.000119744,0.000113973,0.000114201,0.000110177,0.000110063,0.000100419,0.000101482,0.00010824,9.56E-05,8.93E-05,9.11E-05,8.76E-05,9.15E-05,9.42E-05,8.61E-05,8.77E-05,8.94E-05,8.69E-05,8.05E-05,7.66E-05,7.78E-05,7.60E-05,7.00E-05
B?NH,HNGK026,HNGK026,7.15E-05,7.37E-05,7.58E-05,7.46E-05,7.69E-05,7.95E-05,8.46E-05,8.44E-05,8.49E-05,9.01E-05,8.90E-05,9.43E-05,9.77E-05,0.000100123,9.51E-05,0.000100999,0.000104901,0.000109678,0.000110178,0.00010465,0.000115856,0.00011373,0.000116531,0.000118032,0.000118082,0.000117682,0.000119833,0.000120183,0.000130263,0.000130488,0.00012446,0.000131989,0.000131789,0.000136541,0.000141868,0.000142118,0.000134665,0.000137866,0.000139967,0.000143119,0.000152974,0.000148972,0.000149072,0.000151273,0.00015555,0.000152799,0.000149472,0.000150948,0.000152949,0.000158601,0.000162453,0.000158551,0.000153024,0.000160202,0.000149922,0.000155675,0.000162954,0.000160427,0.000169056,0.000173509,0.000171233,0.000172733,0.000168406,0.000160477,0.000164754,0.000166405,0.000171758,0.000174209,0.000178261,0.000177561,0.00017626,0.000179687,0.000180637,0.000180987,0.000187916,0.000181813,0.000183088,0.000189291,0.000191717,0.00019812,0.000194794,0.000199171,0.000194819,0.000205174,0.000206024,0.000205524,0.000214829,0.000214178,0.000222082,0.000219856,0.000220806,0.000226434,0.000231537,0.000232462,0.000238465,0.000245118,0.000250471,0.000252847,0.000251046,0.000258875,0.000257474,0.000264553,0.000273007,0.000275583,0.000281761,0.000287213,0.000285112,0.000289765,0.000295718,0.000304947,0.000309224,0.000309949,0.00032113,0.000316778,0.00033176,0.00033121,0.000341039,0.000338438,0.000349744,0.00036225,0.000365526,0.000357447,0.000359999,0.00037278,0.000370103,0.000371454,0.000384035,0.000390863,0.000382209,0.000392814,0.000393064,0.000394715,0.00040512,0.000404345,0.000405921,0.000408097,0.00040392,0.000416301,0.000416776,0.000414975,0.000422579,0.000419527,0.000411148,0.000420853,0.00042458,0.000422554,0.000421678,0.000428707,0.000427431,0.000426906,0.000428431,0.000432458,0.000439437,0.000438887,0.000446265,0.000443639,0.000448191,0.00044649,0.000452768,0.000463073,0.000465524,0.000471002,0.000474904,0.000479481,0.000482007,0.000493813,0.000499216,0.000507219,0.000521776,0.000513998,0.000524428,0.000538685,0.000544162,0.000562221,0.000580055,0.000579104,0.000599314,0.000611445,0.000630329,0.000638108,0.000655441,0.000674775,0.000705115,0.000719047,0.000743483,0.000768871,0.000800911,0.00082985,0.000874171,0.00091194,0.000967041,0.001011412,0.001069766,0.001128769,0.00121466,0.001282418,0.001378915,0.001502999,0.001623232,0.001782759,0.001955843,0.002110992,0.002309088,0.002536197,0.002752977,0.003040415,0.003306519,0.003597409,0.003852482,0.004164757,0.004416754,0.004668,0.0049276,0.005116441,0.005298304,0.005481192,0.005619758,0.005709727,0.005739491,0.005787689,0.005807549,0.00577866,0.005780236,0.005762402,0.005713203,0.005650248,0.005569384,0.005526914,0.005454604,0.00539425,0.005310684,0.005220241,0.005160237,0.005071919,0.004988979,0.004899811,0.004845785,0.004783706,0.004692061,0.004664873,0.004592188,0.004545441,0.00448211,0.004433087,0.004397119,0.004303074,0.004250749,0.004209254,0.004157829,0.004089071,0.004079091,0.004027791,0.003983145,0.003968688,0.003928018,0.003922966,0.003906133,0.003894302,0.003909934,0.00392144,0.003894677,0.003901055,0.003914462,0.003885473,0.003865663,0.003888424,0.003875218,0.003872041,0.003842202,0.003840501,0.003841451,0.003834123,0.003824693,0.003810987,0.003822167,0.003803583,0.003781948,0.003793979,0.003781898,0.00378725,0.003775044,0.003769992,0.003769617,0.003751083,0.003759062,0.003760362,0.00374483,0.003763864,0.003773644,0.003762588,0.003758386,0.003747056,0.003750007,0.003743954,0.003746806,0.003737301,0.00374458,0.003758336,0.003717492,0.00374428,0.003748332,0.003755635,0.003743729,0.003766991,0.003742879,0.003730498,0.003749907,0.003735625,0.003734875,0.003763439,0.003757086,0.003748982,0.003741778,0.003755935,0.00375491,0.003754785,0.003752634,0.003785274,0.003780272,0.003772493,0.003775495,0.003789952,0.003808711,0.003829996,0.003825119,0.003819666,0.003834748,0.003835073,0.003863687,0.003867164,0.003889875,0.003885598,0.003881696,0.003903982,0.00390128,0.003899129,0.003898579,0.003913536,0.003921865,0.003942225,0.003940699,0.003936147,0.003977917,0.003992199,0.003985396,0.003997527,0.004067435,0.00406771,0.00412829,0.004152351,0.004212605,0.004260453,0.004293169,0.004370006,0.004417304,0.004488038,0.004513275,0.004575355,0.004620577,0.004675353,0.004767348,0.004776052,0.004888631,0.004921422,0.005024346,0.005099308,0.005176895,0.005295152,0.005369563,0.005463333,0.005554227,0.005647672,0.005701898,0.005774908,0.005842991,0.005874006,0.005941088,0.005925531,0.005970903,0.005989237,0.005991963,0.005928882,0.005886262,0.00582088,0.005704374,0.005592645,0.005442098,0.005238225,0.005039779,0.004818172,0.004550868,0.00430465,0.003986496,0.003733699,0.003432779,0.003181108,0.002903374,0.002654354,0.002402683,0.002229299,0.002017197,0.001857795,0.001676308,0.001548046,0.001415832,0.00131746,0.001243549,0.001168688,0.001106808,0.001035624,0.000961488,0.000911014,0.000883626,0.000824172,0.00079851,0.000764268,0.000741707,0.000706841,0.000696961,0.000670348,0.000659393,0.000641759,0.000626202,0.000594436,0.000591535,0.00058058,0.000571826,0.000552916,0.00053856,0.000537259,0.000531331,0.0005182,0.000510946,0.000508745,0.000499541,0.000495789,0.000482132,0.000472903,0.00047733,0.000474554,0.000458521,0.000453218,0.000452818,0.000446265,0.000440637,0.000444714,0.000443564,0.000439362,0.000448466,0.000439237,0.000434459,0.000430432,0.000424079,0.000421778,0.000424279,0.000422028,0.000419277,0.000432133,0.000422929,0.000415825,0.000415975,0.000411123,0.0004146,0.000414175,0.000406221,0.000405821,0.000399693,0.000398192,0.000399868,0.000392189,0.000395291,0.000392039,0.00039379,0.00038441,0.000390163,0.000387737,0.000376256,0.000374405,0.000361699,0.000365726,0.00035277,0.000376381,0.000346517,0.000351044,0.000337413,0.000336862,0.000331335,0.000326607,0.000312901,0.000306223,0.0003112,0.000305297,0.000300245,0.000289439,0.000290165,0.000289064,0.00027991,0.000274607,0.000267954,0.000262927,0.000255623,0.000255898,0.000253022,0.000252822,0.000252722,0.000244168,0.000242817,0.000232287,0.000230936,0.000228635,0.000225008,0.000221082,0.000214453,0.000219631,0.0002075,0.000203898,0.000213653,0.00020785,0.000209001,0.00020675,0.000202973,0.000201672,0.00019777,0.000196095,0.000191968,0.000190142,0.000184064,0.000183288,0.000185014,0.000184339,0.000185089,0.000191017,0.000191943,0.000188566,0.000173884,0.000178861,0.00017626,0.000178586,0.00017581,0.000163879,0.000169757,0.00016538,0.000171333,0.000164104,0.000168681,0.000165155,0.000164104,0.000160602,0.000192518,0.00016523,0.000164429,0.000170982,0.000167281,0.000173584,0.000183563,0.000159127,0.000155825,0.000155125,0.000163704,0.000157001,0.000150297,0.000154424,0.000143219,0.000137816,0.000140793,0.000148622,0.000133064,0.000136316,0.00014552,0.000134015,0.000130913,0.000129838,0.000127461,0.000120933,0.000120733,0.000117532,0.000115756,0.000114205,0.000114855,0.000116206,0.000110653,0.000108052,0.000104826,0.000101449,9.99E-05,0.000102299,9.38E-05,9.27E-05,9.11E-05,8.69E-05,8.75E-05,9.02E-05,8.68E-05,8.24E-05,9.00E-05,8.45E-05,7.82E-05,7.55E-05,7.44E-05,7.62E-05,6.67E-05
B?NH,HNGK027,HNGK027,7.21E-05,7.02E-05,7.65E-05,7.58E-05,7.57E-05,7.92E-05,8.88E-05,8.88E-05,8.41E-05,9.39E-05,9.09E-05,9.07E-05,9.73E-05,0.000101552,9.76E-05,9.82E-05,0.000100435,0.000112002,0.000111311,0.000107588,0.000115512,0.000111816,0.000117294,0.000119475,0.000117932,0.000116044,0.00011974,0.000125431,0.000132105,0.000132744,0.000130058,0.000130882,0.000135296,0.000135509,0.000133515,0.00014237,0.000134898,0.000138275,0.000140881,0.000145561,0.000150081,0.000148246,0.00014681,0.000143752,0.000153352,0.000150347,0.000151331,0.000152554,0.000149975,0.000158032,0.000161382,0.000154735,0.00015266,0.000157474,0.000148672,0.000150188,0.000157952,0.000155745,0.000165664,0.000162712,0.000175024,0.000171939,0.000165717,0.000159388,0.00016226,0.000161834,0.000169519,0.000168668,0.000175715,0.000171168,0.000173854,0.000179411,0.000183081,0.000176779,0.000178321,0.000181326,0.000179996,0.000180422,0.000189755,0.000190872,0.000191138,0.000196775,0.000194249,0.000203051,0.000206508,0.000206348,0.000208449,0.000210417,0.000213608,0.000219405,0.000221638,0.000224351,0.00022911,0.000226212,0.000240013,0.000240731,0.000249107,0.000244188,0.000248788,0.000261552,0.000250437,0.000256047,0.000273624,0.000270619,0.000282984,0.000287425,0.000285989,0.000285032,0.000293514,0.000302981,0.000301199,0.000306225,0.000315027,0.00031399,0.000320664,0.000323297,0.000336938,0.000339358,0.000343905,0.000354568,0.000357334,0.000352042,0.000363184,0.000366002,0.000366082,0.000369167,0.00037156,0.000390971,0.000378075,0.000383579,0.000391796,0.000384909,0.000394242,0.000407511,0.000398231,0.000406448,0.000395678,0.000412564,0.000405623,0.000401183,0.000412617,0.000411367,0.000404639,0.000413414,0.000409,0.000413867,0.000419211,0.00042078,0.000415728,0.000423759,0.000416951,0.000424264,0.000434874,0.000428066,0.00043272,0.000433092,0.000439846,0.00043607,0.000450243,0.000454126,0.000454791,0.000463353,0.000465932,0.000475851,0.000480611,0.000489811,0.000494704,0.000508212,0.000512121,0.000505154,0.00052672,0.000535548,0.000539085,0.000556369,0.000569399,0.000582375,0.000576579,0.000601308,0.000616944,0.000631303,0.000647976,0.000672706,0.000699085,0.000718922,0.000733972,0.000765536,0.000803455,0.000824622,0.000882617,0.000906018,0.00095827,0.001020866,0.001068437,0.001141563,0.001215062,0.001306137,0.001402929,0.001513947,0.001645601,0.001808446,0.001971371,0.002156393,0.002346706,0.002605493,0.002836571,0.003089879,0.003363237,0.003674488,0.003952261,0.004237665,0.004506768,0.004764119,0.005033701,0.005225344,0.005394917,0.005601505,0.005693111,0.005794557,0.005817479,0.005873613,0.005870289,0.005872789,0.005851861,0.005837848,0.005791074,0.005705264,0.005638413,0.005596346,0.005537685,0.005445095,0.005350855,0.005261588,0.005164929,0.005096696,0.005002111,0.004944833,0.004856311,0.004784621,0.004714632,0.004661663,0.004607815,0.004545964,0.004440317,0.004428989,0.004359533,0.004313689,0.004239074,0.004171878,0.004128827,0.004064077,0.004047165,0.003986989,0.00393128,0.003938752,0.003903652,0.003867887,0.003890728,0.003874667,0.003878576,0.003881289,0.003861611,0.003866876,0.003843662,0.003858447,0.003831855,0.00383728,0.003835419,0.003848049,0.003808748,0.003802765,0.003810343,0.003803084,0.00380101,0.003771546,0.0037904,0.003763223,0.00377729,0.003746896,0.003733468,0.003760804,0.003754634,0.003743493,0.003717805,0.00372339,0.003722884,0.003717699,0.003707116,0.003710812,0.003702409,0.003707781,0.00369749,0.003714003,0.003705733,0.003688183,0.003707435,0.00370326,0.003707328,0.003714614,0.003699192,0.003709961,0.003731021,0.003727884,0.003700867,0.003739158,0.003694751,0.003706318,0.003708552,0.0037056,0.00370576,0.0037173,0.00373384,0.003709509,0.003699617,0.003712062,0.003705042,0.003726075,0.003704377,0.003744104,0.00371496,0.003733042,0.003749635,0.003741844,0.003773647,0.00379601,0.003788379,0.003785347,0.003797021,0.003803137,0.003849299,0.003816326,0.003838583,0.00384555,0.003856798,0.003851825,0.003856585,0.003850868,0.003868206,0.003882804,0.003877832,0.003892031,0.003899716,0.00387254,0.00393019,0.003961594,0.003945985,0.003976858,0.004007118,0.004033151,0.004080377,0.004130768,0.004166879,0.004224476,0.004280716,0.004356847,0.004385725,0.004485442,0.004511581,0.004590079,0.004618851,0.004690142,0.004765927,0.004816238,0.004891012,0.004944168,0.005040907,0.005147937,0.005228668,0.005319983,0.005435655,0.005552178,0.005603127,0.005700291,0.005765067,0.005843645,0.005914298,0.005955488,0.00603332,0.006044967,0.006071558,0.006094214,0.006093496,0.006031113,0.00597567,0.005891908,0.005836146,0.005692553,0.005543562,0.005352291,0.005112411,0.004891518,0.004679239,0.004374956,0.004075245,0.003820554,0.00351167,0.003249985,0.00297309,0.002715687,0.002463734,0.002265709,0.002047262,0.001854901,0.001710404,0.001562051,0.00143093,0.00133334,0.001251279,0.001158263,0.001112765,0.001033496,0.000979622,0.00091575,0.00088658,0.000833743,0.000786729,0.000760377,0.000742109,0.000705466,0.000688794,0.000679434,0.000651619,0.000631596,0.000623193,0.000601548,0.000579025,0.00057711,0.000567006,0.00054669,0.000534112,0.000528794,0.000513584,0.000515738,0.000510818,0.000495874,0.000495129,0.000487232,0.000480823,0.000469309,0.000465188,0.000460561,0.000454418,0.000452557,0.000441761,0.000440139,0.000444287,0.00043732,0.000442479,0.000429848,0.000433704,0.000424822,0.000426125,0.000423759,0.000416526,0.000412138,0.000417988,0.000412484,0.000419743,0.000417643,0.000406953,0.000408867,0.000400305,0.000398683,0.000405012,0.000406288,0.000403975,0.000392062,0.000391291,0.000393444,0.000389881,0.000381292,0.000383579,0.000384723,0.000384377,0.000373395,0.000378872,0.00037273,0.00036103,0.000366375,0.000359806,0.00035869,0.000346537,0.000350659,0.000341405,0.00034667,0.000325318,0.000327897,0.000324839,0.00032093,0.000312075,0.000304417,0.000299896,0.000303327,0.000291733,0.000291547,0.000285617,0.000283091,0.000272321,0.000268652,0.000263147,0.000258574,0.000256473,0.000254159,0.000247512,0.000252963,0.000247139,0.000241981,0.000234535,0.000227409,0.000222117,0.000226664,0.000218102,0.000215735,0.000212305,0.000214512,0.000214246,0.000202758,0.000203902,0.000202466,0.000206933,0.000196536,0.000193904,0.000200392,0.000190766,0.000185713,0.000188745,0.000182469,0.000184863,0.00018691,0.000183347,0.000181273,0.000181379,0.000180635,0.000190234,0.000185607,0.000172046,0.000173747,0.000172338,0.000170929,0.000172923,0.000166541,0.000166488,0.000163377,0.000166382,0.000157686,0.000164547,0.000165637,0.000165185,0.000161542,0.000183054,0.000162287,0.000157633,0.000168004,0.00016343,0.000166461,0.000180502,0.000157766,0.000154788,0.0001504,0.000162792,0.000156569,0.000147422,0.000153219,0.000137317,0.000140455,0.000138647,0.000152926,0.000130537,0.000133807,0.000147528,0.000136599,0.00012809,0.000127612,0.00012591,0.000119873,0.000123277,0.000117214,0.000114342,0.000114529,0.000114715,0.000111444,0.000111417,0.000107083,0.000107748,0.000102616,9.85E-05,0.000108094,9.32E-05,8.91E-05,8.99E-05,8.78E-05,8.78E-05,9.49E-05,8.73E-05,8.36E-05,8.91E-05,8.51E-05,8.18E-05,7.59E-05,7.50E-05,7.49E-05,6.92E-05
B?NH,HNGK028,HNGK028,7.32E-05,7.16E-05,7.84E-05,7.23E-05,7.30E-05,7.81E-05,8.19E-05,8.72E-05,8.26E-05,8.75E-05,8.88E-05,9.02E-05,9.55E-05,9.55E-05,9.34E-05,9.54E-05,9.81E-05,0.000106819,0.000116967,0.0001087,0.000114931,0.000115363,0.000116535,0.000113111,0.000112371,0.000114715,0.000120854,0.000120915,0.000126714,0.000128287,0.000122643,0.00013094,0.000131619,0.000135567,0.000138497,0.000140132,0.000134302,0.000139947,0.000139731,0.00014078,0.000154445,0.000146055,0.000142507,0.000146887,0.000150496,0.00014954,0.000146795,0.00014479,0.000146641,0.00015682,0.000157776,0.000150743,0.00014627,0.00015429,0.000149139,0.000148306,0.000154815,0.000156511,0.000163513,0.000165395,0.000174062,0.000166197,0.000167276,0.000159904,0.000158609,0.000163822,0.000163667,0.000170145,0.000172551,0.000171656,0.000173538,0.00017471,0.000175913,0.000173353,0.000181342,0.0001736,0.000177301,0.000182514,0.000188529,0.000186863,0.000189516,0.000192662,0.000185784,0.000199479,0.000198647,0.000207746,0.000208054,0.000207098,0.000213175,0.000214964,0.000205001,0.000221071,0.000223045,0.000227857,0.000233687,0.000240782,0.000237481,0.000245964,0.000246087,0.000253614,0.000246488,0.000251732,0.000265119,0.000267278,0.00027718,0.000279647,0.000276162,0.000279,0.000287297,0.000290906,0.000295286,0.000301363,0.000318081,0.000307285,0.00032021,0.000323448,0.00033409,0.000333597,0.000346274,0.000351487,0.000349143,0.000353029,0.000355312,0.000359384,0.000364967,0.000363424,0.000371167,0.000380112,0.000370704,0.00037786,0.000384924,0.000380852,0.000391494,0.000391371,0.000391556,0.000395936,0.000393005,0.000399761,0.000406485,0.000402814,0.000408675,0.00040155,0.000401365,0.000407626,0.00041139,0.000410588,0.000408274,0.000414998,0.000409014,0.000428015,0.000412993,0.000414536,0.000420335,0.000425733,0.000426843,0.000435819,0.000428293,0.000438287,0.000438534,0.00044569,0.000449237,0.000454543,0.000457257,0.000462439,0.000463087,0.000480947,0.000485481,0.000495876,0.000503587,0.000500688,0.000521262,0.000530269,0.000534711,0.000549794,0.000562719,0.000571726,0.000577617,0.000598932,0.000621942,0.000623947,0.000650752,0.000666021,0.000687706,0.00071741,0.00072944,0.000771483,0.000809145,0.000825925,0.000871793,0.000910628,0.000965286,0.001014177,0.00107081,0.001131915,0.001215599,0.001304589,0.001404591,0.001523872,0.001633929,0.001801483,0.001978044,0.00215297,0.002336472,0.00257602,0.002836388,0.00309796,0.003385905,0.003666478,0.003948254,0.004224909,0.004517913,0.004766745,0.005025787,0.005222244,0.005426597,0.005595786,0.005717626,0.00579801,0.005815531,0.005868308,0.005884594,0.005879104,0.005839405,0.005801218,0.005799769,0.005690513,0.00565939,0.005577834,0.005487918,0.005419348,0.005354295,0.005248401,0.005174279,0.005095807,0.005007188,0.004919154,0.004845278,0.004759866,0.004697651,0.004650426,0.004579974,0.004503662,0.004476518,0.004436973,0.004365874,0.004287341,0.004254737,0.004217352,0.004146221,0.004086751,0.004052944,0.004005318,0.003974596,0.003922251,0.003907846,0.003903897,0.003899702,0.003861978,0.003879992,0.003879221,0.003893348,0.003884681,0.003860004,0.003853835,0.003859017,0.003854236,0.003849085,0.003851768,0.003835574,0.003835636,0.003797171,0.003802292,0.003797202,0.003775178,0.003787763,0.003776289,0.003781532,0.00376247,0.003753432,0.003749885,0.003738102,0.003756239,0.003756116,0.003764567,0.003738904,0.003751365,0.003744024,0.003712654,0.003734184,0.00374535,0.003730452,0.003749638,0.00372965,0.003723913,0.003727892,0.003720334,0.003719101,0.003758275,0.003741649,0.003756146,0.003742482,0.003720088,0.003746337,0.003759138,0.003736991,0.003736251,0.003713271,0.003724344,0.003736374,0.003758922,0.003731902,0.003704541,0.00372055,0.003742081,0.003729064,0.003735171,0.003736436,0.00374606,0.003736498,0.003760403,0.003758182,0.003780669,0.0038026,0.003797911,0.003812502,0.003799701,0.003817838,0.00381062,0.003839707,0.003837178,0.003860775,0.003856889,0.003851737,0.003856148,0.003852015,0.003862595,0.003888505,0.003898068,0.003914477,0.003911177,0.003912349,0.003907661,0.003931134,0.003960561,0.003954423,0.003978513,0.004018366,0.00404841,0.004114635,0.004141039,0.004155969,0.00423552,0.004288883,0.004344004,0.004398169,0.004478029,0.0045251,0.004596446,0.004644596,0.004690741,0.00472643,0.004793704,0.004878314,0.004930628,0.00505577,0.005106048,0.005201145,0.005302073,0.005392451,0.005519011,0.005579623,0.005692086,0.005757448,0.005841318,0.005905107,0.005962295,0.005971086,0.006012882,0.006062389,0.006071211,0.006082809,0.006022382,0.005953504,0.00593916,0.005817813,0.005691315,0.005573947,0.005346429,0.005143803,0.004916655,0.004656286,0.004396751,0.004095696,0.003809756,0.003503612,0.003242843,0.002997958,0.002708594,0.002463248,0.002279222,0.002041771,0.001878968,0.001709995,0.001561133,0.001425474,0.001337348,0.001250578,0.001169454,0.001121242,0.00103108,0.000967446,0.000910473,0.000876327,0.000831107,0.000788324,0.00075717,0.000734344,0.000709575,0.000674288,0.000655071,0.000643103,0.000617902,0.000614786,0.000599024,0.000579252,0.000566328,0.000560313,0.000543193,0.000525179,0.000522588,0.000502261,0.000510281,0.00050843,0.000500873,0.000482551,0.000483229,0.000468516,0.000468763,0.000457226,0.000461483,0.000444826,0.000451982,0.000440261,0.000436868,0.000429249,0.00043073,0.000439243,0.000431254,0.000424468,0.000423419,0.000423697,0.000415924,0.00041358,0.000409045,0.000409508,0.000411204,0.000414659,0.000413857,0.000397694,0.000399205,0.00040084,0.00040411,0.000401087,0.000405529,0.000400285,0.000393437,0.000391617,0.000387361,0.000392265,0.000387021,0.000376441,0.000380729,0.000384153,0.000377953,0.000376256,0.000366817,0.000368576,0.000361389,0.00035633,0.00035377,0.000346768,0.000354356,0.000340259,0.000338532,0.000325021,0.000326101,0.00032641,0.00031987,0.000307069,0.000308118,0.000300314,0.000298124,0.000294361,0.000282454,0.000285138,0.000271566,0.000277889,0.000266353,0.000262004,0.000253521,0.000251146,0.000253614,0.000247815,0.000244144,0.000238314,0.000233379,0.000235661,0.000223261,0.000229431,0.000220732,0.000214131,0.00020861,0.000207222,0.000204384,0.000206327,0.000203458,0.000206851,0.000200065,0.000202101,0.000202286,0.00019402,0.000196487,0.000191799,0.000192601,0.00018745,0.000181404,0.000177054,0.000180879,0.000181064,0.000181003,0.00018381,0.000177517,0.000185352,0.000177085,0.000177455,0.000171626,0.000169065,0.000171996,0.000173507,0.000164655,0.000161292,0.000163883,0.000168634,0.000160274,0.000162835,0.000166659,0.000161046,0.000155586,0.000175697,0.000162125,0.000156388,0.000164161,0.000160583,0.000173847,0.000178011,0.00015864,0.000149663,0.00014334,0.000159226,0.000153735,0.000147844,0.000154352,0.000137048,0.000137078,0.000140996,0.000148245,0.000133315,0.000130508,0.000142908,0.000131588,0.000129799,0.000129799,0.000124555,0.000121902,0.00011891,0.00011234,0.000115147,0.000112988,0.000114222,0.000106202,0.000108022,0.00010358,0.000103765,0.000103241,9.37E-05,9.73E-05,9.07E-05,9.21E-05,9.22E-05,8.53E-05,8.98E-05,8.87E-05,8.36E-05,7.76E-05,8.61E-05,8.23E-05,7.59E-05,7.17E-05,7.09E-05,7.03E-05,6.82E-05
B?NH,HNGK029,HNGK029,7.04E-05,6.90E-05,7.82E-05,7.08E-05,7.44E-05,7.64E-05,8.16E-05,8.41E-05,8.44E-05,8.74E-05,8.64E-05,8.91E-05,9.10E-05,0.000101219,9.69E-05,9.71E-05,9.49E-05,0.000107656,0.000113095,0.000103667,0.000108472,0.00010761,0.000110738,0.000110285,0.000112189,0.000111055,0.000119622,0.000115724,0.000122161,0.000127056,0.000119985,0.000124654,0.000127646,0.000131408,0.000128371,0.000136666,0.000133946,0.000137437,0.000134626,0.000140202,0.000148497,0.00014478,0.000137981,0.000137119,0.000142105,0.000149449,0.000145006,0.000143692,0.000144599,0.000146956,0.000149902,0.000148723,0.000148134,0.000150174,0.000142604,0.000149131,0.000159013,0.000146865,0.000157517,0.000162594,0.000166084,0.000168124,0.000159693,0.000153483,0.000157472,0.000162413,0.000165132,0.000162503,0.000168351,0.0001703,0.000169665,0.00016273,0.000173337,0.000170799,0.000175694,0.000172158,0.000180454,0.000177326,0.000181587,0.000187525,0.000191242,0.000196953,0.00018961,0.000202574,0.000195457,0.000205203,0.000208512,0.000200081,0.000211322,0.000217396,0.000213589,0.000215039,0.000224513,0.00022202,0.000234576,0.000237613,0.00024405,0.000241149,0.000245863,0.000244276,0.000249353,0.000252254,0.000256878,0.000263949,0.000269887,0.000275417,0.000270975,0.000282896,0.000285253,0.000291962,0.000290058,0.000294908,0.000317935,0.000303748,0.000323012,0.00031857,0.000333302,0.000329086,0.000344317,0.00034953,0.000350572,0.000350209,0.000348804,0.000353654,0.000360136,0.000358913,0.000363309,0.000384206,0.000371605,0.000376817,0.000382665,0.000375322,0.000389192,0.00039164,0.000389011,0.000391096,0.000395085,0.000402247,0.000399844,0.00039853,0.000409001,0.000408683,0.000403879,0.000402156,0.000408729,0.000411177,0.00040125,0.000413216,0.000422146,0.000424186,0.000423053,0.000420106,0.000431937,0.000423415,0.00043375,0.000434702,0.000439915,0.000437739,0.00044472,0.000447893,0.00044132,0.000454737,0.000467112,0.000463214,0.000474274,0.000476087,0.000493086,0.000500247,0.000511942,0.000511126,0.000521144,0.000530482,0.000544534,0.00055437,0.000569238,0.000579482,0.000583199,0.000609535,0.000625355,0.000633967,0.000647974,0.000668462,0.000692668,0.000730245,0.000743663,0.000785501,0.000808211,0.000830784,0.000899367,0.000924705,0.000980142,0.001027692,0.001079593,0.001152255,0.001238471,0.001322827,0.001420556,0.001531974,0.001686318,0.001854261,0.002017353,0.002186475,0.002395667,0.002646017,0.002897909,0.003170561,0.003441354,0.003729645,0.003978273,0.004300696,0.004570809,0.004824741,0.005052381,0.005251102,0.005427522,0.005597459,0.00572651,0.005786933,0.005819434,0.005850574,0.005858552,0.005847628,0.005797721,0.005773697,0.005787658,0.005659423,0.005618763,0.005571531,0.005477927,0.005412291,0.005348423,0.005202782,0.00513284,0.005061084,0.004973237,0.004870613,0.004808332,0.004745189,0.004698546,0.004646418,0.004562288,0.004526841,0.004454813,0.004391081,0.004357175,0.004278485,0.004249474,0.004193811,0.00413724,0.004079446,0.004030854,0.00400692,0.003965898,0.00389582,0.003902075,0.003917578,0.00388476,0.003892103,0.003863047,0.003876918,0.003883672,0.003882312,0.003833266,0.003892783,0.003848225,0.00385797,0.003860327,0.003850627,0.003825968,0.003809559,0.003817764,0.003808109,0.003801944,0.003776016,0.00378558,0.003773206,0.003757477,0.00376142,0.003747595,0.003775019,0.003723707,0.003731821,0.003714732,0.003762236,0.003724885,0.003705303,0.003721032,0.003714369,0.003738847,0.003749635,0.003712783,0.003718494,0.003715094,0.00372348,0.003694515,0.003730551,0.003705031,0.00371591,0.003718494,0.003713598,0.003720035,0.003720987,0.003732863,0.003765228,0.003714278,0.003718177,0.003716635,0.003724749,0.003720806,0.003753352,0.003731639,0.003734314,0.003737577,0.003745465,0.003726245,0.003725112,0.003748411,0.003767086,0.003737033,0.003727061,0.003750768,0.003740932,0.003790612,0.003803893,0.003808562,0.003813231,0.003791382,0.003812823,0.003847273,0.003836757,0.003860826,0.003852395,0.003868441,0.003874107,0.003878776,0.003858696,0.003870572,0.003904976,0.003878776,0.003914858,0.003908829,0.003926915,0.003947993,0.003964493,0.003960504,0.003974057,0.003994908,0.004051615,0.004118338,0.004129399,0.004158318,0.004228034,0.004268603,0.004354184,0.00441923,0.004458983,0.004529742,0.004519407,0.004619855,0.004671938,0.004724791,0.004774018,0.004870069,0.00490946,0.005024051,0.005097529,0.005198612,0.005264293,0.005372674,0.005481281,0.005559111,0.005631591,0.00572175,0.005806288,0.005868389,0.00591417,0.005954422,0.006008726,0.006024727,0.006064072,0.006063211,0.006008182,0.005991139,0.005935656,0.005826731,0.005740698,0.005592019,0.005358803,0.005232608,0.004975504,0.004695962,0.004480741,0.004153967,0.003869348,0.003576615,0.003298932,0.003027186,0.002775249,0.002525987,0.002339142,0.002105654,0.001928101,0.001735772,0.001592125,0.001458949,0.001359407,0.001268206,0.001182399,0.00113843,0.001057156,0.000985627,0.000936037,0.000905803,0.000845017,0.00079842,0.000766916,0.000742348,0.000705586,0.000684962,0.000679296,0.000656541,0.000631383,0.00061502,0.00060958,0.000584242,0.000580479,0.000562076,0.000555684,0.000540817,0.000518515,0.000513755,0.000515614,0.00051226,0.000493176,0.000495987,0.000481481,0.000467158,0.000468971,0.000459134,0.000459406,0.000444584,0.000445218,0.000439915,0.000432254,0.00044608,0.000436198,0.000436334,0.000431076,0.00042686,0.000423143,0.000412491,0.000420786,0.000413443,0.00040542,0.000407868,0.000409273,0.000411267,0.000407324,0.000400388,0.000402519,0.000404831,0.000392592,0.000397669,0.000395629,0.00040687,0.000390507,0.000382574,0.000383027,0.000387334,0.000382076,0.000379945,0.000378721,0.000380897,0.000372285,0.00036884,0.000370063,0.000351977,0.000362811,0.000360136,0.000359955,0.000344271,0.000345767,0.000336838,0.000340282,0.000317437,0.000318842,0.000318797,0.000311544,0.000307057,0.000302841,0.000301889,0.000295543,0.000293367,0.000280177,0.000281899,0.00027714,0.000266578,0.00027034,0.000262997,0.000249625,0.000252843,0.000249806,0.000246135,0.000245092,0.000242916,0.000237522,0.000233533,0.000221476,0.000223561,0.000214541,0.000213543,0.000207424,0.000201486,0.000212274,0.00020552,0.000194596,0.000206291,0.000200217,0.000203526,0.000193191,0.000191876,0.000195457,0.000188794,0.000184669,0.000178822,0.000177371,0.000173972,0.000176601,0.000172974,0.000172702,0.000179864,0.000171478,0.000180182,0.00017923,0.000168169,0.000165042,0.000171116,0.00016758,0.000161325,0.000157291,0.000155432,0.000154526,0.000160872,0.000151624,0.000157427,0.000156429,0.000151398,0.000147001,0.000168169,0.000158106,0.000147454,0.000156883,0.000154707,0.000167172,0.000171614,0.000155251,0.000150446,0.000143148,0.000152712,0.000145686,0.000142649,0.000146412,0.000135759,0.000135125,0.000133176,0.00014138,0.000130048,0.000125606,0.000143329,0.000124382,0.000128054,0.000127736,0.000122433,0.000116903,0.000115362,0.000114636,0.000115905,0.000113866,0.000112551,0.000110466,0.000108517,0.000102805,9.99E-05,9.94E-05,9.27E-05,0.000106024,9.21E-05,8.79E-05,8.95E-05,8.45E-05,9.29E-05,8.64E-05,8.32E-05,7.88E-05,8.61E-05,8.26E-05,7.69E-05,7.03E-05,6.88E-05,7.34E-05,6.42E-05
B?NH,HNGK030,HNGK030,6.85E-05,7.01E-05,7.95E-05,7.27E-05,7.46E-05,7.74E-05,8.18E-05,8.49E-05,8.14E-05,8.66E-05,8.96E-05,8.81E-05,9.22E-05,0.000100167,9.33E-05,9.68E-05,9.95E-05,0.000107796,0.000106598,0.000103324,0.000113379,0.000113262,0.000113613,0.000115132,0.000113642,0.000114256,0.000116769,0.000121446,0.000121475,0.000131121,0.000125596,0.000132407,0.000128929,0.000133167,0.000134804,0.000136236,0.000131647,0.000137785,0.00013758,0.000141935,0.000152107,0.000146027,0.000145589,0.000145267,0.000146875,0.000145238,0.000152662,0.000147956,0.00014898,0.000153802,0.000159063,0.00015351,0.000150236,0.000154562,0.000151464,0.000152487,0.000157222,0.000152692,0.000158859,0.000167218,0.000170492,0.000168651,0.000163974,0.000160086,0.00015994,0.000163389,0.000167131,0.000166225,0.000171456,0.000171398,0.000173766,0.000174409,0.000171164,0.000174409,0.000174233,0.000174584,0.000176455,0.000180664,0.000187328,0.000189812,0.000188906,0.000198844,0.000190251,0.000197704,0.000199692,0.00020393,0.000209103,0.000205216,0.000215124,0.000218924,0.000214481,0.000217463,0.000226407,0.000223922,0.000230382,0.000239004,0.000245084,0.000242863,0.000248095,0.000258179,0.000246809,0.000257068,0.000266772,0.000268526,0.000274839,0.000287027,0.000277762,0.000275979,0.000289336,0.000299508,0.000309095,0.000305295,0.000310615,0.00031348,0.00032561,0.000325522,0.000325522,0.000331718,0.000348116,0.000346567,0.000350571,0.00034873,0.000364162,0.000353582,0.000363081,0.00036653,0.000367319,0.000383483,0.000377666,0.000378075,0.00038585,0.000389942,0.000398331,0.000393713,0.000398419,0.000404089,0.000397659,0.000403446,0.000399822,0.000402978,0.000410052,0.000403592,0.000404001,0.000404206,0.000411484,0.000412653,0.000413793,0.000420691,0.000413881,0.000420369,0.000407012,0.000417505,0.000427589,0.000422649,0.00044197,0.000428554,0.000434049,0.000439748,0.000442145,0.000451615,0.000454187,0.000459156,0.000465353,0.000465733,0.000471783,0.000484615,0.000485053,0.00050753,0.000507588,0.000505279,0.000514282,0.000525564,0.000530328,0.000554822,0.000560025,0.00057309,0.000587412,0.000597613,0.000619506,0.000622575,0.000641252,0.000662238,0.000685066,0.000715259,0.000727565,0.000764598,0.000787513,0.000817239,0.000873271,0.000910099,0.000951809,0.001002784,0.001054168,0.001134547,0.001201803,0.001281715,0.001387319,0.001503825,0.001634946,0.001791612,0.001950033,0.002129995,0.002341758,0.002551358,0.002821667,0.003062775,0.003345886,0.00363303,0.003920321,0.00421261,0.004479031,0.004737092,0.005025026,0.005168803,0.005409064,0.005540652,0.005681798,0.005752883,0.005833321,0.005849952,0.005848257,0.005850361,0.005850244,0.005785882,0.00579734,0.005703486,0.00563623,0.005560586,0.005490729,0.005416692,0.005337015,0.00522422,0.005134371,0.00508816,0.004987262,0.004926904,0.004869324,0.004790376,0.004713972,0.004679658,0.004612636,0.004542779,0.004485461,0.004442348,0.004376437,0.004309708,0.004264754,0.004191565,0.004154824,0.004101628,0.00406968,0.004023908,0.003965655,0.003952034,0.003932013,0.003922309,0.003927862,0.003889718,0.003906876,0.003912692,0.00390179,0.003924501,0.003890683,0.003890712,0.003882119,0.003865371,0.003884369,0.003862448,0.003834417,0.003842923,0.003823486,0.003839737,0.003840029,0.003810859,0.00379943,0.003797472,0.003783705,0.003786687,0.003765379,0.003775901,0.00376342,0.003757721,0.003742463,0.003751846,0.003744772,0.003734425,0.003756961,0.003735858,0.00375205,0.00376456,0.00374223,0.003759942,0.003755178,0.003737874,0.003750881,0.003734104,0.003724429,0.003737582,0.003740885,0.003758218,0.003760351,0.003756201,0.003724868,0.003757838,0.003716128,0.003737874,0.003733782,0.003728229,0.003755295,0.003736939,0.00374258,0.003739131,0.003748338,0.003748514,0.003755909,0.003750092,0.003744159,0.003761257,0.003756815,0.003757107,0.003776983,0.003772394,0.003788382,0.00380323,0.003828952,0.003813899,0.003816032,0.003843917,0.003871129,0.003857537,0.003865838,0.003846635,0.003894161,0.003893343,0.003875133,0.003878085,0.003900825,0.003924384,0.00391468,0.00393818,0.003934117,0.003933971,0.003958874,0.003962586,0.003971588,0.003997427,0.00402195,0.004050009,0.004106743,0.004155058,0.004190513,0.004234707,0.0042903,0.004362174,0.004430715,0.004477482,0.004534449,0.004565577,0.004644203,0.004698247,0.004771641,0.004805254,0.004874205,0.004959641,0.005022775,0.005133845,0.005220538,0.005301238,0.005398132,0.005501836,0.005579176,0.005673556,0.005747008,0.005842528,0.005897273,0.005901365,0.005973648,0.006023484,0.006023484,0.006048182,0.006028043,0.005994839,0.005923141,0.005885465,0.005781147,0.005671188,0.005505373,0.005289985,0.005101518,0.004867131,0.004601763,0.004340924,0.004043141,0.003765233,0.003486126,0.003205851,0.002953109,0.002693498,0.002446894,0.002243023,0.002035995,0.001856179,0.001692848,0.0015529,0.001418155,0.00132322,0.001241116,0.001143462,0.001093276,0.001030639,0.000969521,0.0009165,0.000870845,0.000820893,0.00079482,0.000746388,0.000736655,0.000699739,0.00068264,0.000667763,0.00064549,0.000623598,0.000612578,0.000597292,0.000568326,0.000567683,0.000562334,0.000549707,0.000527289,0.000527961,0.000509021,0.000500193,0.000503993,0.000491454,0.000489116,0.000484848,0.000472221,0.000474852,0.000460296,0.000463511,0.000446471,0.000448575,0.00044954,0.000439602,0.000437205,0.000438579,0.000440713,0.000431856,0.000439573,0.000418616,0.000424549,0.000422094,0.000420837,0.000410578,0.000410636,0.000409876,0.000412858,0.000408386,0.000408795,0.00040745,0.000406427,0.000404294,0.000404586,0.000395145,0.000401868,0.000398419,0.000385616,0.000386142,0.000389825,0.000380004,0.000382693,0.000378601,0.000386084,0.000378046,0.000373428,0.000374685,0.000373516,0.000362642,0.000352471,0.000355978,0.000347707,0.000350951,0.000339347,0.000340809,0.000327334,0.00032938,0.000324002,0.000318887,0.000309154,0.000305179,0.000302373,0.000300093,0.00028995,0.000289921,0.00028162,0.000280977,0.000268438,0.000269607,0.000260225,0.000256571,0.000254262,0.000247013,0.000249234,0.000245347,0.000241518,0.000238537,0.000230353,0.000228774,0.000221613,0.000222227,0.000215884,0.000217083,0.000207262,0.000209308,0.000204397,0.00020089,0.000203959,0.000203608,0.00020013,0.000199399,0.000193933,0.000194898,0.000191478,0.000183966,0.000185574,0.000186012,0.000180547,0.000181424,0.000174993,0.000180254,0.00017891,0.000177419,0.000183645,0.000179407,0.000170726,0.000172275,0.000171427,0.000170375,0.000165786,0.000161402,0.000164968,0.000163185,0.000171427,0.000156988,0.000158128,0.000162776,0.000160057,0.000154796,0.000177068,0.000158976,0.000160613,0.000161723,0.000162688,0.000163156,0.00016944,0.000158187,0.000154621,0.000147752,0.000154182,0.00015427,0.000144303,0.000149213,0.000138165,0.000140649,0.000136411,0.000146437,0.000135183,0.000130361,0.00014518,0.000132728,0.000131208,0.000127584,0.000123813,0.000118377,0.000121475,0.000116097,0.000116974,0.000112297,0.000113116,0.000108673,0.000105867,0.00010423,0.000106539,9.83E-05,9.79E-05,0.000102389,9.36E-05,8.87E-05,8.95E-05,8.68E-05,8.88E-05,9.03E-05,8.30E-05,7.77E-05,8.44E-05,8.09E-05,7.69E-05,7.25E-05,7.07E-05,7.11E-05,6.95E-05
B?NH,HNGK031,HNGK031,7.38E-05,7.23E-05,8.58E-05,7.45E-05,7.53E-05,7.77E-05,8.42E-05,9.21E-05,8.62E-05,9.05E-05,9.27E-05,9.72E-05,9.47E-05,0.000106799,9.70E-05,9.95E-05,0.00010099,0.000109483,0.000113849,0.000109643,0.000120459,0.000114811,0.000116052,0.000119337,0.000121501,0.000116333,0.000119137,0.000120739,0.000129352,0.000135762,0.000131235,0.000133679,0.000134039,0.000137685,0.000136803,0.000137404,0.000133558,0.000135321,0.000133358,0.000147659,0.000150704,0.000149422,0.000147099,0.000147339,0.000153789,0.000149462,0.000148861,0.000146217,0.000152467,0.00015491,0.000155872,0.000151024,0.000147019,0.000155231,0.000151305,0.000148901,0.000160759,0.000161961,0.000159477,0.000166047,0.0001751,0.00016817,0.000165125,0.000158876,0.000158155,0.000164164,0.00016813,0.000169332,0.000173778,0.000171455,0.000173097,0.000177624,0.000179507,0.000176142,0.00018155,0.000178706,0.00018163,0.000179947,0.000191364,0.000189642,0.000189642,0.000198936,0.000192326,0.000198335,0.000201179,0.000203663,0.00021556,0.000207388,0.000221289,0.000218525,0.000212556,0.000219005,0.000224454,0.000228139,0.000231063,0.00023547,0.00024881,0.000243722,0.000246727,0.000254779,0.000253096,0.00026227,0.000263912,0.000273086,0.000278854,0.00028959,0.000276331,0.000285024,0.000290392,0.000296601,0.000305174,0.000303852,0.000312985,0.000315269,0.000324522,0.000319835,0.000334697,0.000331533,0.000351803,0.000356049,0.000352804,0.000348358,0.000350521,0.000361858,0.000366344,0.00037007,0.000370991,0.000385092,0.000376319,0.000379043,0.000385493,0.00039022,0.000399514,0.000400876,0.000385773,0.000394466,0.000387055,0.000407406,0.000406564,0.000405162,0.000411131,0.000408087,0.000402438,0.000401877,0.00041033,0.000431561,0.000412653,0.00042371,0.00042395,0.000420986,0.000423229,0.000422668,0.000431361,0.000426394,0.000431842,0.000435607,0.0004306,0.000440294,0.000445262,0.000449508,0.000455878,0.00045728,0.000469257,0.000468416,0.000474906,0.000483358,0.000483759,0.00050447,0.000507755,0.00051144,0.000526503,0.00053171,0.00054489,0.000556747,0.000562396,0.00058531,0.000583547,0.000609386,0.000621884,0.00063939,0.000658659,0.000682815,0.000695273,0.000711658,0.000741863,0.000778237,0.00081389,0.000832437,0.000895771,0.000916242,0.000984744,0.001039385,0.001100676,0.00115696,0.001240644,0.001309266,0.001421873,0.001543214,0.00170237,0.001841617,0.002016918,0.002203395,0.002404253,0.002642447,0.002911928,0.00314888,0.003435626,0.003709433,0.004011482,0.004301353,0.004578004,0.004805943,0.00505984,0.005274679,0.005411002,0.005575006,0.005736085,0.005790526,0.005847411,0.00586732,0.005851937,0.005824056,0.005831227,0.005781673,0.005751268,0.005675075,0.005599042,0.005531421,0.00545699,0.005353356,0.005285496,0.005180379,0.005148292,0.00501273,0.004956006,0.004861746,0.004813154,0.004746094,0.004674347,0.004593787,0.004536823,0.004516032,0.004434871,0.004376104,0.004321703,0.004260853,0.004200122,0.004160744,0.004130459,0.004044531,0.004012684,0.003984522,0.003961448,0.003927037,0.003894749,0.00388233,0.003876161,0.003895309,0.003856652,0.003870072,0.003900958,0.003854849,0.003846837,0.003843232,0.003823883,0.003839947,0.003832816,0.003834219,0.003834619,0.003809983,0.00380822,0.003806938,0.003797404,0.003764555,0.003784104,0.003762392,0.003766478,0.00376776,0.003741401,0.003738957,0.003754781,0.003734911,0.003729423,0.003742442,0.003737034,0.003718406,0.003722533,0.003718166,0.003716243,0.003736393,0.003691607,0.003719889,0.003712037,0.003733108,0.003718206,0.003725858,0.003711596,0.003726779,0.003716243,0.003726899,0.003714441,0.003738196,0.003725257,0.003763033,0.003726539,0.003701421,0.003732507,0.003712438,0.003717846,0.003728862,0.003742683,0.003695733,0.003733509,0.003726418,0.003718406,0.003759267,0.003721892,0.003741481,0.003734831,0.00370707,0.003733709,0.003765436,0.003751656,0.003798205,0.003799487,0.003793278,0.003796763,0.003792396,0.003829091,0.003839506,0.003844594,0.003838585,0.003870593,0.003872916,0.003846357,0.003881849,0.003858294,0.003904443,0.00389551,0.003892385,0.00390232,0.003906686,0.003912535,0.003932445,0.003959004,0.003969219,0.004017251,0.004015568,0.004074816,0.004096528,0.004135106,0.004215906,0.004276476,0.004318578,0.004378828,0.004437115,0.00448086,0.004544514,0.004569632,0.004674027,0.00471673,0.004770089,0.004845842,0.004906492,0.00496534,0.005078628,0.005159148,0.005279607,0.005372345,0.005491562,0.005529739,0.005633613,0.005686772,0.005791608,0.005839359,0.005912187,0.005959177,0.005993948,0.006050633,0.006071944,0.00608248,0.006043061,0.005990664,0.005940469,0.005828823,0.005734443,0.005572963,0.005399705,0.005215431,0.004962415,0.004726625,0.004452017,0.004148125,0.003876562,0.003583406,0.003308437,0.003039558,0.002768114,0.002534086,0.002332627,0.002105289,0.001923619,0.001747197,0.001603022,0.001463936,0.001355655,0.001273052,0.001195176,0.001136089,0.001054407,0.000994718,0.000923172,0.000892406,0.00084105,0.000796784,0.000766059,0.000761131,0.000707091,0.000696315,0.000677006,0.000651328,0.000635905,0.000614353,0.000604178,0.000575175,0.000580943,0.00055839,0.000553423,0.000534394,0.000534795,0.000510399,0.000508275,0.000513844,0.000494415,0.000487324,0.000481916,0.000469858,0.000477189,0.000469698,0.000463769,0.000445142,0.000459964,0.000438372,0.00043753,0.000440695,0.000442858,0.000447465,0.000435808,0.000428076,0.000418302,0.000421506,0.000413174,0.000411892,0.000412573,0.000422909,0.000414256,0.000420144,0.000414496,0.000400075,0.000402038,0.000404601,0.000403159,0.000406084,0.000407886,0.000406324,0.000393425,0.00039723,0.000388537,0.000388377,0.00038337,0.000373715,0.000377802,0.000382569,0.000374276,0.000386414,0.000378002,0.000365463,0.000365503,0.000360896,0.000365704,0.000342189,0.000367146,0.00033654,0.000338062,0.000321999,0.000333696,0.000325203,0.000324362,0.000313185,0.000301488,0.000304573,0.000297682,0.000296,0.0002825,0.000288829,0.000278534,0.000271844,0.000270121,0.000264673,0.000258304,0.000260748,0.000246767,0.000247247,0.000249491,0.000249531,0.000244003,0.000238194,0.000225535,0.000223452,0.000226176,0.000217924,0.000209271,0.000213117,0.000215,0.000205025,0.000198655,0.000207869,0.00020182,0.000203262,0.000201299,0.000197854,0.000194209,0.000192646,0.000185876,0.00018183,0.000182832,0.000180989,0.000185115,0.000180909,0.000179627,0.000184154,0.000179226,0.000184674,0.000185596,0.000176703,0.000176663,0.000175781,0.000175781,0.000168771,0.000157154,0.000167689,0.000162602,0.000163723,0.000155311,0.000162642,0.00016168,0.000162041,0.000151505,0.000187439,0.000159797,0.000157955,0.000162922,0.000162041,0.000173858,0.000177664,0.000157915,0.000155391,0.000153108,0.00016148,0.000152787,0.000144294,0.000150944,0.000137004,0.000138967,0.000139567,0.00014814,0.000132036,0.000136883,0.000144375,0.000133318,0.000132317,0.00012795,0.00012795,0.000122142,0.000125987,0.000116373,0.000117935,0.000112247,0.000118176,0.000113409,0.00010792,0.000109603,0.00010796,0.000103193,9.86E-05,0.000107199,9.54E-05,9.18E-05,8.53E-05,8.67E-05,9.39E-05,9.67E-05,8.74E-05,7.89E-05,9.21E-05,8.57E-05,7.84E-05,7.27E-05,7.59E-05,7.53E-05,7.10E-05
B?NH,HNGK032,HNGK032,7.07E-05,7.06E-05,7.62E-05,7.31E-05,7.58E-05,8.09E-05,8.32E-05,8.68E-05,8.07E-05,8.70E-05,8.76E-05,9.32E-05,9.34E-05,9.93E-05,9.46E-05,9.81E-05,0.000101739,0.000103606,0.000108104,0.000103672,0.000117335,0.000114503,0.000116802,0.000111737,0.000112936,0.000115436,0.000119468,0.000118835,0.000124967,0.000130498,0.000121934,0.000129532,0.000133997,0.000134064,0.000135197,0.00013843,0.000129199,0.00013793,0.000138996,0.000145794,0.000153859,0.000150326,0.000145428,0.000145861,0.000150126,0.000146527,0.000150393,0.000146461,0.000150626,0.000151459,0.000164856,0.00014836,0.000148627,0.000156158,0.000152492,0.000153459,0.000158691,0.000154492,0.000163423,0.000166189,0.000171754,0.00017242,0.000163523,0.000159257,0.000157325,0.00016019,0.000169555,0.000167322,0.000175853,0.000171754,0.000175053,0.000174187,0.000180318,0.000174886,0.000178619,0.000177419,0.000178752,0.000183584,0.000185017,0.000185784,0.000188416,0.00019778,0.000190782,0.000201046,0.000201413,0.000201546,0.000203945,0.000210744,0.000212077,0.000218941,0.000215676,0.000220274,0.00022274,0.000221607,0.000232105,0.000231638,0.000242635,0.000243935,0.000245034,0.000259131,0.000248967,0.000254832,0.000266095,0.000263896,0.000275293,0.000279425,0.000278259,0.00028479,0.000283524,0.000293955,0.000294954,0.00029782,0.000308717,0.000309517,0.000319015,0.000322547,0.000327945,0.000326246,0.000338776,0.000347207,0.000353272,0.000343241,0.000349606,0.000344608,0.000360603,0.00036157,0.000365569,0.000383097,0.000366868,0.000377865,0.000383764,0.000384264,0.000387563,0.000394961,0.000388429,0.000391595,0.000388196,0.000396727,0.000394594,0.000397127,0.000405658,0.000396494,0.000394361,0.000402392,0.000401392,0.000407924,0.000402992,0.000407757,0.000413389,0.000406624,0.00041039,0.000410323,0.000420487,0.000416688,0.00042262,0.00042312,0.000425019,0.000430285,0.000434817,0.000441448,0.000449246,0.000453545,0.000451646,0.000467108,0.000468108,0.000477872,0.000481438,0.000495934,0.000503399,0.000496734,0.000512096,0.000519594,0.000530558,0.000545221,0.000562049,0.000560916,0.000582211,0.000589109,0.000607404,0.000620867,0.000637096,0.000659323,0.000685783,0.000705111,0.000728372,0.000743967,0.000796487,0.000813649,0.000869734,0.000884396,0.00094718,0.001002132,0.001064248,0.001130031,0.001203378,0.001288722,0.00139556,0.00150483,0.001633029,0.001790254,0.001964007,0.002142926,0.002333875,0.002569712,0.002826943,0.00310077,0.003366698,0.00364519,0.003951242,0.004215171,0.004529587,0.004770156,0.005020855,0.005237864,0.005415083,0.005566576,0.005710037,0.005766889,0.005835304,0.005886423,0.005905252,0.005878126,0.005866395,0.005868195,0.005826673,0.005733764,0.005666482,0.005591669,0.005509191,0.005441609,0.005361064,0.005257525,0.005185778,0.005106099,0.005009358,0.004920982,0.004870496,0.004793683,0.004702541,0.004671549,0.004618663,0.00452982,0.004487898,0.00444281,0.004360565,0.004303281,0.004262725,0.004200042,0.004133093,0.004098769,0.004062745,0.003994963,0.003977835,0.003953108,0.003917384,0.003899522,0.003885659,0.003898622,0.003864332,0.003915185,0.003885126,0.003888725,0.00384677,0.003861699,0.003852835,0.003851902,0.003855534,0.003853268,0.00384717,0.003828841,0.003824842,0.003805947,0.003824842,0.003788219,0.003778388,0.003796017,0.003768224,0.003783753,0.003773723,0.003787186,0.003731867,0.00374713,0.003761792,0.003760026,0.003733533,0.003747496,0.003739132,0.003747363,0.003729501,0.003754128,0.003722903,0.003768657,0.003733633,0.003748129,0.003729701,0.003743597,0.003736699,0.003729268,0.003744031,0.00375966,0.003744231,0.003771023,0.003740098,0.003764858,0.003727468,0.003724936,0.003751129,0.003738732,0.003730767,0.00374663,0.003741465,0.003743131,0.003737166,0.003736799,0.003754894,0.003728201,0.003731667,0.003732,0.003767758,0.003748796,0.003793584,0.00377179,0.003790918,0.003786752,0.003804714,0.003809013,0.003801082,0.003812312,0.003844004,0.003815678,0.003877262,0.003865231,0.003856134,0.003873962,0.003889058,0.003883993,0.003886359,0.003930281,0.003918284,0.003915885,0.003887892,0.003935379,0.003911452,0.003962072,0.003976868,0.003990931,0.00400596,0.004052481,0.004119597,0.004144423,0.004167284,0.004225268,0.004303281,0.004348935,0.00443228,0.004478634,0.004515957,0.004599168,0.004663784,0.004711838,0.004763491,0.004797682,0.004873828,0.004964804,0.005046815,0.005132125,0.005229199,0.005338803,0.005433311,0.005519388,0.005606965,0.005709937,0.005748427,0.005833404,0.005894621,0.005958604,0.006005258,0.006032751,0.006076806,0.006075973,0.006095534,0.006062876,0.005969368,0.005910684,0.005826906,0.005681012,0.005537817,0.00532534,0.005158019,0.004877027,0.004646922,0.004390058,0.004051915,0.003807847,0.003484,0.003233234,0.002970771,0.002715606,0.002453776,0.002257395,0.002040653,0.001848405,0.001689814,0.001542887,0.001422086,0.001317514,0.001232603,0.001150758,0.001094673,0.001025792,0.00094588,0.000899559,0.000874332,0.000815848,0.000775126,0.000741635,0.000714142,0.000691048,0.00067292,0.000663756,0.000641695,0.000626732,0.00060847,0.000588676,0.000568648,0.000566082,0.00054732,0.000539389,0.000525626,0.000518361,0.000506098,0.000504032,0.000492868,0.00048667,0.000479838,0.000480471,0.000467675,0.000460843,0.000449146,0.00044868,0.000442548,0.000441815,0.000440782,0.000432318,0.000435517,0.00042352,0.000431651,0.000426119,0.000425886,0.000423087,0.000413689,0.000417255,0.000412989,0.000407791,0.000400626,0.000399793,0.000404325,0.000408357,0.000402592,0.000399493,0.000400426,0.000399393,0.000394328,0.000396127,0.000396794,0.000393528,0.000381331,0.000380931,0.000383564,0.000379265,0.000377266,0.000369468,0.000375733,0.000371434,0.000370534,0.000375966,0.000363503,0.000363136,0.000354605,0.000354638,0.00034984,0.00034674,0.000336043,0.000336643,0.000321014,0.00032238,0.000321547,0.000318381,0.000306618,0.000305318,0.00029912,0.000294688,0.000292688,0.000285557,0.000279092,0.000270961,0.000269328,0.000265829,0.000259764,0.000249533,0.000255032,0.000248867,0.0002483,0.000246201,0.000240169,0.000241135,0.000238469,0.000224007,0.000221474,0.000220774,0.000209644,0.000215242,0.000203879,0.000204412,0.000197147,0.000198847,0.000209344,0.000196347,0.000204179,0.000199547,0.000187083,0.000192049,0.000189916,0.000187183,0.000184084,0.000183584,0.000174687,0.000180152,0.000177852,0.000177219,0.000179719,0.000177452,0.000185684,0.000183617,0.000174753,0.00017382,0.000166389,0.000173587,0.000167089,0.000158724,0.000164323,0.000156958,0.000168921,0.000162856,0.000165989,0.000159524,0.000159157,0.000152959,0.000188616,0.000167255,0.000159857,0.000166789,0.00016069,0.000170121,0.000178086,0.000158258,0.00015096,0.000149427,0.00016069,0.000149293,0.000147327,0.000154625,0.000139763,0.00013673,0.000136097,0.000146927,0.000130665,0.000135031,0.000149493,0.000132998,0.000128599,0.000127966,0.000120301,0.000117768,0.000121301,0.000112103,0.000115269,0.000111837,0.000114336,0.000109471,0.000104939,0.000107071,0.000103206,9.80E-05,9.35E-05,9.58E-05,9.20E-05,8.56E-05,8.92E-05,8.39E-05,8.41E-05,9.04E-05,8.41E-05,8.34E-05,8.95E-05,8.15E-05,7.66E-05,7.14E-05,7.20E-05,7.40E-05,6.70E-05
B?NH,HNGK033,HNGK033,7.11E-05,6.87E-05,7.70E-05,7.14E-05,7.41E-05,7.79E-05,8.16E-05,8.29E-05,7.98E-05,8.55E-05,8.65E-05,9.16E-05,9.08E-05,9.28E-05,9.10E-05,9.54E-05,9.55E-05,0.000107056,0.000106182,0.000103828,0.000108613,0.00011279,0.000108879,0.000109828,0.000111537,0.000107284,0.000112031,0.000113398,0.000126006,0.000127145,0.000121145,0.000129386,0.000124297,0.000125094,0.000123499,0.000135462,0.000129917,0.000135158,0.000136373,0.000140931,0.000143551,0.000140323,0.00014226,0.000141045,0.000140057,0.000146361,0.000147311,0.000141652,0.000146323,0.000152096,0.000154222,0.000149172,0.000144159,0.000149513,0.000153463,0.00014864,0.000154146,0.000150045,0.000159387,0.000164856,0.000166071,0.00016064,0.000159311,0.000156995,0.000153273,0.000163033,0.000165388,0.00016516,0.000161096,0.000164628,0.00016459,0.000175451,0.000171198,0.000171768,0.000178072,0.000174578,0.000170932,0.000179932,0.000182705,0.000183085,0.000183009,0.000191591,0.000185705,0.000191781,0.000190262,0.00020044,0.000200971,0.000198883,0.000207883,0.000209668,0.000213352,0.00021696,0.000224745,0.000222808,0.000232986,0.000229302,0.000245404,0.000243467,0.000234087,0.000252771,0.000247986,0.0002511,0.000255392,0.000265493,0.000269405,0.000277646,0.000279659,0.000281102,0.000284672,0.000288659,0.000295685,0.000304533,0.00031361,0.000302824,0.000317901,0.000318736,0.000326522,0.000324813,0.000337041,0.000344143,0.000347523,0.000347447,0.000346611,0.000361764,0.00035884,0.000362865,0.000361384,0.000379765,0.000371144,0.000376992,0.000384018,0.00037836,0.000386942,0.000390284,0.000385043,0.000391347,0.000393322,0.000401601,0.000401601,0.000394993,0.000405057,0.000406044,0.000403994,0.000410981,0.000401183,0.000410829,0.000416602,0.000413412,0.000406196,0.000425374,0.000412652,0.000421425,0.000425678,0.000422184,0.000433084,0.00042864,0.000436122,0.000436881,0.000440223,0.000451692,0.000457047,0.00045754,0.000461528,0.000465174,0.000474402,0.000479947,0.000487352,0.000504821,0.000503568,0.000509758,0.000519708,0.000525556,0.00052962,0.000551684,0.000566229,0.000568774,0.000582939,0.000602687,0.000620232,0.000623801,0.000640701,0.000667968,0.000687412,0.000712552,0.000736667,0.000763631,0.00080062,0.00081638,0.000865901,0.000909422,0.000966121,0.001001857,0.001053315,0.001127825,0.001217488,0.001290782,0.00138504,0.001504096,0.001660407,0.001789033,0.001962624,0.002136822,0.002323134,0.002573665,0.00278808,0.003071271,0.003350322,0.003638981,0.00390512,0.004173917,0.0044505,0.004729779,0.004964132,0.005140039,0.005323427,0.005462915,0.005615428,0.005694761,0.005775081,0.00578055,0.005802196,0.005788905,0.005778955,0.005754118,0.005717699,0.005643721,0.005570692,0.005519082,0.005434964,0.005381113,0.005291565,0.00521246,0.005124772,0.005070314,0.004972259,0.004910699,0.004845873,0.004765097,0.00468622,0.004676764,0.004618698,0.004561505,0.0044704,0.00445669,0.004399991,0.00432533,0.004299012,0.004207641,0.004170044,0.004117408,0.004065267,0.004029341,0.004010885,0.003967705,0.003952705,0.003931628,0.00394021,0.003917386,0.00393421,0.003920652,0.003936413,0.003922969,0.00389798,0.003907361,0.003913475,0.003913665,0.003937476,0.003896461,0.003889436,0.003881081,0.00387022,0.003871169,0.003871017,0.003827572,0.003846484,0.003845763,0.003830686,0.00381785,0.003826167,0.003823774,0.00382837,0.003781165,0.003796963,0.003779874,0.003790621,0.003773684,0.003772886,0.00376305,0.003782114,0.003787963,0.00378519,0.003790697,0.00377224,0.003771861,0.003782608,0.003787811,0.003762404,0.003774937,0.003780405,0.003784165,0.003782874,0.003779798,0.003797153,0.003795102,0.003768747,0.003770759,0.003791874,0.003785836,0.003750936,0.003777747,0.003777519,0.003768633,0.00376362,0.003762974,0.003775203,0.003783405,0.003808204,0.003804065,0.003809723,0.003796128,0.003799356,0.003814394,0.003823319,0.003855561,0.00385989,0.00385746,0.003853966,0.003856396,0.003924146,0.00389874,0.003906525,0.003892436,0.003909449,0.003891221,0.003923235,0.003894411,0.0039543,0.003952135,0.00395073,0.003939679,0.003975187,0.003971883,0.003968199,0.004008606,0.004016429,0.004042291,0.004049772,0.00410575,0.004151435,0.004166474,0.004206957,0.004269238,0.00434109,0.004367256,0.004430373,0.004512895,0.004543656,0.004566708,0.004615166,0.004721196,0.004750248,0.004801251,0.004862127,0.004934434,0.005017071,0.00507601,0.005211738,0.005290881,0.005392127,0.005506208,0.005517525,0.005646607,0.0057098,0.005779676,0.005791943,0.005860187,0.005881188,0.005919582,0.005955166,0.005990902,0.005972559,0.005952469,0.005858554,0.005814995,0.005733953,0.005607567,0.005470054,0.005241968,0.005068605,0.004839531,0.004590291,0.004338128,0.004009935,0.003742847,0.00348191,0.003194125,0.002949556,0.00268862,0.002453432,0.002276955,0.002037931,0.001841441,0.001686839,0.00154625,0.001427687,0.001322341,0.001242248,0.001158814,0.001089963,0.001031289,0.000958108,0.000921005,0.000876535,0.000824735,0.000786758,0.000753947,0.000745212,0.000703324,0.000682399,0.000663791,0.000639068,0.000635726,0.000613966,0.000598243,0.000579255,0.000573217,0.00055814,0.00055571,0.000524531,0.000525366,0.000513936,0.000513442,0.000500264,0.000501099,0.000486365,0.000483137,0.000481314,0.000470073,0.000454616,0.000453021,0.000446641,0.000446603,0.000440337,0.000443831,0.000437945,0.000430387,0.000435704,0.000422184,0.000431678,0.000414399,0.000418121,0.000416108,0.000418653,0.000409082,0.000408741,0.000408893,0.00041364,0.00041364,0.000400272,0.000402019,0.000393588,0.000406956,0.000399474,0.000400804,0.000399512,0.000388955,0.000392183,0.000380334,0.000376195,0.000381208,0.00037817,0.00037779,0.000377486,0.000373309,0.000373575,0.000366701,0.000361422,0.000357435,0.000360663,0.000357017,0.000340687,0.000347295,0.00033256,0.000342624,0.000321471,0.000324889,0.000323977,0.000309128,0.000308635,0.000288849,0.000298951,0.000294621,0.000285583,0.000278785,0.000286305,0.000277988,0.000276317,0.000259645,0.000253911,0.000252961,0.000257708,0.000246999,0.000241758,0.000243847,0.000238834,0.00023496,0.000234049,0.00021901,0.000219276,0.000221061,0.000215061,0.000205111,0.000209098,0.000203402,0.000202415,0.000201579,0.000208947,0.000196794,0.000199604,0.000195085,0.00018673,0.00019087,0.000183502,0.000190908,0.000178489,0.000179097,0.000176249,0.000176591,0.000175831,0.000177844,0.000179781,0.000173021,0.000182249,0.000181528,0.000169489,0.000167628,0.000168691,0.00016421,0.000160337,0.000158438,0.000158096,0.000153653,0.000162729,0.000148716,0.000156577,0.000156615,0.000157526,0.00015126,0.000175261,0.000156463,0.000154792,0.000160868,0.000156881,0.000165539,0.00017435,0.000147653,0.000152438,0.000146855,0.000152438,0.000147159,0.000144273,0.000143437,0.000137817,0.000133145,0.00013626,0.000145602,0.000128968,0.000129462,0.000141918,0.000130411,0.000127411,0.000122398,0.000122702,0.000114309,0.000115297,0.000110512,0.000113626,0.00010717,0.000110891,0.000106942,0.000103068,0.000102688,9.89E-05,9.60E-05,9.57E-05,9.95E-05,8.84E-05,8.59E-05,8.86E-05,8.37E-05,8.81E-05,8.96E-05,8.45E-05,7.90E-05,8.77E-05,8.04E-05,7.56E-05,7.05E-05,7.23E-05,7.13E-05,6.78E-05
B?NH,HNGK034,HNGK034,6.99E-05,7.07E-05,7.77E-05,7.16E-05,7.66E-05,8.11E-05,8.24E-05,9.01E-05,8.06E-05,8.65E-05,8.83E-05,9.09E-05,9.44E-05,9.98E-05,9.64E-05,9.71E-05,0.000102154,0.000109495,0.000113988,0.000109005,0.000110162,0.000111052,0.000112965,0.000106558,0.000116747,0.000113766,0.000118438,0.000117948,0.000121774,0.000130762,0.000121641,0.000123421,0.000133654,0.000131785,0.000135389,0.000145622,0.000129116,0.00013797,0.000134054,0.000142152,0.000148514,0.000146957,0.000144777,0.000140906,0.000146423,0.000148425,0.00014095,0.000147535,0.000142775,0.000153542,0.000158747,0.000159504,0.000146201,0.000158124,0.000149448,0.000150605,0.000151006,0.000154743,0.00015759,0.000171427,0.000168802,0.000163107,0.000160216,0.000158436,0.000162084,0.000165644,0.000167245,0.00017036,0.000175743,0.00016462,0.00016898,0.000177345,0.000174898,0.000180993,0.000181928,0.000175521,0.00017601,0.000186021,0.000187311,0.000188913,0.000187845,0.000195008,0.000186599,0.000195275,0.000198034,0.000205019,0.000207555,0.000203373,0.000216053,0.000217744,0.000216854,0.000215919,0.000231403,0.000232381,0.000231536,0.000238165,0.000240612,0.000244172,0.000248043,0.000251646,0.000253293,0.000254449,0.000267085,0.000270911,0.000278386,0.000285371,0.000279543,0.000284882,0.000286751,0.000303346,0.000299386,0.000309931,0.000318251,0.000310598,0.00031705,0.000326838,0.000331198,0.000335914,0.000344056,0.000337783,0.000355936,0.0003542,0.000350063,0.000356603,0.00036172,0.000367237,0.000367726,0.000385167,0.000372131,0.000385879,0.000392819,0.000377425,0.000394243,0.000400606,0.000399004,0.000393487,0.000395845,0.000400472,0.00041462,0.000397803,0.000403675,0.000402474,0.000401673,0.000409993,0.000411817,0.000409459,0.00040679,0.000421784,0.000418091,0.000425877,0.00042214,0.000422585,0.00043264,0.000434642,0.000439269,0.000436199,0.000430015,0.000440515,0.00045097,0.000462983,0.000458089,0.000458712,0.000469079,0.000466988,0.000477977,0.000479089,0.000494395,0.000509477,0.000511613,0.000506051,0.000514238,0.000531011,0.000531768,0.000546628,0.000562912,0.00057755,0.000587116,0.000603489,0.000628805,0.000627025,0.000654388,0.000668847,0.000701905,0.000711827,0.000754317,0.000768287,0.000797385,0.000838495,0.000886814,0.000906924,0.000964941,0.001023893,0.001081021,0.001150028,0.001193586,0.001306417,0.001413732,0.001517487,0.001659238,0.00182021,0.001999602,0.002155457,0.002369285,0.002591745,0.002845082,0.003114792,0.003378185,0.00367726,0.00395658,0.004226201,0.004515933,0.004707337,0.004973577,0.005177083,0.005355318,0.005520873,0.005647052,0.005746847,0.005767047,0.00579957,0.005815899,0.00579917,0.005752587,0.005750807,0.005686338,0.005669787,0.005552328,0.005499828,0.005429887,0.005367909,0.005301972,0.005161556,0.005102426,0.005039559,0.004950041,0.0048704,0.00482097,0.004775543,0.004687716,0.004643714,0.004575864,0.004513975,0.004474778,0.004391533,0.004356607,0.004300325,0.004263041,0.004194879,0.004144692,0.004082359,0.004019492,0.004022206,0.003961385,0.003931798,0.00393776,0.003908351,0.003910042,0.003887929,0.003934735,0.003918495,0.003929929,0.003901188,0.003889887,0.003860166,0.003870221,0.003888418,0.003871601,0.00388744,0.003884192,0.003828532,0.003848999,0.003831113,0.003840011,0.00381732,0.003813583,0.003802816,0.003794185,0.003804818,0.003795875,0.003794629,0.00377225,0.003788801,0.00379107,0.003805574,0.003748002,0.003758235,0.00377403,0.003779725,0.003744354,0.003773807,0.003757301,0.003754409,0.003782572,0.003741239,0.003739993,0.003753697,0.003742618,0.003767534,0.003748758,0.003773451,0.003785108,0.003793651,0.00378542,0.003789913,0.003766021,0.003760059,0.003758724,0.003731451,0.003773896,0.003810068,0.003769091,0.003768602,0.003775631,0.003767,0.003757479,0.003795964,0.003766688,0.003797076,0.003785064,0.003782172,0.003789468,0.003801793,0.003803928,0.003808377,0.003848509,0.00383792,0.003822926,0.003817365,0.003881656,0.003885882,0.003879832,0.003912044,0.003911821,0.003876228,0.003901455,0.00388962,0.003907105,0.00394212,0.003927304,0.003931798,0.00393251,0.003927794,0.00396668,0.003998714,0.003987013,0.004013975,0.00400303,0.004060691,0.004128897,0.004122847,0.004190074,0.004256456,0.004297433,0.004337921,0.004400832,0.004453066,0.004533062,0.004562649,0.00459415,0.004667784,0.004737503,0.004752586,0.004824307,0.004902434,0.004987147,0.005094284,0.005151678,0.005248048,0.005338144,0.005448173,0.005517046,0.00559464,0.005661334,0.00576411,0.005822128,0.005849935,0.005907641,0.005932646,0.005975402,0.005968239,0.005994756,0.005951288,0.005896162,0.005823863,0.005745868,0.005663781,0.00548955,0.005298502,0.005122937,0.004889665,0.004637262,0.004376584,0.004089033,0.00383049,0.003522695,0.003243686,0.002987946,0.002732651,0.002489636,0.002300367,0.002051257,0.001883389,0.001709692,0.001572257,0.001433842,0.001326794,0.001258455,0.001187535,0.001123511,0.001041334,0.000969435,0.000928992,0.00088539,0.000835737,0.000805171,0.000773626,0.000736164,0.000721615,0.000701015,0.00067561,0.000662396,0.000630629,0.000618305,0.000602421,0.000586715,0.000568874,0.000559709,0.000559486,0.000531634,0.000527897,0.000516107,0.000509611,0.000502537,0.000505206,0.000493683,0.000484117,0.000478288,0.000470102,0.000462093,0.000463695,0.000446521,0.000456799,0.00045275,0.000437667,0.000444341,0.000442383,0.000443006,0.000430994,0.000438068,0.00041689,0.000426856,0.00041511,0.000422585,0.00041026,0.000414309,0.000412529,0.00040986,0.000421472,0.000410394,0.000414309,0.00041075,0.000407235,0.00040025,0.000405945,0.000400205,0.000392819,0.000390906,0.000388949,0.000379961,0.000378048,0.000375601,0.000376046,0.000385167,0.000371552,0.000388326,0.000374667,0.000368616,0.000362431,0.000359317,0.000352821,0.000348505,0.000360607,0.000345213,0.000339696,0.000334891,0.000327105,0.00031438,0.000316516,0.000303658,0.000304191,0.000304191,0.000297518,0.000294136,0.000287729,0.000276073,0.000277229,0.000273803,0.000266685,0.000256585,0.000252892,0.000252136,0.000247375,0.000251913,0.000243282,0.000239233,0.000237187,0.000239322,0.000226731,0.000221525,0.000217833,0.000217343,0.000203729,0.000212316,0.000206888,0.000207421,0.000195854,0.00020889,0.000201549,0.000204485,0.000194652,0.000194074,0.000193896,0.000193762,0.00018175,0.00017868,0.000191137,0.000175788,0.000178279,0.000180281,0.000185175,0.000180548,0.000181616,0.000180637,0.000180726,0.000174542,0.000166711,0.000168713,0.00017205,0.000171516,0.00016373,0.000161016,0.00015986,0.000174053,0.000157457,0.000158124,0.000159326,0.000164042,0.000156122,0.000185798,0.000157457,0.000153364,0.000162262,0.000160393,0.000164754,0.000184108,0.000154521,0.000153364,0.000150116,0.000153809,0.000152251,0.00013708,0.000146645,0.000138014,0.000137213,0.000139171,0.000141306,0.000129783,0.000134321,0.000142285,0.000134855,0.000124755,0.000125912,0.000126268,0.000118082,0.000115991,0.00011212,0.000110251,0.000112654,0.000117058,0.000105935,0.000108783,0.000106825,0.000107092,9.97E-05,9.70E-05,9.97E-05,9.89E-05,9.07E-05,9.04E-05,8.74E-05,8.97E-05,9.15E-05,8.44E-05,8.08E-05,8.72E-05,8.67E-05,7.34E-05,7.25E-05,7.11E-05,7.36E-05,7.07E-05
B?NH,HNGK035,HNGK035,7.64E-05,7.61E-05,7.91E-05,7.49E-05,7.69E-05,7.91E-05,8.71E-05,9.11E-05,8.48E-05,9.63E-05,9.24E-05,9.09E-05,9.69E-05,0.000102061,9.86E-05,0.000102197,0.000105712,0.000110455,0.000111547,0.000107623,0.000116461,0.000113867,0.000118303,0.000117041,0.000120487,0.000117109,0.000116836,0.000120794,0.000128847,0.000134921,0.000124514,0.000127721,0.000129905,0.000133966,0.000135126,0.000138914,0.000135228,0.000133044,0.000135433,0.000144134,0.000146318,0.000149048,0.000151368,0.000143861,0.000148707,0.00014898,0.000147547,0.000146898,0.000150413,0.000152358,0.000153825,0.000153586,0.000151607,0.000153996,0.000147035,0.000150481,0.000159353,0.000156589,0.000163414,0.000166724,0.000173753,0.000168157,0.000160104,0.000159387,0.00015519,0.000162424,0.000171023,0.000168532,0.000175971,0.000169522,0.000175834,0.000175118,0.000175527,0.000177233,0.000178018,0.000176756,0.000177336,0.00018358,0.00018399,0.00019641,0.000193032,0.00019972,0.000191838,0.000198253,0.000205214,0.000209172,0.000211527,0.000207807,0.000223197,0.000221217,0.000212857,0.00022422,0.00021975,0.000228383,0.000233536,0.000240292,0.00024408,0.000256842,0.000248857,0.000259298,0.000249335,0.000263325,0.000267693,0.000272982,0.000277486,0.00028762,0.00027926,0.000286767,0.000292056,0.000300314,0.000296458,0.000300621,0.000316044,0.000311028,0.000323756,0.00032751,0.000331536,0.000333276,0.000351669,0.000354467,0.00035706,0.000349144,0.000356787,0.000363987,0.000367604,0.000372074,0.000375896,0.000391012,0.000382277,0.000378216,0.000390773,0.000385894,0.000400293,0.000398963,0.000389442,0.00040548,0.000404013,0.000414796,0.000414659,0.000405548,0.000410155,0.000416024,0.000411656,0.000410053,0.00041384,0.00042261,0.000423463,0.000422951,0.000426807,0.000429639,0.000425885,0.000425271,0.000437999,0.000434519,0.000444141,0.000446734,0.000434382,0.000445779,0.000451716,0.000455367,0.000463625,0.000466355,0.000470791,0.000484167,0.000486829,0.000492049,0.000503549,0.00051283,0.000516925,0.000514332,0.000524022,0.000548181,0.000545178,0.000563605,0.000577697,0.000585102,0.000599911,0.00061066,0.000629086,0.000638641,0.000668737,0.000686754,0.000713437,0.000717464,0.000746025,0.000780011,0.000815499,0.000845151,0.000889784,0.000919505,0.000980755,0.00102177,0.001093564,0.001155019,0.001238449,0.001306081,0.00140374,0.001525012,0.001660957,0.001813008,0.001990036,0.002158568,0.002345492,0.002566949,0.002833106,0.003102402,0.003345083,0.003646659,0.003918071,0.004191428,0.004444175,0.004701802,0.004950147,0.005116734,0.005292124,0.005486828,0.005594349,0.005656418,0.005708217,0.005738825,0.005743261,0.005711356,0.005713881,0.005671569,0.005645431,0.005604586,0.005521838,0.005450078,0.005405412,0.005347676,0.00524483,0.005147819,0.005089162,0.00499553,0.004949908,0.004882549,0.004790282,0.004731181,0.004683921,0.004625367,0.004573705,0.00452119,0.00444711,0.004403706,0.004381833,0.00427653,0.004236095,0.004197468,0.004175459,0.004071931,0.004064355,0.004026035,0.003972156,0.00395721,0.003939091,0.003929605,0.00392882,0.003901522,0.003931516,0.003934143,0.003949191,0.00392435,0.003921791,0.003909165,0.00391053,0.003919777,0.003891387,0.003883334,0.003897598,0.003883573,0.003879376,0.003843035,0.003854467,0.003837883,0.003847198,0.003823722,0.003821299,0.003813622,0.00380748,0.003822869,0.003802702,0.003796765,0.003771685,0.003833549,0.003784583,0.003797618,0.003778851,0.003777827,0.003789804,0.003783184,0.003775165,0.003784686,0.00378025,0.00378083,0.003761585,0.003781069,0.003752713,0.003775848,0.003779738,0.003772436,0.003780966,0.003807957,0.003781034,0.003831741,0.003765952,0.003783389,0.003779499,0.003776872,0.003762608,0.003778373,0.00378745,0.003772504,0.003786289,0.003782809,0.003777315,0.00377752,0.003809459,0.003798301,0.003800348,0.003804989,0.00381659,0.003833345,0.003834129,0.003831468,0.003844639,0.003838975,0.003868116,0.003866955,0.00388388,0.003885655,0.003909199,0.003908312,0.00391111,0.003916467,0.003918481,0.003922405,0.003913806,0.003966594,0.00394595,0.003949839,0.003944277,0.003954583,0.003982973,0.003986965,0.003996178,0.004028629,0.004025012,0.004039309,0.004118952,0.004152017,0.004218726,0.004251177,0.004295195,0.004354739,0.004410871,0.004465161,0.00449512,0.00454801,0.004616392,0.00467853,0.004696512,0.004745922,0.004822903,0.004874633,0.004978878,0.005068348,0.005150617,0.005188869,0.00531717,0.005420767,0.005483689,0.00556903,0.005609773,0.005694192,0.005749232,0.005794445,0.00585259,0.005865283,0.005935917,0.00592278,0.005923087,0.005867297,0.005844469,0.005764963,0.005685593,0.005567119,0.005411281,0.005257422,0.005050501,0.004845697,0.004569269,0.004303487,0.004050297,0.003783833,0.003513103,0.003241418,0.002964683,0.002718999,0.002473418,0.002266498,0.00206845,0.001876066,0.00172347,0.001577527,0.00144397,0.001346209,0.001267454,0.00117952,0.001118576,0.001042414,0.000987921,0.000917457,0.000894493,0.000838531,0.00080748,0.000776564,0.000747253,0.000719477,0.000700266,0.000680611,0.00066239,0.000642599,0.000630212,0.000607043,0.000587729,0.000584727,0.000571112,0.000557258,0.000534771,0.000533304,0.000517061,0.000519859,0.000522828,0.000507336,0.000496519,0.000502013,0.000480721,0.000485395,0.000471815,0.000467345,0.000458746,0.000457244,0.000456698,0.000455572,0.000451341,0.00044926,0.000448782,0.000430663,0.000439193,0.000424248,0.00042998,0.000427523,0.000418447,0.000418822,0.000418174,0.000417389,0.000426227,0.000433836,0.000410769,0.000403569,0.000409507,0.000419505,0.000409643,0.000405207,0.000413021,0.000401727,0.000399236,0.00038818,0.000389033,0.000384256,0.000388521,0.000380468,0.000380332,0.000369788,0.000384597,0.000381048,0.000369344,0.000362997,0.00036194,0.000359483,0.000345561,0.000354398,0.000346857,0.000341739,0.000331297,0.000329148,0.000321743,0.000317205,0.00031874,0.000306627,0.000301781,0.000303658,0.000293319,0.000284037,0.000287211,0.000281581,0.000269842,0.0002709,0.000263018,0.000251382,0.000259435,0.000250802,0.000249812,0.000249676,0.000249505,0.000246502,0.000244455,0.000226575,0.000223606,0.000226575,0.000217703,0.000212755,0.000210298,0.00020965,0.00020576,0.00020634,0.000211936,0.000200914,0.000207057,0.000199481,0.000195079,0.000195898,0.000196444,0.000189381,0.000187982,0.000181908,0.000180134,0.000178939,0.00018242,0.000181601,0.000180236,0.000180304,0.000183273,0.000180338,0.000170955,0.000174094,0.000168498,0.00017174,0.000167611,0.000163823,0.000160581,0.000162629,0.000165905,0.00015577,0.000166621,0.000162356,0.000161707,0.000150822,0.000180884,0.000158056,0.000151778,0.000164915,0.000161537,0.000167747,0.000172627,0.000157783,0.00015461,0.000152017,0.000155327,0.000153996,0.000143554,0.000150242,0.000136184,0.000137242,0.00013557,0.000146796,0.000135126,0.000131134,0.000145875,0.000132601,0.000131714,0.000135092,0.000125537,0.00012076,0.000118201,0.000115949,0.000116256,0.000115949,0.000117723,0.000114721,0.00010909,0.000110592,0.000106053,0.000103665,0.000105849,0.000105542,9.23E-05,9.45E-05,8.95E-05,8.83E-05,9.27E-05,9.63E-05,8.80E-05,8.24E-05,9.26E-05,8.43E-05,8.03E-05,7.80E-05,7.94E-05,7.46E-05,7.08E-05
,HNGK036,#N/A,7.03E-05,7.14E-05,7.79E-05,7.42E-05,7.70E-05,7.68E-05,8.35E-05,8.54E-05,8.09E-05,8.97E-05,8.79E-05,9.12E-05,9.20E-05,9.76E-05,9.52E-05,9.58E-05,9.88E-05,0.000104932,0.000107818,0.000101211,0.000112853,0.000111506,0.000111987,0.000115482,0.000114584,0.0001125,0.000116284,0.000120197,0.00012552,0.000128952,0.000123339,0.000131581,0.000125648,0.000133185,0.000133313,0.000135975,0.000129369,0.000132287,0.00013761,0.000144024,0.000143768,0.000147103,0.000143832,0.000143704,0.000147648,0.000145435,0.000147712,0.000146237,0.000145435,0.000152555,0.000159546,0.000154447,0.000151144,0.000155088,0.000147969,0.000145596,0.000155056,0.000153613,0.000163298,0.00016875,0.000168558,0.000164613,0.000162753,0.000160893,0.000157301,0.000166377,0.000166986,0.000166056,0.000170995,0.000165319,0.000171412,0.000172855,0.000175549,0.000173913,0.000179686,0.000176286,0.000179269,0.000178307,0.000186196,0.00018642,0.000191391,0.000196394,0.000186869,0.000201782,0.000200499,0.000205117,0.000206752,0.000205758,0.000212717,0.000214353,0.000216437,0.000215572,0.000225962,0.000224294,0.00023244,0.000237539,0.000241708,0.000245172,0.000250784,0.000252035,0.000250367,0.00026297,0.000264317,0.00026637,0.000276343,0.000283206,0.000275477,0.000284361,0.000283174,0.000296547,0.000296387,0.000304051,0.000314506,0.000311876,0.000322139,0.000321273,0.000338013,0.000330284,0.000346608,0.000347666,0.000354625,0.000351643,0.00035671,0.000355715,0.000360943,0.000373931,0.000368864,0.000380762,0.00037531,0.000381692,0.000387336,0.000387881,0.000394552,0.000395995,0.000394263,0.00040289,0.000399522,0.000405936,0.000405744,0.000399041,0.000410747,0.000413056,0.000405359,0.000405648,0.000411709,0.000419919,0.000414852,0.000425531,0.00042412,0.000420785,0.000421009,0.000421201,0.00042893,0.00042784,0.000432105,0.000440892,0.00044288,0.00044365,0.000458178,0.00045542,0.000459236,0.000466259,0.00046209,0.0004703,0.000481011,0.000485533,0.000496372,0.000511798,0.000511862,0.000510611,0.000521868,0.00052376,0.000532066,0.000552783,0.000568657,0.000582575,0.000578952,0.000601753,0.000623657,0.0006251,0.000658869,0.000665924,0.000694979,0.000713932,0.000723329,0.000750556,0.000796159,0.000817036,0.000875306,0.000912667,0.000950445,0.00099236,0.001061566,0.001115539,0.001192602,0.001277074,0.00137309,0.001498129,0.00161483,0.001773606,0.001943896,0.002099722,0.002305352,0.002540069,0.002761092,0.003030765,0.003293799,0.003567705,0.003861238,0.004126453,0.004404881,0.00462754,0.004924921,0.005083921,0.005276691,0.005413917,0.005562624,0.005624774,0.005701645,0.005725056,0.005758536,0.00571614,0.005732079,0.005702896,0.005694141,0.005608258,0.005571058,0.00551468,0.005417156,0.005373606,0.005296318,0.005199724,0.005123463,0.005062755,0.00499743,0.004911548,0.004839519,0.004793724,0.004694244,0.004667017,0.004615802,0.004525751,0.004481463,0.004446764,0.004408793,0.004322173,0.004276282,0.004224906,0.004173723,0.004116415,0.004087264,0.004055547,0.004016294,0.00395379,0.003978388,0.003962193,0.003951866,0.003924254,0.003937307,0.003938333,0.003958312,0.003939199,0.003921689,0.003914441,0.0039434,0.003923132,0.003931951,0.00392201,0.003901774,0.003928071,0.003879902,0.003888593,0.003848987,0.003850687,0.003861302,0.003860693,0.003841194,0.003864124,0.003842637,0.003838436,0.003836865,0.003822786,0.003811081,0.003835967,0.003799408,0.003794693,0.003814865,0.003810536,0.003807008,0.003829745,0.003799921,0.003806335,0.003807072,0.003801941,0.003808676,0.003804539,0.003779621,0.003777568,0.003805629,0.00380579,0.003795399,0.003823171,0.003808355,0.003836191,0.003799279,0.003792032,0.003796297,0.003804571,0.003792737,0.003824422,0.003814641,0.003799215,0.003778338,0.003814063,0.003792513,0.003811049,0.00379139,0.003821856,0.003835326,0.003827052,0.003852996,0.003844369,0.003865375,0.003884969,0.003888433,0.003864605,0.003903313,0.00390373,0.003917584,0.003902479,0.003918033,0.0039307,0.003936313,0.003930155,0.003932208,0.003931053,0.003947697,0.00395796,0.00396293,0.003937916,0.003971268,0.003994839,0.004005743,0.004001382,0.004010746,0.004031527,0.004083255,0.004101663,0.004118307,0.004153744,0.004207044,0.004249889,0.00431778,0.004355494,0.004444166,0.004496728,0.004544512,0.0046091,0.004623082,0.004665831,0.004747865,0.004779838,0.004855522,0.004917128,0.004996436,0.005100854,0.005166597,0.005267968,0.005374856,0.005490724,0.005480878,0.005572597,0.005656363,0.005731951,0.005774667,0.005829731,0.005880401,0.005874147,0.005925811,0.005937068,0.005922604,0.005873025,0.005801574,0.005760461,0.005673616,0.005509997,0.005368539,0.005181413,0.004998841,0.00478189,0.004530818,0.004272498,0.003962866,0.003729368,0.003431602,0.003164142,0.002901589,0.002655134,0.002413266,0.002229443,0.00200053,0.001841498,0.001676339,0.001533181,0.001416095,0.001321137,0.00122945,0.001148378,0.001094149,0.001013654,0.000941241,0.000899839,0.000867674,0.000832333,0.000787885,0.000756232,0.000742859,0.000706749,0.000692125,0.000665411,0.000653,0.000631193,0.000628788,0.000601849,0.000577893,0.00057536,0.000572217,0.000551436,0.00053399,0.000532515,0.000512054,0.000513017,0.000507885,0.000499066,0.000490921,0.000487521,0.000476201,0.000478125,0.000467895,0.000458787,0.000456959,0.000448813,0.000449166,0.000442848,0.000439289,0.000435569,0.000439545,0.000435312,0.000436306,0.000430053,0.000422388,0.000423286,0.000420656,0.000413056,0.000418636,0.000409817,0.000416776,0.000418027,0.00041033,0.000406642,0.000401735,0.000409464,0.000401254,0.000403948,0.000408149,0.000396123,0.000392724,0.000386149,0.000388426,0.000389228,0.000378934,0.000380569,0.000387817,0.00037701,0.000379992,0.000371526,0.000365433,0.000363027,0.000351611,0.000351899,0.000348339,0.000350584,0.000337019,0.000341092,0.000326596,0.000327975,0.000323261,0.000311716,0.000307066,0.000300909,0.000298503,0.000299882,0.000291288,0.000287279,0.000278909,0.000282725,0.000272559,0.000269256,0.000264542,0.000256332,0.000254857,0.00025181,0.000245845,0.000252163,0.000242702,0.000238373,0.000238437,0.000222434,0.000226539,0.000222787,0.000215219,0.000210633,0.000210665,0.000202006,0.000208388,0.000200403,0.000205694,0.000201589,0.000201365,0.000198863,0.000190974,0.000193668,0.000192161,0.000184304,0.000188954,0.00017805,0.000178627,0.000179589,0.000180776,0.000181802,0.000185073,0.000183566,0.000184175,0.000178371,0.000168012,0.000172021,0.000167628,0.000172438,0.000168301,0.000159899,0.000162432,0.000157526,0.000163843,0.000160636,0.00016054,0.00016131,0.000159161,0.00015294,0.000170193,0.000164966,0.000153934,0.000160604,0.000158776,0.000170674,0.000175998,0.000154319,0.000148546,0.000146077,0.000158488,0.000150534,0.000147167,0.000149861,0.000135077,0.000138316,0.000135622,0.000146462,0.000132672,0.000130299,0.00014752,0.000134019,0.000130331,0.000125456,0.000127284,0.000117342,0.000118978,0.000114649,0.000115996,0.000111442,0.000110961,0.000111057,0.00010522,0.000107209,0.000106118,0.000101051,9.66E-05,0.000101468,9.23E-05,8.70E-05,9.07E-05,8.97E-05,9.10E-05,9.39E-05,8.58E-05,8.28E-05,8.48E-05,8.16E-05,7.90E-05,7.46E-05,7.31E-05,7.24E-05,6.81E-05
,HNGK037,#N/A,7.37E-05,7.05E-05,8.09E-05,7.36E-05,7.32E-05,8.08E-05,8.63E-05,8.87E-05,8.45E-05,9.08E-05,9.03E-05,9.41E-05,9.92E-05,9.97E-05,9.67E-05,0.000100106,0.000106109,0.000109454,0.000118443,0.000107065,0.000115277,0.000116024,0.000119877,0.000113844,0.000115875,0.000114382,0.000120474,0.000122176,0.000128926,0.000132808,0.000125581,0.00012803,0.000129642,0.000137467,0.000132868,0.000138034,0.000132987,0.000139557,0.000135824,0.000140991,0.000152877,0.000145471,0.000145829,0.00014556,0.000150906,0.000147501,0.000144664,0.00014329,0.000144843,0.000154997,0.00015667,0.000148547,0.000148487,0.000157267,0.000151055,0.000149234,0.000155296,0.000154938,0.000159477,0.000163479,0.000174589,0.000168138,0.000159537,0.000159776,0.000156849,0.000163837,0.000164912,0.000170378,0.00017423,0.000166645,0.000167929,0.000177336,0.000177276,0.000179815,0.000175544,0.000173514,0.000178979,0.000182921,0.000185519,0.000190088,0.000190835,0.000199944,0.000190327,0.000197017,0.000202632,0.000205708,0.000212218,0.000208724,0.000214279,0.000217892,0.000215264,0.000218818,0.000225179,0.000223746,0.000234587,0.000241575,0.000245517,0.000247279,0.000249937,0.000258896,0.000245756,0.000254984,0.000268393,0.000270812,0.000275173,0.00028246,0.00028022,0.000280071,0.000288015,0.000299363,0.000302111,0.00030456,0.000311966,0.000311458,0.000314236,0.000323882,0.000331557,0.000327824,0.000342965,0.000344548,0.000352492,0.00035291,0.00035512,0.000357629,0.000358674,0.00036617,0.00037062,0.000388658,0.000377011,0.00037949,0.0003883,0.000385313,0.000397558,0.000397946,0.000395199,0.000395915,0.000395736,0.000401381,0.000401918,0.000391645,0.000411744,0.000413326,0.000402665,0.000402038,0.000409713,0.000413536,0.000414461,0.000425153,0.000419628,0.00041912,0.000420255,0.000409653,0.000431932,0.000424376,0.000431186,0.000434202,0.000435516,0.000438682,0.000445371,0.000448716,0.000456421,0.000454928,0.000460513,0.000470637,0.000471234,0.000481,0.000490586,0.000511342,0.000506833,0.00050746,0.000526513,0.000536966,0.000540191,0.000548852,0.000565785,0.000578627,0.000583197,0.000603534,0.000612912,0.000625246,0.000658037,0.000669177,0.000699191,0.000707971,0.000734969,0.000766267,0.000802403,0.000811034,0.000874944,0.000899433,0.000964239,0.001024208,0.001078681,0.001139276,0.001215729,0.001300336,0.001400263,0.001531787,0.001657338,0.001809498,0.001999437,0.002186509,0.002361277,0.00260109,0.002850579,0.003109416,0.003378616,0.003658387,0.003963723,0.004238986,0.004499644,0.004748715,0.005014331,0.005200687,0.005373364,0.005524598,0.005646416,0.005754407,0.005737951,0.005796277,0.005794724,0.005783853,0.005784122,0.005757811,0.005734069,0.005642295,0.005573009,0.005505993,0.005438917,0.005337108,0.005285203,0.005185605,0.005107091,0.005040582,0.004958126,0.004857004,0.004814955,0.004732379,0.004648699,0.004619581,0.004556775,0.004527,0.004457565,0.004389653,0.004329983,0.00428874,0.004214766,0.004179555,0.004135594,0.004083809,0.004049793,0.004005982,0.00396883,0.003931738,0.003922152,0.003928603,0.003936308,0.003908026,0.003912476,0.003942788,0.00393135,0.003902202,0.003887688,0.003878997,0.003873652,0.003884134,0.003885508,0.00387395,0.003875921,0.003860481,0.003830467,0.003838859,0.003849551,0.003835216,0.003825032,0.003801051,0.003816222,0.003789971,0.003792151,0.003805859,0.003793137,0.003783968,0.003794062,0.003813743,0.003773993,0.003771933,0.003772948,0.003781788,0.003765512,0.00380117,0.00379021,0.003765392,0.003764616,0.003778085,0.003767125,0.003771156,0.003762884,0.003767811,0.003778055,0.003786148,0.003800663,0.003792659,0.003775487,0.003823479,0.003776681,0.003778682,0.003767841,0.003748758,0.003749684,0.003781041,0.003781519,0.003762077,0.00376593,0.003789553,0.003780116,0.003773396,0.003780922,0.003789822,0.003790061,0.003786447,0.003787164,0.003807681,0.003814131,0.003860123,0.003851014,0.003852776,0.003844683,0.003822733,0.003871561,0.00387174,0.003888465,0.003878848,0.003891989,0.003878102,0.003877713,0.00390047,0.003906801,0.003919972,0.003950822,0.003890107,0.003908235,0.003944998,0.003948761,0.003996634,0.003943356,0.004003533,0.004015658,0.004054661,0.004105461,0.004126456,0.004168177,0.004222082,0.004276406,0.004321173,0.004401897,0.004459984,0.004488445,0.004524163,0.004594226,0.004647355,0.004695317,0.004749671,0.004842012,0.004876596,0.004985751,0.00507188,0.005130773,0.005260237,0.005320503,0.005464869,0.005525942,0.005599081,0.005660781,0.005735263,0.005809149,0.005876553,0.005910718,0.005960652,0.005992547,0.005999984,0.006002522,0.005962085,0.005896622,0.005866429,0.005762082,0.005629722,0.005487178,0.005296851,0.005127996,0.004891707,0.00465491,0.004372242,0.004068847,0.003807472,0.003513663,0.003248585,0.002973173,0.002718129,0.002482259,0.00229002,0.00207601,0.001886818,0.001716231,0.001577928,0.001438729,0.001326109,0.001258645,0.001183356,0.001121984,0.001037826,0.000973915,0.000914365,0.000888443,0.000835642,0.000801925,0.000762325,0.000749423,0.000707194,0.000684856,0.000667146,0.000645554,0.000626978,0.000610403,0.000597203,0.00057579,0.000573431,0.000553959,0.00055593,0.000528604,0.000526095,0.000514657,0.000516987,0.000513731,0.000493842,0.000493035,0.000481388,0.000479208,0.000470428,0.000458512,0.000464186,0.000448985,0.000452001,0.000444714,0.000444177,0.00044349,0.000434142,0.000444445,0.00043683,0.000432977,0.000420942,0.000422913,0.000417478,0.000427303,0.000409205,0.000424645,0.000412998,0.000413774,0.000416193,0.000406308,0.000408668,0.000399201,0.000404128,0.000397677,0.000402725,0.000405412,0.000395497,0.000390958,0.000385552,0.000384806,0.000380625,0.000379311,0.000378982,0.000380744,0.000375458,0.000382088,0.000373905,0.000368291,0.000368111,0.000358405,0.000363662,0.000345056,0.000356524,0.000337381,0.000342398,0.000325823,0.000326689,0.000323972,0.000310861,0.000306799,0.000302469,0.000294256,0.000302529,0.000293868,0.000281086,0.000283027,0.000276666,0.000267468,0.000272634,0.000255462,0.000252416,0.000252924,0.000248832,0.000247667,0.000241008,0.00023826,0.000239873,0.000234258,0.000223985,0.00022279,0.000221536,0.000213592,0.000208933,0.000214458,0.000211561,0.000204961,0.000199824,0.000203886,0.000202632,0.000198869,0.000204274,0.000193732,0.000192806,0.000192507,0.000187849,0.000185131,0.000180562,0.000180353,0.000180562,0.000177844,0.000181696,0.000182144,0.000177247,0.000187012,0.0001788,0.000169004,0.000170766,0.000167421,0.00016996,0.000172797,0.000162374,0.000160463,0.000159119,0.00016554,0.000156102,0.00015888,0.000163031,0.000157476,0.000154669,0.000172528,0.000159477,0.000155505,0.000162374,0.000162882,0.000171453,0.00017653,0.000156969,0.000151503,0.000148995,0.000157805,0.00015228,0.000146904,0.000150936,0.000137258,0.000137825,0.000139319,0.000151145,0.000129493,0.000134839,0.000147053,0.000133734,0.000130688,0.000132061,0.000124834,0.000118921,0.000120743,0.000111186,0.00011698,0.00011259,0.000114411,0.000107901,0.000111694,0.000108827,0.000102525,0.000102973,9.75E-05,0.000105094,9.28E-05,9.03E-05,8.73E-05,8.75E-05,8.97E-05,9.30E-05,8.88E-05,8.23E-05,9.08E-05,8.57E-05,8.11E-05,7.25E-05,7.35E-05,7.20E-05,6.88E-05
,HNGK038,#N/A,7.54E-05,7.29E-05,7.93E-05,7.51E-05,7.72E-05,8.18E-05,8.41E-05,8.51E-05,8.43E-05,9.08E-05,9.34E-05,9.44E-05,9.57E-05,0.000101912,9.98E-05,0.000101111,0.00010078,0.000112757,0.000112564,0.000110991,0.000114219,0.000117034,0.000121367,0.00011513,0.000118938,0.0001188,0.000118911,0.000121422,0.000126858,0.000131798,0.000128017,0.00013097,0.000133895,0.000138531,0.000135744,0.000140987,0.000136655,0.000137069,0.000137014,0.000143112,0.000150784,0.000146617,0.0001467,0.000150039,0.000155282,0.00014692,0.000148135,0.000148135,0.000146755,0.000155806,0.000157573,0.000155365,0.000149211,0.00015887,0.000150812,0.00015691,0.000160222,0.000157931,0.000164251,0.000167783,0.000179842,0.00017057,0.000164361,0.000165327,0.000160029,0.000163368,0.000164747,0.000169715,0.000173357,0.000170653,0.000170653,0.000180339,0.000182933,0.000176917,0.000177469,0.000176503,0.000182602,0.000185913,0.000188728,0.000188397,0.000190688,0.000198083,0.000196069,0.000201478,0.000202609,0.000204651,0.000214834,0.000212819,0.000216241,0.000218145,0.000216103,0.000220436,0.000228411,0.00022659,0.000239836,0.000243037,0.000249936,0.000250157,0.000251785,0.000253993,0.00024977,0.000263375,0.00026848,0.000270578,0.000282803,0.00028984,0.000282168,0.000285066,0.00029075,0.000299802,0.000304686,0.000311254,0.000319919,0.000318181,0.000316663,0.000324748,0.000335704,0.00034401,0.000349529,0.000357532,0.000355242,0.000356898,0.000366943,0.000363576,0.000370006,0.000368736,0.000377457,0.000390454,0.000386977,0.000383555,0.000391089,0.000392303,0.000395366,0.000404942,0.000395421,0.00040141,0.0004122,0.000415677,0.000411261,0.000411013,0.000414628,0.000420451,0.000411206,0.000413662,0.000416588,0.000429144,0.000418436,0.000432041,0.00042666,0.000428785,0.00042379,0.000429199,0.000437284,0.000427212,0.000438223,0.000440541,0.000445425,0.000441755,0.00045111,0.000456988,0.00046041,0.000463004,0.000476084,0.000472276,0.000479865,0.000485881,0.000493083,0.00051022,0.000514084,0.000514856,0.000523715,0.000536602,0.000541321,0.00055338,0.000575761,0.00058197,0.000595464,0.000612573,0.000629711,0.000629517,0.000655816,0.000668014,0.000703668,0.000715341,0.000729828,0.000768573,0.000792775,0.000819984,0.000875452,0.000895238,0.000960447,0.001005815,0.001048037,0.001126354,0.001197468,0.001281857,0.001388597,0.001487915,0.00162239,0.001782446,0.001954782,0.002117432,0.002309389,0.002542354,0.002770655,0.003038859,0.003302427,0.003585837,0.003854097,0.004147717,0.004416639,0.004670273,0.004890267,0.00511189,0.005308179,0.005428718,0.005603538,0.005662924,0.005724104,0.00576238,0.005784843,0.005763815,0.005729955,0.005708816,0.005702359,0.005618992,0.005546746,0.005496549,0.005411719,0.005342398,0.005293277,0.005186261,0.005111724,0.005027557,0.004956883,0.004882126,0.00482779,0.004740697,0.004662573,0.004643118,0.004579455,0.00451993,0.004475142,0.004417025,0.004377673,0.004304103,0.004250236,0.004200673,0.004153705,0.004099121,0.004068931,0.004033829,0.003984929,0.003956146,0.003924521,0.003936553,0.003931227,0.003928247,0.003922065,0.003928357,0.003940003,0.00390261,0.003929903,0.003932138,0.003901286,0.003895601,0.003898471,0.003896015,0.00389378,0.003879954,0.003871648,0.003884783,0.003877746,0.003846949,0.003851282,0.003842672,0.003802824,0.003812123,0.00381044,0.003834448,0.003809805,0.003809474,0.003817367,0.003831137,0.003783451,0.003781657,0.003806963,0.003776469,0.003800505,0.003804121,0.003792227,0.003801802,0.003776249,0.003780002,0.003780554,0.003803182,0.003771364,0.00378657,0.003788336,0.003817035,0.003792999,0.003789053,0.003808232,0.003843389,0.003774703,0.003798353,0.003785107,0.003775531,0.003789053,0.003794572,0.003805694,0.003794766,0.003784969,0.003795676,0.003794407,0.003790599,0.00378875,0.003800478,0.003800947,0.003803569,0.003818691,0.003843831,0.003857601,0.003863948,0.003882907,0.003870985,0.003859478,0.00389022,0.003886273,0.003892069,0.003917733,0.003905839,0.003909426,0.003909316,0.003927281,0.003907826,0.003917843,0.00393865,0.003938678,0.003945246,0.003946708,0.003973752,0.003976898,0.004011172,0.003985288,0.004009186,0.004044067,0.004085102,0.004133367,0.004138638,0.004219577,0.004255893,0.004318453,0.00436313,0.004409712,0.004463138,0.004516508,0.004553928,0.00460912,0.004682111,0.004731922,0.004769563,0.004835462,0.004902078,0.00499182,0.00509042,0.005159272,0.005263915,0.005353022,0.00543857,0.005513465,0.005594624,0.005676336,0.005734177,0.005782359,0.005840145,0.005891087,0.005910597,0.005941036,0.005939435,0.005952129,0.005894261,0.005835978,0.005750734,0.005670927,0.005553562,0.005407745,0.005200748,0.005008902,0.00480323,0.004532735,0.004278135,0.003997844,0.003707507,0.003420317,0.00317739,0.002903363,0.002653703,0.002406886,0.002237557,0.002016597,0.00185276,0.001680148,0.001538967,0.001423423,0.001327693,0.00124038,0.001165347,0.001095915,0.001021958,0.000968754,0.000902855,0.000879039,0.000832292,0.00079432,0.000758721,0.000733968,0.00070066,0.000684378,0.000662467,0.000654795,0.000628303,0.000614284,0.000605481,0.000585281,0.000572201,0.000564419,0.000555974,0.000539472,0.000536464,0.000511048,0.000519244,0.000519934,0.000503266,0.000490958,0.000494767,0.000482321,0.000473959,0.000466039,0.000462314,0.00045122,0.000458671,0.000454504,0.000447716,0.000444377,0.0004425,0.000441451,0.000434856,0.000437091,0.00043378,0.000429668,0.000429144,0.000424204,0.000413,0.000426826,0.000413607,0.000427184,0.000423514,0.00041002,0.00040428,0.000415622,0.000412586,0.000408778,0.000411179,0.000412062,0.000401161,0.000398485,0.000390095,0.00038993,0.000388329,0.000394124,0.000388109,0.000389626,0.000380382,0.000381955,0.000383086,0.000372544,0.000364873,0.000363079,0.000362555,0.000351296,0.000365811,0.000350081,0.000348729,0.000334131,0.000334986,0.000328915,0.000323424,0.000312717,0.000306618,0.000303858,0.000303141,0.000296269,0.000293869,0.000281588,0.000282389,0.00027687,0.000269695,0.000261664,0.000257442,0.000256366,0.00025747,0.000251702,0.000245245,0.000243368,0.000240167,0.00024094,0.000228522,0.000227749,0.000226397,0.000221705,0.000217897,0.000209839,0.000211854,0.00020719,0.000200981,0.000211109,0.000205451,0.000204761,0.000206031,0.000198221,0.000198718,0.00019629,0.000193199,0.000188728,0.000189197,0.000185638,0.000180615,0.000183899,0.000181526,0.000185251,0.000184506,0.00018917,0.000187321,0.000177911,0.0001762,0.000168776,0.000177055,0.000175648,0.000163947,0.000164471,0.000164113,0.000172033,0.000155751,0.000171398,0.000166155,0.000166679,0.000157324,0.000179842,0.00016414,0.00015611,0.000167121,0.000165713,0.000175455,0.000182961,0.000157186,0.000153268,0.000152909,0.000157848,0.000154261,0.0001483,0.000154647,0.000140491,0.000138807,0.000140187,0.000150315,0.000133343,0.000130253,0.000151087,0.000135413,0.000131384,0.000132681,0.000121587,0.000120677,0.00012603,0.000117393,0.000115158,0.000111101,0.000118359,0.000112867,0.00011146,0.000108673,0.000107652,0.000104423,1.00E-04,0.000105416,9.02E-05,9.13E-05,8.83E-05,8.82E-05,9.11E-05,9.21E-05,8.80E-05,8.37E-05,8.67E-05,8.42E-05,7.96E-05,7.70E-05,7.45E-05,7.60E-05,6.81E-05
,HNGK039,#N/A,7.31E-05,6.97E-05,7.83E-05,7.57E-05,7.46E-05,8.07E-05,8.41E-05,8.14E-05,8.28E-05,8.86E-05,8.97E-05,9.06E-05,9.63E-05,0.00010031,9.51E-05,9.59E-05,9.90E-05,0.000108607,0.000110457,0.000103205,0.000112457,0.000114158,0.000117173,0.000113711,0.000116009,0.000114337,0.000117501,0.000120814,0.000123201,0.000128036,0.000122187,0.000129827,0.000128633,0.000134274,0.000134065,0.000142183,0.000131081,0.000135647,0.000139766,0.000139736,0.00015054,0.000144362,0.000142153,0.000143854,0.000146361,0.000149107,0.000142302,0.000145973,0.000149286,0.000154837,0.000154957,0.000156419,0.000149644,0.0001563,0.00015248,0.000153226,0.000156121,0.000157374,0.000159762,0.000168984,0.000173849,0.000167611,0.000161762,0.000160538,0.000158508,0.00016397,0.000168387,0.000169521,0.000173938,0.000169163,0.000171312,0.000177729,0.00017752,0.000172924,0.000182355,0.000175968,0.000179639,0.000185548,0.000186145,0.000189637,0.00018913,0.000195666,0.000187936,0.000200262,0.000204261,0.000207723,0.000206142,0.000208678,0.000216468,0.000218706,0.000218677,0.000220288,0.000229839,0.00021999,0.000238285,0.000242016,0.000248164,0.000248402,0.000255356,0.000255446,0.000252611,0.000254968,0.000272309,0.00027016,0.000279322,0.000277143,0.00027783,0.000284485,0.000294096,0.000299438,0.000298513,0.00031054,0.000321911,0.000309914,0.000318181,0.000329582,0.000328567,0.000339431,0.000338237,0.00034919,0.000355428,0.000352354,0.000357606,0.000365515,0.000366321,0.000367276,0.000375752,0.000389959,0.000382378,0.000384557,0.000393749,0.000388556,0.000398047,0.000401419,0.000391332,0.000400703,0.000406583,0.000402762,0.000405747,0.000405001,0.000409985,0.000410731,0.00040506,0.000416014,0.000415984,0.000420341,0.000416402,0.000433473,0.000420401,0.000421266,0.000421625,0.000428698,0.000438547,0.000432399,0.000441651,0.000441263,0.000436219,0.000450963,0.000449381,0.000460543,0.000458364,0.00047263,0.000471795,0.000475227,0.000485285,0.00048815,0.000494567,0.000512832,0.000511071,0.000517189,0.000535365,0.000531724,0.000541185,0.000557928,0.000566046,0.000584252,0.00059034,0.000606218,0.000627915,0.000627468,0.000658358,0.000672892,0.000699067,0.000712646,0.00073509,0.000761473,0.000793975,0.00082567,0.000861097,0.000900164,0.000960153,0.001024112,0.001056345,0.001102844,0.001183486,0.001264904,0.00137178,0.001490743,0.001628658,0.001746667,0.001923769,0.002094961,0.002283613,0.00249644,0.002734845,0.002978114,0.003237469,0.003504943,0.003776476,0.004049859,0.004322824,0.004570271,0.004804855,0.004990941,0.005182697,0.005358904,0.005495476,0.005542572,0.005615185,0.005667414,0.005664788,0.005699886,0.005683173,0.00561802,0.005610499,0.00556609,0.005524336,0.005439904,0.005360784,0.005324253,0.005269397,0.005167267,0.005084177,0.005020756,0.004962767,0.004875768,0.004818136,0.004769757,0.004675237,0.004670611,0.004629066,0.004576061,0.004509566,0.004475333,0.00442782,0.004349953,0.004295426,0.00423669,0.004219589,0.004152825,0.004121696,0.004086001,0.00404959,0.004016372,0.00399163,0.003989273,0.003999181,0.003969843,0.003974857,0.004005449,0.003987959,0.003975574,0.003983721,0.00397041,0.003967426,0.003934507,0.003943759,0.003948325,0.00397632,0.00393385,0.003914003,0.003914212,0.003912928,0.003891738,0.003877263,0.003890664,0.003862609,0.003881352,0.003856819,0.003864967,0.003837658,0.003825332,0.003856909,0.003855625,0.003832077,0.003827153,0.003843986,0.003830317,0.003857535,0.003851387,0.003836912,0.00383536,0.003822288,0.003824676,0.003828556,0.003835898,0.003803187,0.003851507,0.003834077,0.003835778,0.003829899,0.003817334,0.003831003,0.003872906,0.00383354,0.003847567,0.003824706,0.00382199,0.00381232,0.003837599,0.00381226,0.003824646,0.003825422,0.003831242,0.003834764,0.003823124,0.003836315,0.003860938,0.003849119,0.003856252,0.003870996,0.003877442,0.003874607,0.003902572,0.003892962,0.003897648,0.003914182,0.003931283,0.003950563,0.003952891,0.003975186,0.003947847,0.00396089,0.003955249,0.003959577,0.003955189,0.003991183,0.003987959,0.004010761,0.003997838,0.004011567,0.004002793,0.004036398,0.004048187,0.004058693,0.004067288,0.00409973,0.004104505,0.00417109,0.004202249,0.004233407,0.004294172,0.004338313,0.004388066,0.004444115,0.004504492,0.004546156,0.004613845,0.004633991,0.004704306,0.004762087,0.004784889,0.00485986,0.004905434,0.004977451,0.005072747,0.005154433,0.005251729,0.005313121,0.005393643,0.005469391,0.005523739,0.005588951,0.005669653,0.005716092,0.005721405,0.005816223,0.005829415,0.005828161,0.005837503,0.005857499,0.005778916,0.005738536,0.005647746,0.005574357,0.005462497,0.00528823,0.005102025,0.004938741,0.004690011,0.004449756,0.004204965,0.003894902,0.003651842,0.00336664,0.003114835,0.002866701,0.002625133,0.002393773,0.002202971,0.002014857,0.001819191,0.001656026,0.001520947,0.001411504,0.001307732,0.001237655,0.001156894,0.001104246,0.001013845,0.000962302,0.000912371,0.000877631,0.000836743,0.000785767,0.000756847,0.000741268,0.000712974,0.000690053,0.000674325,0.000651314,0.000635645,0.000624095,0.000606516,0.000582312,0.000582401,0.000569747,0.000558525,0.000536141,0.000537066,0.000525695,0.000518711,0.000511877,0.000502237,0.000497342,0.000492388,0.000489612,0.000481882,0.000470034,0.000465348,0.000459797,0.000462155,0.000453828,0.000448993,0.000448903,0.000433921,0.000447948,0.000436398,0.00043792,0.00042834,0.000429205,0.000421595,0.000428907,0.000414342,0.000422878,0.000414223,0.000420252,0.000421087,0.000407269,0.000406732,0.00041279,0.000413716,0.000401718,0.000408761,0.000401957,0.000400852,0.000398793,0.00038584,0.000393182,0.00038402,0.000383811,0.000380199,0.00037423,0.00038193,0.000381662,0.000373932,0.000364023,0.000363784,0.000367605,0.0003531,0.000347101,0.000358263,0.000344206,0.000338326,0.00032982,0.000329403,0.000323851,0.000315375,0.000305735,0.000304422,0.000299498,0.000297796,0.000293349,0.000287112,0.000279591,0.000276039,0.000275293,0.000267951,0.000259177,0.000256103,0.000258401,0.000257028,0.000251924,0.000250939,0.000249029,0.000240911,0.000242672,0.000226018,0.000225989,0.000223571,0.000219065,0.000211812,0.000206082,0.000209753,0.000204202,0.000201814,0.000209096,0.000201098,0.000204679,0.000202142,0.000196442,0.000190861,0.000192413,0.000189518,0.000192234,0.000184474,0.000184653,0.000183429,0.000181788,0.000182773,0.00017752,0.000182832,0.000186414,0.000186414,0.000175878,0.000175043,0.000173759,0.000171402,0.000169521,0.000166447,0.000166238,0.000163582,0.000166089,0.000159702,0.00016397,0.000165015,0.000162269,0.000159613,0.000180266,0.000164448,0.000158568,0.000165552,0.000162418,0.000170029,0.000179221,0.000156867,0.000153972,0.000151972,0.000161732,0.000155434,0.000146272,0.00015436,0.000136423,0.000139497,0.000138661,0.000146809,0.000133528,0.00013117,0.000149137,0.000133349,0.000130961,0.000124246,0.000127917,0.00011777,0.000120903,0.000112547,0.000117143,0.000113323,0.000116964,0.000109652,0.000106757,0.000109622,0.000102728,0.00010422,0.000100549,0.000103384,9.47E-05,9.01E-05,8.80E-05,8.57E-05,8.86E-05,9.41E-05,8.53E-05,8.11E-05,8.63E-05,8.51E-05,7.92E-05,7.51E-05,7.41E-05,7.21E-05,6.87E-05
,HNGK040,#N/A,7.43E-05,6.85E-05,7.74E-05,6.98E-05,7.46E-05,7.78E-05,8.04E-05,8.47E-05,8.18E-05,9.19E-05,9.07E-05,9.49E-05,9.46E-05,9.61E-05,9.55E-05,9.98E-05,9.72E-05,0.000108817,0.000107665,0.000104702,0.00011425,0.000112,0.000120231,0.00011189,0.000118421,0.000111726,0.000116939,0.00011875,0.00012967,0.000126213,0.000124457,0.000128573,0.000132633,0.000135816,0.000139109,0.000140535,0.000129176,0.000136145,0.000135103,0.000145529,0.000149809,0.000151785,0.000142511,0.000145968,0.000146462,0.000143169,0.000147779,0.000149809,0.000147998,0.000153102,0.000158864,0.000152937,0.000150468,0.000148767,0.000151565,0.000149645,0.000163199,0.000156394,0.000163034,0.000169948,0.000172363,0.000167973,0.000163693,0.000153266,0.000160565,0.000160235,0.000159851,0.000165778,0.000173021,0.00016265,0.000173076,0.000175326,0.000173021,0.000172418,0.000177137,0.000175107,0.00017818,0.000174723,0.000176918,0.000192118,0.000191185,0.000194148,0.000185972,0.000200185,0.000200678,0.000204355,0.000206495,0.000206001,0.000211269,0.000213025,0.000208635,0.000215714,0.000223781,0.000229543,0.000230201,0.000241121,0.000240024,0.00024392,0.000249408,0.000254017,0.000253139,0.000261261,0.000264004,0.000269272,0.000272291,0.000278876,0.000282223,0.000284802,0.000288918,0.000289082,0.000296765,0.000301539,0.000321898,0.000308947,0.000317014,0.000323709,0.000321184,0.000332653,0.000335342,0.000342421,0.000352738,0.000361572,0.000354,0.000357512,0.000356085,0.000363987,0.00036278,0.000389669,0.000374358,0.000378145,0.000385827,0.000381931,0.000392961,0.000399436,0.000383962,0.000385827,0.000389175,0.000401522,0.000400918,0.000402948,0.000403552,0.000396583,0.000404869,0.000397845,0.000399656,0.000413375,0.0004024,0.000410411,0.000416832,0.000423691,0.000418588,0.000415021,0.000425447,0.000424789,0.000425941,0.000427697,0.000432087,0.000431374,0.000438398,0.000450909,0.00044597,0.000453324,0.000458317,0.000456177,0.00047467,0.00048806,0.000483395,0.000494151,0.000508089,0.000501943,0.000520765,0.000524661,0.000540795,0.000550178,0.000568891,0.000566202,0.000593091,0.000601103,0.00061751,0.000622504,0.000642863,0.000672605,0.000699494,0.000713267,0.000739662,0.000770392,0.000797391,0.000818463,0.000889087,0.000915482,0.00098243,0.001025452,0.001080053,0.00115161,0.001228326,0.001303999,0.00141342,0.001533432,0.001661126,0.001839031,0.002016937,0.002187434,0.002377631,0.002625173,0.002868764,0.003140012,0.003413126,0.003687776,0.004015216,0.004291403,0.004613849,0.004806242,0.005079026,0.005282338,0.005458707,0.005686823,0.005740985,0.005870052,0.005854412,0.005935024,0.005938975,0.005931457,0.005880862,0.005890355,0.00584009,0.005755527,0.00566855,0.005644076,0.005534051,0.005414643,0.005369425,0.005254297,0.005176375,0.005107506,0.005009774,0.004948697,0.004835161,0.004790767,0.004696491,0.004680632,0.004575876,0.004527201,0.004475728,0.004371575,0.004347814,0.004298921,0.00420234,0.004183134,0.004096706,0.004077938,0.004027014,0.003977133,0.003934111,0.003898003,0.003871278,0.003870071,0.003868315,0.003837805,0.00385542,0.003866285,0.003876546,0.003811849,0.003823208,0.003849054,0.003836927,0.003802849,0.003815306,0.003824415,0.003789021,0.003789021,0.00379352,0.003779033,0.003805099,0.003750114,0.003744627,0.003746822,0.003734694,0.003743529,0.003755711,0.003751925,0.003718286,0.003716311,0.003718725,0.003731621,0.003701769,0.003691727,0.003713896,0.003708244,0.003693263,0.003702867,0.003708299,0.0036903,0.003707092,0.003668624,0.003676856,0.003693867,0.003687392,0.003683441,0.003692715,0.003691892,0.003734091,0.003731621,0.00370144,0.003714226,0.003676307,0.003687172,0.003697105,0.003691946,0.003723993,0.003712909,0.003677734,0.003687008,0.003679654,0.003706653,0.003699409,0.003700726,0.003692605,0.0036903,0.003713512,0.003709397,0.003739633,0.003737164,0.003764217,0.003766302,0.003769759,0.003765918,0.003774973,0.003766083,0.003811355,0.003791216,0.003835335,0.003823153,0.003830067,0.003836049,0.003801697,0.003823153,0.003853773,0.003852182,0.003873419,0.003892405,0.003898058,0.003888619,0.003912929,0.003910569,0.003958036,0.003968737,0.004000455,0.004049678,0.00410159,0.004102742,0.004190268,0.004196469,0.00423329,0.004312091,0.004404171,0.004472271,0.004512989,0.004604027,0.00462466,0.004693254,0.004759817,0.004829893,0.004877909,0.004944088,0.005053729,0.005152394,0.005224116,0.005327995,0.005421173,0.005527411,0.005599133,0.00573001,0.005764581,0.005867472,0.005890246,0.005982162,0.006064749,0.006081815,0.00612341,0.006076382,0.00614536,0.006135373,0.006037531,0.005969979,0.005915324,0.005773307,0.005599901,0.005419307,0.005218025,0.004977287,0.004703844,0.004480064,0.004156849,0.003900253,0.003570727,0.003284443,0.003025433,0.002769824,0.00249704,0.002292575,0.002079769,0.001901095,0.001731312,0.001583642,0.001460118,0.001352014,0.001269702,0.001185249,0.001110948,0.001041915,0.000970687,0.000902477,0.0008988,0.000828944,0.000776868,0.00075843,0.000728303,0.000710524,0.000681769,0.000672385,0.000646155,0.000631503,0.000615919,0.000595835,0.000585408,0.000570427,0.000545953,0.000546831,0.000523674,0.000533496,0.00050551,0.000515717,0.00049909,0.000497828,0.000482188,0.000480103,0.000472475,0.00046814,0.000452665,0.000454751,0.000432197,0.000448385,0.000440867,0.000439989,0.000430112,0.000432636,0.000433678,0.000425283,0.000425392,0.00042841,0.00041096,0.000417655,0.000411015,0.000407448,0.000413869,0.000419301,0.000407503,0.000419576,0.000404156,0.000403771,0.000407338,0.000392138,0.0003934,0.000393126,0.000403497,0.000397406,0.000387967,0.00038034,0.000381492,0.000376169,0.00038034,0.000381382,0.000377431,0.000364206,0.000372438,0.000372438,0.000355207,0.000355042,0.000358445,0.000353835,0.000343354,0.000360749,0.000344287,0.000331885,0.00032091,0.000328154,0.000326397,0.000314819,0.000319264,0.000306533,0.000290399,0.000294899,0.000296655,0.000286119,0.000282278,0.000281839,0.000266638,0.000265486,0.000258407,0.000249463,0.000243207,0.0002527,0.000246664,0.000246335,0.00024381,0.00023942,0.000233988,0.000223781,0.000222848,0.000216153,0.000218019,0.000212916,0.00021105,0.000205014,0.000204794,0.000198374,0.000209843,0.000196892,0.000197551,0.000194368,0.000189758,0.000190581,0.000192392,0.00018696,0.000181472,0.00018663,0.000178619,0.000180978,0.000179991,0.000177411,0.000179606,0.000180923,0.000181198,0.000180484,0.000170717,0.000170168,0.000168302,0.000175765,0.000168083,0.000161278,0.000159906,0.000162376,0.00016265,0.000158315,0.000160016,0.000163693,0.00015376,0.000147834,0.000179661,0.00016468,0.000155406,0.000165668,0.000161772,0.00016715,0.000181472,0.000160949,0.000152827,0.000146846,0.000158754,0.00015837,0.000144377,0.000150687,0.000137407,0.000137243,0.000139932,0.000151346,0.00012764,0.00012956,0.000143992,0.000131426,0.000126981,0.000132249,0.000121219,0.000121933,0.000118585,0.000112988,0.000115787,0.000109147,0.000114909,0.00011211,0.000108214,0.000107007,0.000104592,9.98E-05,0.000100806,0.000103165,9.17E-05,8.69E-05,8.55E-05,8.47E-05,9.23E-05,9.37E-05,8.47E-05,7.96E-05,8.57E-05,8.11E-05,7.58E-05,7.43E-05,7.59E-05,7.31E-05,6.84E-05
,HNGK041,#N/A,7.00E-05,6.89E-05,7.90E-05,7.16E-05,7.34E-05,8.42E-05,8.09E-05,8.62E-05,7.85E-05,8.76E-05,8.74E-05,9.33E-05,9.66E-05,9.78E-05,9.10E-05,9.70E-05,9.71E-05,0.000106742,0.000103885,0.000104266,0.000112711,0.000118363,0.000113727,0.000112711,0.000114934,0.000114045,0.000115886,0.000122046,0.000126173,0.000130491,0.000121157,0.000130745,0.000134618,0.000134174,0.000136904,0.000138111,0.000132713,0.000139889,0.000138365,0.000143889,0.000148017,0.000146937,0.000143254,0.000145985,0.000149604,0.000152398,0.000150112,0.000145159,0.000153414,0.000160844,0.000160272,0.000156589,0.00015316,0.000154367,0.000155192,0.000154557,0.000154303,0.00015424,0.0001644,0.000175131,0.000166304,0.000167892,0.000165289,0.00015932,0.000161288,0.000163003,0.000171956,0.000166622,0.000177734,0.000167193,0.000174686,0.000175067,0.000178877,0.000171067,0.000177607,0.000183386,0.00018491,0.000183513,0.000191196,0.000189164,0.000194562,0.000190307,0.000199642,0.000200594,0.00020796,0.000200467,0.000205039,0.000208404,0.000212976,0.000212468,0.000214818,0.000220406,0.000231074,0.000226057,0.000233296,0.00023717,0.000246187,0.000247393,0.000243139,0.000258759,0.000247457,0.000259013,0.000258759,0.000275587,0.000272793,0.00028708,0.000277809,0.000282064,0.000290636,0.000288668,0.000299653,0.000304479,0.000321878,0.00031629,0.000320989,0.000327656,0.000328482,0.000335022,0.000347849,0.000346896,0.000338578,0.00034842,0.000359533,0.000351341,0.000366454,0.00037109,0.000369248,0.000389885,0.000375407,0.000375534,0.000387282,0.000382138,0.000388869,0.000406078,0.000383218,0.000397632,0.000399537,0.000401569,0.000398394,0.000405697,0.000415285,0.000403157,0.000407919,0.000413634,0.000407792,0.00041211,0.000421317,0.000408808,0.000418841,0.000417825,0.000415158,0.00041865,0.000433192,0.000430588,0.000429509,0.000433954,0.000444622,0.000448368,0.000451289,0.000446971,0.000452178,0.000455988,0.000459671,0.000466719,0.000469577,0.000488627,0.000489008,0.000501326,0.000516122,0.000515169,0.000520186,0.000528695,0.000530917,0.000545966,0.00056146,0.000573589,0.000579303,0.000591686,0.000628261,0.000630103,0.000643247,0.000667758,0.000694047,0.000708588,0.000729479,0.000765928,0.000795328,0.000822379,0.000873622,0.000912674,0.000962712,0.00101929,0.001070661,0.001139367,0.001201215,0.001313037,0.001395904,0.001507154,0.001649774,0.001795949,0.001952919,0.002131479,0.002334422,0.002590832,0.002811936,0.003086507,0.00336057,0.003618758,0.00388755,0.004199141,0.004461964,0.004748409,0.004986214,0.00520789,0.005368606,0.005503732,0.00569912,0.005782685,0.005781415,0.005840659,0.005796781,0.005807068,0.005808275,0.005775065,0.00576046,0.005691881,0.005600886,0.005550912,0.005507098,0.005423406,0.005363907,0.005206302,0.005153915,0.005064699,0.004985706,0.0049337,0.004881884,0.004776603,0.004701166,0.004634999,0.004585788,0.004542545,0.004493587,0.004421642,0.004385511,0.004300549,0.004262957,0.004192346,0.00415304,0.004100399,0.004049664,0.003989974,0.003971369,0.003938984,0.003919808,0.003908251,0.003899678,0.003914728,0.003883867,0.003903742,0.003910029,0.003891296,0.003878343,0.003849768,0.003868183,0.00386088,0.003873453,0.003850403,0.003871167,0.00384272,0.003837386,0.00383529,0.00379808,0.003807985,0.003803858,0.003809827,0.003773315,0.003767346,0.003749757,0.003765949,0.003761758,0.003777696,0.003756234,0.003783792,0.003748106,0.003733628,0.003754773,0.003741883,0.003748931,0.003755599,0.003767727,0.003748106,0.003756297,0.003738073,0.003718198,0.00376652,0.003728611,0.003754202,0.003771918,0.003735088,0.003754011,0.003762012,0.00376271,0.003797572,0.003746137,0.003730961,0.003767473,0.003734644,0.003732358,0.003743978,0.003759409,0.003739787,0.003745566,0.003767981,0.003735977,0.003760361,0.00377014,0.003739152,0.003749185,0.003792619,0.003799223,0.003780617,0.003794079,0.003831226,0.003812113,0.003856816,0.003840243,0.003821193,0.003837894,0.003850022,0.003864182,0.003876247,0.003862912,0.003867484,0.003888439,0.003916887,0.00389663,0.003927173,0.003913712,0.003897773,0.003931491,0.00393854,0.003942985,0.003975941,0.003963368,0.003989657,0.004019628,0.004061093,0.004113798,0.004161803,0.004184536,0.004251337,0.0042982,0.004369636,0.004451931,0.004482728,0.004520701,0.004566484,0.00462738,0.00470288,0.004743075,0.004780032,0.004874709,0.00494005,0.005021646,0.005134548,0.005206302,0.005292597,0.005424231,0.005520877,0.005573709,0.00563162,0.005774239,0.005795321,0.005877044,0.005892157,0.005978834,0.005983088,0.006022458,0.006029633,0.006036745,0.005976611,0.005939782,0.005885172,0.005752649,0.005625397,0.005486842,0.005304218,0.005098353,0.004848611,0.004614235,0.004336299,0.004045092,0.00377541,0.00348687,0.003220681,0.002959699,0.002713957,0.002452086,0.002250095,0.002024165,0.001838557,0.001701716,0.001569257,0.001433622,0.001321419,0.001241664,0.001151495,0.001119809,0.001038212,0.000960108,0.000914643,0.000880099,0.000828728,0.000777294,0.00074764,0.000730051,0.000704206,0.000684141,0.000675378,0.000657662,0.000627055,0.000609148,0.000595369,0.000582923,0.000571811,0.000567747,0.00055619,0.000537648,0.000522789,0.000517201,0.000518344,0.000507549,0.000486595,0.000500501,0.000487928,0.000475165,0.000479356,0.000460115,0.000459417,0.00044894,0.000449003,0.000441828,0.000441383,0.000448686,0.000424111,0.000437129,0.000432049,0.000443542,0.000422397,0.000422651,0.00042246,0.000416555,0.000412237,0.000416999,0.000419349,0.000415983,0.000426715,0.0004083,0.000405125,0.000407792,0.000404617,0.000393568,0.000407856,0.000393632,0.000402903,0.000393124,0.000379408,0.00039941,0.000379408,0.000383472,0.000391917,0.000385694,0.000380995,0.000383218,0.000376296,0.00036239,0.000368232,0.000369756,0.000358898,0.000352675,0.000362009,0.000341181,0.000334895,0.000331593,0.000321179,0.000321814,0.000318131,0.000312924,0.000305812,0.000298764,0.000296922,0.000294954,0.000283778,0.00028562,0.000278444,0.000273428,0.000264792,0.000261109,0.000249806,0.000241932,0.000254695,0.000247076,0.000249361,0.000244091,0.000240218,0.000237233,0.000227962,0.000229042,0.000225359,0.000218247,0.000205484,0.000202563,0.000212659,0.000202055,0.000201864,0.000207007,0.000204214,0.000207388,0.000202055,0.000198435,0.000199324,0.000193165,0.000186497,0.000179195,0.000180973,0.000177734,0.000175766,0.000182243,0.000180973,0.000181798,0.000180655,0.000179512,0.000178623,0.000168654,0.000172654,0.000169797,0.000172273,0.000165479,0.000162812,0.000164082,0.000160336,0.000167638,0.000156907,0.000160272,0.000160399,0.000155319,0.000159764,0.000191514,0.000163701,0.000157986,0.000167003,0.000164082,0.00017348,0.000183894,0.000156462,0.000158621,0.000148842,0.000152525,0.000149414,0.000146366,0.000149414,0.000138111,0.000143,0.000140651,0.000143889,0.000129348,0.000131951,0.000146429,0.000134364,0.000131951,0.00012357,0.000122173,0.000117537,0.00012357,0.000112076,0.000112013,0.000108393,0.000115315,0.000111124,0.000111124,0.000105663,0.000102615,0.000100138,9.82E-05,9.93E-05,9.25E-05,9.11E-05,9.19E-05,8.72E-05,8.75E-05,8.87E-05,8.29E-05,8.16E-05,8.55E-05,7.76E-05,7.61E-05,7.16E-05,7.24E-05,7.32E-05,6.74E-05
,HNGK042,#N/A,7.16E-05,7.40E-05,7.93E-05,7.30E-05,7.35E-05,7.98E-05,8.26E-05,8.60E-05,8.33E-05,9.00E-05,8.90E-05,9.88E-05,0.000100239,0.000102988,9.87E-05,0.000101613,0.000103595,0.000110469,0.000114472,0.000108204,0.000117828,0.000116534,0.000119809,0.000113865,0.000118677,0.000116777,0.000119405,0.000127168,0.000129231,0.00013287,0.000132142,0.000131818,0.000134851,0.000138126,0.000136711,0.000137965,0.000136549,0.000139825,0.000146901,0.000144556,0.000162347,0.000152764,0.000149489,0.000147831,0.00015244,0.000147386,0.000152279,0.000153936,0.000151834,0.000154139,0.00015988,0.000157414,0.000160285,0.000163398,0.000153492,0.000154583,0.000164773,0.000158182,0.000168776,0.000169949,0.000176378,0.000172496,0.000169544,0.00016732,0.000165744,0.00016817,0.000171,0.000174356,0.000174033,0.000175569,0.00017472,0.000181756,0.000177227,0.000184222,0.00018119,0.000183616,0.000187619,0.000183211,0.000191582,0.000193482,0.000194412,0.000203146,0.000196596,0.000200437,0.000204359,0.000210424,0.000213659,0.000215843,0.00021192,0.00022211,0.000219522,0.00022393,0.000230116,0.000229752,0.000243217,0.000240468,0.000248231,0.000250738,0.000255226,0.000262869,0.000254984,0.000262707,0.000271764,0.000270511,0.000285148,0.00028713,0.000286483,0.00028341,0.000300029,0.000300675,0.000304476,0.00030666,0.000318063,0.00032437,0.000323157,0.000333994,0.000339857,0.000336461,0.000357972,0.000361571,0.000372893,0.000360519,0.000353443,0.000367757,0.000367029,0.000370588,0.00037633,0.000386843,0.00038284,0.00038567,0.000393272,0.000391735,0.000409203,0.000400752,0.00039958,0.00039683,0.000397801,0.000408112,0.00041078,0.000410699,0.000414702,0.000413692,0.000401278,0.000411023,0.000415471,0.000423315,0.000411265,0.000425701,0.00042097,0.000425903,0.000418665,0.000423153,0.000431483,0.000425054,0.000432898,0.000436052,0.000438802,0.000440864,0.000436578,0.000446606,0.000454855,0.000460475,0.000461405,0.000467956,0.000476083,0.000486111,0.000491206,0.000505681,0.000508229,0.00049808,0.000523554,0.000523877,0.000533824,0.000552586,0.000558854,0.000576888,0.000582913,0.000597227,0.000623186,0.00062541,0.000644333,0.000658567,0.000693624,0.00070725,0.000726215,0.000765073,0.000799443,0.000815212,0.000865514,0.000902795,0.000967289,0.001008532,0.001075695,0.00113562,0.001210142,0.001292791,0.001403988,0.001513163,0.001636732,0.001812382,0.00196737,0.002148075,0.002376331,0.002590475,0.002827304,0.003103314,0.003380982,0.00364195,0.003922893,0.004228582,0.004496869,0.004737984,0.005007605,0.005213865,0.005393477,0.00555728,0.005669649,0.005801185,0.005819057,0.005842348,0.005861716,0.005825203,0.005848777,0.005799284,0.005763054,0.005687724,0.005628082,0.005544664,0.005484942,0.005411471,0.005331288,0.005232748,0.005141365,0.005048889,0.00495791,0.004880194,0.004848372,0.004766935,0.004678342,0.004618498,0.004584654,0.004496061,0.004445315,0.004425218,0.004367275,0.004281755,0.004226884,0.004177109,0.004120176,0.004060615,0.004029197,0.003979947,0.003922246,0.003941048,0.003913552,0.00387611,0.003907204,0.003858318,0.003863777,0.003890707,0.003883307,0.003863939,0.003874169,0.003862159,0.003847805,0.003831752,0.003842346,0.003821563,0.003841093,0.003810605,0.003816508,0.003803812,0.003825121,0.003799081,0.003787274,0.003763983,0.0037284,0.003778863,0.003774496,0.003771059,0.003778701,0.003764306,0.003755856,0.003751165,0.003742431,0.00376831,0.003742876,0.003742552,0.003744938,0.00376374,0.003722133,0.003737741,0.003754076,0.00373952,0.003735072,0.003771625,0.003721486,0.003721284,0.003739277,0.003736891,0.003729694,0.003734951,0.003731756,0.003775426,0.00374231,0.003749548,0.003744291,0.003721445,0.003739924,0.003745262,0.003732039,0.003740692,0.003778944,0.003730543,0.003735557,0.003766571,0.003738347,0.003754602,0.003775831,0.003761355,0.003755856,0.003784403,0.003781734,0.003782988,0.003824797,0.003797949,0.003818166,0.003824595,0.003838748,0.003838384,0.003891515,0.003828639,0.003865799,0.003863575,0.003871904,0.003862564,0.00385848,0.003891273,0.003899279,0.003879223,0.003896691,0.00392358,0.003921154,0.003942908,0.003939633,0.003977642,0.003999154,0.004041368,0.004104851,0.004079539,0.004191261,0.004222598,0.00426647,0.004316691,0.004392021,0.004447296,0.004491815,0.004562779,0.004600949,0.004659419,0.004720395,0.00477017,0.004849827,0.00493555,0.00502289,0.00510004,0.005177231,0.005302054,0.00539465,0.005471922,0.005552711,0.005660713,0.005754644,0.005782908,0.005872027,0.0059178,0.005999923,0.006022001,0.006030452,0.006052732,0.006048728,0.006002349,0.005962116,0.00587134,0.005806643,0.005687198,0.005535607,0.005336181,0.005113747,0.004899522,0.004641182,0.004372976,0.004085644,0.003785535,0.003502853,0.003246494,0.002976307,0.002709961,0.002446284,0.002280702,0.00205932,0.001869356,0.001704704,0.001549837,0.001429785,0.001339049,0.001245846,0.001164652,0.001118314,0.001030287,0.000966076,0.00090239,0.000892322,0.000828556,0.000790223,0.000757188,0.000729813,0.000702398,0.000692694,0.000663459,0.000647366,0.000626865,0.000617929,0.000600987,0.000593345,0.000571389,0.000559743,0.000551697,0.000527719,0.000527436,0.000520117,0.000510534,0.000505439,0.000496139,0.000488497,0.000484291,0.000471109,0.000470624,0.000473333,0.000459343,0.000443735,0.000454571,0.000446929,0.000440985,0.000448385,0.000440541,0.000443533,0.000433545,0.000437387,0.000428046,0.000427076,0.000419757,0.000415107,0.000415188,0.00041539,0.000409244,0.000410133,0.000419919,0.0004145,0.000411023,0.000416401,0.000411589,0.000401723,0.000412196,0.000412276,0.000391048,0.000398043,0.00039218,0.000390927,0.00038478,0.000387045,0.000384497,0.000389147,0.000379039,0.000385064,0.000379645,0.000366019,0.000367434,0.000359145,0.000361652,0.000352999,0.000363795,0.000342849,0.000350694,0.000334156,0.000328131,0.000325907,0.000320287,0.000313372,0.000305326,0.000306377,0.000303708,0.000300352,0.000290405,0.000282075,0.000285148,0.000278679,0.000270268,0.000261049,0.00025927,0.000260726,0.000255146,0.00025369,0.000251951,0.000244552,0.000247544,0.000246856,0.000229469,0.000228741,0.000224415,0.000221059,0.000215923,0.0002156,0.000216975,0.000207836,0.000200194,0.000208241,0.000205815,0.000212648,0.000202984,0.000196151,0.000200518,0.000193603,0.000195787,0.000188913,0.000187174,0.000184182,0.000179694,0.000191096,0.000190773,0.000188913,0.000178036,0.000187134,0.000190126,0.000178278,0.000172334,0.000179572,0.000179491,0.000174599,0.000168655,0.000171324,0.000168129,0.000172496,0.000161538,0.000164126,0.000166593,0.00016724,0.000160447,0.00018681,0.000167806,0.000163843,0.000172173,0.000167644,0.000186527,0.000185678,0.000159436,0.000161862,0.000151187,0.000160932,0.000158991,0.000150176,0.000157373,0.000143828,0.000144272,0.000144798,0.000155594,0.000139097,0.000136145,0.000145162,0.00013566,0.000136428,0.000129878,0.000126319,0.000122963,0.000123004,0.000118151,0.000117787,0.000117545,0.000121144,0.000111803,0.000113461,0.000107719,0.000107113,0.000103554,9.97E-05,0.000104403,9.60E-05,9.25E-05,9.17E-05,8.98E-05,9.14E-05,9.30E-05,8.52E-05,8.12E-05,8.78E-05,8.29E-05,8.19E-05,7.34E-05,7.52E-05,7.59E-05,6.91E-05
,HNGK043,#N/A,7.26E-05,7.63E-05,7.47E-05,7.76E-05,7.61E-05,7.85E-05,8.54E-05,8.77E-05,8.83E-05,8.90E-05,9.28E-05,9.50E-05,9.80E-05,0.000105097,9.81E-05,0.000102952,0.000106661,0.000107778,0.000110549,0.000111844,0.000114436,0.000111889,0.0001139,0.000120111,0.000119664,0.000116581,0.000117475,0.00012239,0.000129763,0.000131639,0.000126545,0.000129495,0.000139504,0.000138744,0.000135661,0.000142542,0.000133159,0.000144062,0.000142185,0.000149334,0.000155009,0.000146787,0.000152596,0.000154473,0.000150362,0.000150183,0.000146028,0.000149513,0.000151524,0.000157735,0.00016055,0.000161444,0.000158316,0.000159344,0.000151747,0.000154652,0.000164259,0.00015988,0.000167834,0.000173955,0.000177351,0.000173955,0.000171185,0.000161846,0.000158986,0.000167566,0.000166314,0.000170336,0.000176234,0.000172749,0.000170738,0.000174179,0.000180122,0.000177977,0.000185305,0.000180658,0.000180926,0.000181194,0.000190712,0.00019518,0.000192544,0.000201034,0.000193482,0.000207334,0.000198576,0.000207647,0.000210596,0.000210596,0.000220069,0.00021645,0.000218416,0.000220829,0.0002278,0.000233921,0.000239641,0.000245807,0.000248354,0.000247729,0.00025175,0.00025318,0.000254521,0.00026529,0.000273735,0.000268909,0.000282404,0.000291743,0.000285308,0.000285353,0.000289955,0.000299473,0.000303629,0.000305595,0.000324496,0.000316989,0.000322485,0.000330931,0.000340761,0.000339331,0.000354524,0.000354256,0.000355105,0.000357339,0.000359484,0.000360288,0.000361942,0.000372219,0.000372219,0.000388305,0.000385267,0.000393444,0.000394963,0.00039188,0.000405821,0.0003997,0.000402202,0.000409396,0.000397778,0.000414892,0.000410647,0.000404794,0.000417216,0.000418914,0.00040533,0.000410558,0.000409843,0.00041668,0.000423025,0.000431336,0.000419182,0.000428432,0.000421461,0.000419852,0.000437726,0.000432989,0.000431113,0.000446618,0.000443669,0.00044072,0.000451578,0.000450863,0.000468424,0.000459085,0.000466011,0.000478701,0.000480086,0.000486476,0.000491168,0.000506539,0.000508148,0.000513019,0.000538578,0.00053545,0.000549526,0.000560518,0.000571957,0.000580626,0.000590009,0.000605872,0.000624371,0.000631253,0.000653416,0.000666911,0.000694883,0.000724285,0.000736305,0.000769774,0.000813698,0.000821652,0.000887919,0.000909143,0.000951459,0.001026037,0.001063304,0.001114378,0.001191681,0.001299191,0.001398926,0.001502594,0.001637718,0.001786248,0.001967934,0.002135366,0.002333674,0.002556737,0.00280031,0.003085574,0.003363822,0.003615215,0.003914643,0.004217959,0.004473597,0.004746439,0.004962084,0.005189616,0.005386539,0.005535337,0.005675824,0.005748614,0.005810993,0.005853846,0.005829135,0.00583901,0.005811306,0.005768409,0.005777614,0.005704154,0.005629978,0.005545302,0.005499724,0.00544999,0.005364375,0.005247124,0.005173306,0.005075403,0.00501861,0.004931833,0.004878659,0.004786744,0.00471516,0.004665381,0.004611046,0.004539819,0.004488343,0.004423953,0.004356793,0.004298167,0.004239899,0.00419669,0.004138332,0.004070814,0.004069653,0.004010267,0.003976263,0.003947575,0.003886805,0.003903517,0.003882337,0.003882649,0.003858609,0.003898646,0.003904723,0.003883275,0.003867948,0.00386987,0.003868082,0.003860486,0.003833318,0.003850387,0.003836804,0.003839306,0.003813836,0.003806597,0.003806463,0.003786579,0.003810797,0.003788321,0.003759991,0.003764013,0.003765532,0.003767811,0.003747569,0.003734298,0.003717408,0.003747927,0.003722278,0.003710124,0.003745514,0.003734834,0.003721518,0.003728444,0.003725004,0.003728713,0.003714592,0.003714592,0.003717408,0.003704762,0.003710258,0.00369024,0.003722993,0.00370856,0.003741001,0.003733047,0.00370646,0.003742609,0.003717899,0.003713118,0.003712403,0.003746005,0.003725138,0.003715486,0.003726881,0.003714056,0.003721965,0.003708203,0.003716067,0.003730768,0.003721608,0.003744799,0.003709722,0.003772503,0.003774961,0.003752306,0.003774827,0.003802531,0.003829118,0.003786936,0.003816338,0.003816562,0.003864552,0.00381254,0.003882158,0.003844042,0.003870049,0.003844534,0.003875277,0.003859369,0.00388609,0.003919916,0.003905975,0.003898244,0.003917235,0.003907047,0.003923133,0.0039562,0.00393627,0.003981044,0.004016657,0.004057007,0.004107009,0.004129619,0.004216351,0.00425107,0.004272116,0.004379895,0.004429717,0.004461309,0.004463499,0.004597015,0.004627847,0.004701263,0.004754571,0.004825976,0.004867264,0.004934961,0.005039835,0.005150964,0.005202932,0.005309369,0.005419426,0.005511878,0.005593873,0.005635563,0.005738784,0.005818232,0.005854382,0.00591475,0.005971454,0.005994913,0.006005995,0.006069625,0.006033163,0.005987406,0.005912739,0.005887091,0.005743074,0.00565232,0.005466702,0.005328673,0.005064724,0.00484099,0.004580571,0.004336238,0.004054192,0.003761198,0.003445639,0.003219716,0.002930833,0.002681406,0.002448333,0.002252036,0.002027722,0.001858235,0.001680079,0.001559789,0.001446604,0.001336413,0.001245034,0.001164692,0.001120991,0.001031935,0.000979387,0.000920225,0.000885059,0.000834923,0.000782598,0.000776208,0.000752794,0.000709718,0.000688583,0.000676875,0.000670709,0.000644301,0.000630359,0.000612039,0.000599929,0.000578749,0.000567086,0.000552385,0.000542778,0.000530133,0.00051427,0.000514538,0.000516102,0.000503858,0.000505869,0.000488264,0.000483527,0.000481159,0.000473026,0.000471596,0.000450595,0.000458683,0.000448852,0.000448897,0.000447199,0.000438798,0.000436787,0.000431828,0.000427359,0.000427761,0.000435492,0.000423874,0.000435134,0.000412881,0.000425125,0.000423427,0.000429772,0.00042374,0.000410022,0.000407475,0.000411675,0.000403587,0.000398493,0.000404168,0.000402828,0.000405509,0.000403766,0.000386697,0.000391969,0.000391835,0.00039474,0.000386562,0.000390316,0.000382317,0.000385982,0.000376598,0.000375168,0.000370253,0.000361048,0.000351932,0.000349028,0.000363282,0.000349385,0.00035153,0.000330395,0.000328652,0.000329546,0.000320162,0.000315381,0.000299652,0.000306176,0.000305952,0.000291341,0.000287766,0.000282448,0.000293128,0.000276639,0.000270071,0.000261492,0.000257917,0.000257872,0.000258051,0.000253225,0.000250589,0.000241339,0.00024688,0.000239954,0.000225655,0.000224359,0.00021998,0.000215288,0.000218371,0.000215512,0.000214797,0.000204877,0.000205056,0.000213545,0.000208183,0.000202419,0.000205547,0.000198532,0.000203626,0.000189774,0.000194242,0.000194421,0.000186914,0.000186646,0.000184411,0.000189237,0.00018535,0.000187316,0.00018669,0.000201972,0.000186824,0.000173509,0.000186333,0.000178513,0.000178513,0.000174983,0.000170247,0.000169085,0.000165778,0.000170023,0.000163499,0.000165868,0.000169174,0.000169666,0.000161444,0.00018955,0.000170202,0.000163455,0.00016551,0.000168638,0.000178826,0.000183026,0.000166895,0.000159433,0.000155009,0.000168236,0.000169621,0.000154205,0.000152954,0.000145223,0.00014576,0.000142945,0.000153267,0.000139415,0.000136331,0.000149379,0.000139236,0.000135884,0.000136644,0.000134052,0.000124803,0.000130076,0.000117206,0.000121317,0.00011314,0.00012163,0.000114123,0.000111621,0.000109119,0.000107778,0.000107644,0.000100629,0.000106393,9.68E-05,9.43E-05,8.83E-05,9.20E-05,9.06E-05,9.51E-05,8.82E-05,8.83E-05,8.77E-05,8.23E-05,8.33E-05,8.03E-05,7.44E-05,7.14E-05,7.12E-05
,HNGK044,#N/A,7.12E-05,7.25E-05,8.09E-05,7.63E-05,7.57E-05,8.33E-05,8.64E-05,8.76E-05,8.72E-05,9.05E-05,9.08E-05,9.10E-05,9.66E-05,0.000101891,9.72E-05,9.64E-05,0.000101186,0.000108231,0.000109332,0.000105061,0.000113295,0.000117038,0.000115497,0.000117346,0.000115893,0.000114616,0.000115453,0.000117962,0.000128046,0.000127606,0.000127165,0.000127606,0.000132141,0.000133154,0.000135619,0.000135796,0.000135311,0.000141035,0.000141828,0.000143986,0.000147244,0.000150634,0.000146892,0.00014742,0.000146804,0.000144118,0.000140947,0.000145703,0.00014676,0.00015812,0.000156579,0.000151691,0.000149093,0.00015517,0.000147816,0.000152132,0.000159837,0.000154994,0.000158913,0.000166662,0.000168908,0.000164461,0.00016063,0.000159133,0.000159045,0.000166354,0.000171682,0.000161554,0.000179344,0.000168732,0.000166794,0.000168952,0.00017494,0.000175953,0.000174324,0.000178463,0.000176922,0.000184671,0.000186917,0.000187269,0.0001852,0.000193962,0.000187181,0.000195459,0.000196472,0.000208405,0.000209462,0.000206115,0.000210871,0.000211047,0.00021589,0.00021523,0.000222319,0.00022113,0.000234516,0.000242618,0.000242266,0.000243719,0.000254683,0.000252393,0.000255519,0.000260671,0.000267848,0.000268817,0.000282687,0.00028348,0.000283568,0.000279341,0.000284845,0.000299199,0.000304131,0.000303603,0.000315095,0.000305496,0.000314126,0.000325355,0.000338256,0.00033764,0.000347371,0.000351466,0.000354548,0.000350101,0.000356177,0.000361549,0.00036036,0.000368506,0.000373702,0.000380659,0.00038132,0.000382464,0.000393384,0.00038515,0.000394045,0.000401486,0.000387264,0.000396599,0.000402807,0.00040655,0.000400958,0.000403204,0.000417206,0.000410029,0.000401883,0.000411262,0.000412406,0.000420993,0.000415665,0.000422402,0.000421037,0.000417866,0.000420684,0.000421125,0.000429755,0.000426893,0.000430063,0.000428478,0.000423326,0.000437725,0.000441248,0.000454589,0.000456615,0.000464541,0.000475196,0.000470045,0.000478631,0.000480612,0.000483342,0.000508,0.000516235,0.00051553,0.000523896,0.000534244,0.000541069,0.000562468,0.000564318,0.000575458,0.000585189,0.000609495,0.000633537,0.000634769,0.000665416,0.000681928,0.000707511,0.000704649,0.000746039,0.000764356,0.000800243,0.000820762,0.00087589,0.000921111,0.00097919,0.001032469,0.001087377,0.001146689,0.001234753,0.001305821,0.001415242,0.001525939,0.001657287,0.00182254,0.002009017,0.00216859,0.002386858,0.002626306,0.002871478,0.003134658,0.003424127,0.003692415,0.003972681,0.004288789,0.004548976,0.004816956,0.005047993,0.005286296,0.005445913,0.005595931,0.005746257,0.005804072,0.005852287,0.005876813,0.005867743,0.005860301,0.005834718,0.005841763,0.005764971,0.005691613,0.005650839,0.005562114,0.005495978,0.005408398,0.005321302,0.005237905,0.005154155,0.005071859,0.004980228,0.004899649,0.004828581,0.004758789,0.004687941,0.004623258,0.00455263,0.004503094,0.00445435,0.00438293,0.004329563,0.004280202,0.004229257,0.004182759,0.004114421,0.004076069,0.004025872,0.003998,0.003953439,0.003924025,0.003901305,0.003884748,0.003853486,0.003858681,0.003873036,0.003852649,0.003886378,0.003867972,0.003844415,0.003858241,0.003827507,0.003827991,0.003815662,0.003812844,0.003828343,0.003832526,0.003781008,0.003799414,0.003778322,0.003775284,0.003779555,0.003781933,0.003761018,0.003772862,0.003761282,0.003730459,0.003743493,0.003727994,0.003740323,0.00372588,0.003717426,0.003730019,0.00373068,0.003733674,0.003723546,0.003727333,0.003702851,0.00372042,0.003717866,0.003723282,0.003721036,0.00373451,0.003728302,0.003739794,0.00374204,0.003714123,0.003748645,0.00373178,0.003718615,0.003746883,0.003693252,0.003719231,0.003744726,0.003707871,0.003735259,0.003716765,0.00370633,0.00373931,0.003725264,0.003715885,0.003745166,0.003732705,0.003736492,0.003721477,0.00373134,0.003751066,0.003745739,0.003765421,0.003776913,0.003781889,0.003794438,0.003797917,0.003813504,0.003797961,0.003825613,0.003840804,0.003839747,0.003825217,0.003850623,0.003836313,0.003830765,0.003866343,0.003859254,0.003889724,0.003880125,0.003885497,0.003876955,0.00388422,0.003936046,0.003914294,0.003952074,0.003947627,0.004003151,0.004015656,0.004074528,0.00412904,0.004138903,0.004195837,0.004276063,0.004322033,0.004382666,0.004466239,0.004501641,0.004531407,0.004601726,0.004648973,0.004742321,0.00476786,0.00485183,0.004886483,0.005008761,0.005119634,0.005186959,0.005296203,0.005391357,0.005495273,0.005551943,0.005660703,0.005744496,0.005793636,0.005881833,0.005927406,0.005986321,0.00604101,0.006089093,0.006061352,0.006077248,0.006057081,0.006009879,0.005934319,0.005871617,0.005712044,0.00557757,0.005364498,0.005173265,0.004950946,0.004683142,0.004447261,0.004121026,0.003842037,0.00356001,0.003287451,0.003001813,0.00274876,0.002510941,0.002308084,0.002083123,0.001888721,0.001733111,0.001588509,0.001468565,0.001363988,0.001263815,0.001172139,0.001109437,0.001043125,0.000984166,0.000924062,0.000880029,0.000832739,0.000801167,0.000764929,0.000756651,0.000707907,0.000683733,0.000670656,0.000653439,0.000635826,0.000617685,0.000605752,0.000596593,0.000572023,0.000558506,0.00054807,0.000537018,0.000544503,0.00052328,0.000516675,0.000504258,0.000505931,0.000485896,0.000488406,0.00047524,0.000480524,0.000459697,0.000454898,0.000452344,0.0004534,0.000445475,0.000436404,0.000438121,0.000432617,0.000437285,0.00043134,0.000435391,0.000422182,0.000419231,0.000423238,0.000422358,0.000414256,0.00041747,0.000417162,0.000415533,0.000416325,0.000405846,0.000397479,0.000402367,0.000402235,0.000406242,0.000403072,0.000399593,0.000395674,0.000388761,0.000389818,0.00039585,0.000389774,0.000384358,0.000381099,0.000394926,0.000380791,0.000378017,0.000377929,0.000364499,0.000363134,0.000363398,0.000357014,0.000349396,0.000362386,0.000345213,0.000343232,0.000333765,0.000331959,0.00032465,0.0003158,0.000311969,0.000301489,0.000299728,0.000295765,0.000288279,0.000285637,0.000283216,0.000280794,0.000270402,0.000266131,0.000253758,0.000253714,0.000256488,0.000252217,0.000245436,0.000261288,0.000236013,0.000236674,0.000239536,0.000225665,0.000220338,0.000219545,0.00021611,0.000213777,0.000208625,0.00021021,0.000205587,0.000203121,0.000210034,0.000202328,0.000202681,0.000200347,0.00019383,0.000194138,0.000185992,0.000187798,0.000181897,0.000177318,0.000182294,0.00017952,0.00018018,0.000178463,0.000183483,0.000181017,0.000186213,0.000181369,0.000172298,0.000167235,0.000167807,0.000170581,0.000163756,0.000160498,0.000157415,0.000157459,0.000168379,0.000159485,0.000163008,0.000158824,0.000162831,0.00015037,0.000178595,0.000159881,0.00015812,0.00016314,0.00016041,0.000178199,0.000175337,0.000152968,0.000150943,0.000146848,0.000156887,0.000154201,0.000149446,0.000151251,0.00013945,0.000139758,0.000136456,0.000145307,0.000137161,0.000134959,0.000141388,0.000134254,0.000130688,0.000125536,0.000122718,0.000117698,0.000118975,0.000119504,0.00012012,0.000118095,0.000115849,0.000112899,0.000111446,0.000108892,0.000102727,0.000100746,9.92E-05,0.000104048,9.27E-05,9.08E-05,9.30E-05,8.82E-05,8.88E-05,9.45E-05,8.74E-05,7.87E-05,9.10E-05,8.20E-05,7.91E-05,7.47E-05,7.33E-05,7.76E-05,6.97E-05
,HNGK045,#N/A,7.17E-05,7.04E-05,7.93E-05,7.31E-05,7.43E-05,8.10E-05,8.15E-05,8.78E-05,8.16E-05,9.00E-05,9.21E-05,8.78E-05,9.61E-05,9.84E-05,9.79E-05,9.93E-05,9.55E-05,0.000104285,0.000107212,0.000105764,0.000116558,0.000112561,0.000116086,0.00011017,0.000116432,0.000111303,0.000114607,0.000119516,0.000127352,0.000130467,0.000122348,0.00012924,0.000128768,0.000130121,0.000134558,0.000138491,0.000133519,0.00013525,0.000138837,0.000142362,0.00015369,0.000147932,0.000143621,0.000145918,0.000148309,0.000148907,0.00014683,0.000145257,0.000146075,0.000153281,0.000156869,0.000149914,0.000150292,0.000151739,0.00014982,0.000152274,0.000159575,0.000155988,0.000161054,0.000170368,0.000169708,0.000164956,0.000165302,0.000161211,0.000159638,0.000166781,0.000168952,0.000167945,0.000171438,0.000169204,0.000173358,0.000173169,0.00017748,0.000176379,0.000180218,0.000178298,0.000182169,0.000180564,0.000189344,0.000189249,0.000188305,0.000197116,0.000186826,0.000197525,0.000197746,0.000205361,0.000204102,0.000209609,0.000216941,0.000219962,0.000215966,0.000220403,0.000225438,0.000227483,0.000239441,0.000240291,0.000246458,0.000248535,0.000248158,0.000255836,0.000249542,0.000262035,0.000262916,0.000272892,0.000271318,0.00029001,0.000287084,0.000291584,0.000293063,0.000302566,0.000301528,0.000307318,0.000321321,0.000316821,0.00032365,0.000325506,0.000330793,0.000333625,0.000347691,0.000349957,0.00035238,0.000357887,0.000359366,0.000365439,0.000364023,0.00036975,0.000372205,0.000388033,0.000391243,0.000381457,0.000390991,0.000390457,0.000401754,0.000406946,0.000394673,0.000401093,0.000400621,0.000407481,0.000405656,0.000411005,0.000415442,0.00040789,0.000408928,0.000412925,0.000412075,0.000416449,0.000419439,0.000431208,0.000420886,0.000422491,0.000422491,0.000431648,0.000436966,0.000422554,0.000431428,0.000443858,0.000436243,0.000435519,0.000447508,0.00045119,0.000460033,0.000466358,0.000466546,0.000468372,0.000479071,0.000487504,0.000492854,0.000510507,0.000505976,0.000513937,0.000530301,0.000532755,0.000533951,0.000549496,0.000569605,0.000573035,0.000588769,0.00060444,0.000624926,0.000627569,0.000648212,0.000672002,0.000695918,0.000706082,0.000737959,0.000763228,0.000797686,0.000822136,0.000874562,0.000917076,0.000969533,0.001012613,0.00106164,0.001133545,0.001213977,0.001281697,0.001396681,0.001509306,0.001635524,0.001788239,0.001961031,0.002128976,0.002327477,0.002563047,0.002778856,0.003068803,0.003328698,0.003600678,0.003904219,0.004196338,0.004477002,0.004724121,0.004950566,0.005153724,0.005339166,0.00552681,0.005654162,0.005741077,0.005737143,0.005791803,0.005815184,0.005777989,0.005771317,0.005743531,0.005716311,0.005613694,0.005594309,0.005501604,0.005415256,0.005376581,0.005285859,0.005219083,0.00514013,0.005053215,0.004956482,0.004877308,0.004778058,0.004753859,0.004673615,0.004652626,0.004554602,0.004526061,0.004457114,0.004415828,0.004347605,0.004273246,0.004225351,0.004197471,0.004139789,0.004106056,0.004061717,0.004007183,0.003962624,0.003944813,0.003930243,0.003913376,0.003904848,0.003923981,0.003915516,0.003937481,0.003922943,0.003929079,0.003898429,0.003891317,0.003898429,0.003904345,0.003886912,0.003887478,0.003859629,0.003877188,0.003853902,0.003869227,0.003859566,0.003804056,0.003824007,0.003818248,0.003794773,0.003817178,0.003790556,0.003825801,0.003804025,0.003796441,0.003782752,0.003811703,0.003780203,0.003762801,0.003779102,0.00378593,0.003770322,0.003806385,0.003772934,0.003778472,0.003783979,0.003780455,0.003768623,0.003799902,0.003785144,0.00379021,0.003773123,0.003775263,0.003785175,0.003791846,0.00376963,0.003814472,0.003776112,0.00377564,0.003777623,0.003783067,0.003777623,0.003785867,0.003785993,0.003759812,0.003793042,0.003780644,0.003788165,0.003774979,0.003774917,0.003787724,0.003807832,0.003787944,0.003808462,0.003815227,0.003826461,0.003839112,0.003861108,0.003862744,0.003846947,0.003853681,0.00389009,0.003877094,0.003900726,0.003889649,0.003904156,0.003897894,0.003917687,0.003915327,0.003904062,0.00394925,0.00392395,0.003909411,0.003926499,0.003937418,0.003946072,0.003982323,0.003973292,0.003998686,0.004044126,0.004040822,0.004111342,0.004120342,0.00419445,0.004208547,0.004269186,0.004331839,0.00439015,0.004452929,0.004505103,0.004537106,0.004608193,0.004662192,0.004721572,0.004757477,0.004820351,0.004899839,0.005003841,0.00509749,0.005161308,0.005266946,0.005364246,0.005450972,0.005501195,0.005615613,0.005654665,0.005751398,0.005788059,0.005838345,0.005902382,0.005922207,0.005961826,0.005991059,0.005991783,0.005951284,0.005897599,0.005855432,0.005748912,0.005627225,0.005473,0.005281013,0.005072473,0.004829413,0.004602906,0.004311448,0.004037644,0.003755564,0.0034569,0.003207766,0.002935662,0.002677843,0.002449227,0.002238139,0.002042281,0.001861119,0.001717625,0.001549459,0.001423083,0.00133642,0.001258631,0.001164604,0.001109692,0.001023627,0.00096346,0.000915376,0.000883782,0.000831325,0.000787805,0.000756053,0.000740225,0.000709417,0.000693558,0.000672474,0.000650037,0.000632667,0.000619135,0.000600569,0.000590122,0.000571304,0.000569951,0.000554594,0.00053908,0.000528476,0.000520829,0.000518972,0.0005157,0.000504717,0.000500217,0.000496819,0.000481431,0.000483885,0.00046919,0.000470952,0.00045676,0.000449837,0.000444393,0.000453424,0.000445872,0.000437659,0.00044175,0.000441907,0.00043448,0.00043061,0.000432215,0.000418872,0.000423372,0.000419974,0.000418117,0.000415757,0.000424914,0.000421453,0.000408582,0.000407229,0.000407229,0.000410061,0.000405467,0.000400306,0.00040767,0.000401439,0.000400306,0.000397002,0.000392691,0.000381929,0.000394044,0.000385957,0.000391589,0.000378656,0.000374219,0.000377712,0.000374785,0.000368869,0.000363551,0.000359397,0.000354426,0.000362041,0.00034766,0.00034467,0.000329692,0.000330227,0.000326828,0.000317891,0.000309804,0.000315468,0.000306185,0.000299199,0.000294164,0.000281105,0.000287398,0.000279217,0.000274465,0.00026921,0.000265213,0.000254168,0.000247025,0.000253507,0.000248095,0.000249888,0.000240322,0.000241644,0.000234532,0.000232927,0.000224273,0.000227861,0.00021842,0.000215462,0.000206809,0.000206903,0.000205015,0.000196613,0.00020791,0.0002002,0.000199823,0.000201396,0.00019806,0.000195921,0.000191295,0.000186732,0.000185316,0.000182861,0.000180124,0.000181665,0.00018327,0.000184372,0.000182767,0.000178959,0.000185536,0.000184403,0.000169519,0.00017018,0.000168795,0.000168103,0.000167001,0.000158946,0.000163823,0.000163068,0.000166844,0.000157561,0.000161998,0.000162124,0.000162061,0.000156082,0.000179777,0.000161022,0.000156774,0.000163666,0.000165428,0.000176756,0.00018176,0.000158127,0.000154162,0.000153596,0.000160519,0.000157592,0.000148404,0.000149725,0.000137012,0.000138428,0.000139372,0.000147963,0.000133928,0.000136886,0.000147051,0.000135974,0.0001344,0.000125495,0.000123324,0.000118068,0.000120617,0.000114764,0.000118005,0.000113757,0.000118289,0.000110957,0.000108093,0.000104663,0.000106048,0.000100352,0.000102303,0.000101233,9.45E-05,9.02E-05,8.78E-05,8.55E-05,9.19E-05,9.15E-05,8.75E-05,7.97E-05,8.63E-05,8.24E-05,7.96E-05,7.45E-05,7.67E-05,7.45E-05,6.78E-05
,HNGK046,#N/A,7.35E-05,7.15E-05,7.69E-05,7.58E-05,8.07E-05,8.26E-05,8.56E-05,8.58E-05,8.85E-05,9.26E-05,9.29E-05,9.50E-05,9.82E-05,0.000102072,9.92E-05,0.00010359,0.000104183,0.000111639,0.000119128,0.000110485,0.000120052,0.000118402,0.000124604,0.000116786,0.000120283,0.000118237,0.000123648,0.000126188,0.000129718,0.000133842,0.000129388,0.000136481,0.00013592,0.000140803,0.000139219,0.000147863,0.000142023,0.000142947,0.000147533,0.0001507,0.000159211,0.000151854,0.000153966,0.000154659,0.000157067,0.00015159,0.000153339,0.00015225,0.000153042,0.000156836,0.00016129,0.000160069,0.00015644,0.000164523,0.000159409,0.000156803,0.00016769,0.000159343,0.000168284,0.000178873,0.000181777,0.000175047,0.000168383,0.000163368,0.000164424,0.000167558,0.000173034,0.000176762,0.000180391,0.000179962,0.00018468,0.000182041,0.000186329,0.000184812,0.000188144,0.000183954,0.000187121,0.000193554,0.000190189,0.00020101,0.000198404,0.00020675,0.000197282,0.00020454,0.000208598,0.000215922,0.000216812,0.00021546,0.000219847,0.000224829,0.000221299,0.000222091,0.000236376,0.00023047,0.000244062,0.000250297,0.000248516,0.000258017,0.000257357,0.000263461,0.000256401,0.00026831,0.00027184,0.000275733,0.000278504,0.000284343,0.000292756,0.00028949,0.000292756,0.000306183,0.000299816,0.000309053,0.000322744,0.000321161,0.000331256,0.000331454,0.000338613,0.000341351,0.000348741,0.000354349,0.000366324,0.000354844,0.000371801,0.000363685,0.00037731,0.000378696,0.000385789,0.000389517,0.000372889,0.000383314,0.000395455,0.000399414,0.000402383,0.000403702,0.000400007,0.000414523,0.000410004,0.000417855,0.000417492,0.000407925,0.000422177,0.00042442,0.000409245,0.000419373,0.000423793,0.000426961,0.000426037,0.000437748,0.000422441,0.000443852,0.000430095,0.000436726,0.000431084,0.000433592,0.000436066,0.000449955,0.000445237,0.000455563,0.000458928,0.000465394,0.000468825,0.000473642,0.000476743,0.000486541,0.000488224,0.000492908,0.00049624,0.000529132,0.00052161,0.000514814,0.000533156,0.000552984,0.000549157,0.000555425,0.000584324,0.000587788,0.00060171,0.000613125,0.000637373,0.000630577,0.000661654,0.00067287,0.000699757,0.000725259,0.000746241,0.000749837,0.000798003,0.000837657,0.00087454,0.000900042,0.000966946,0.001006204,0.001045067,0.001116227,0.001188938,0.001268873,0.001358112,0.001474271,0.001604154,0.001737533,0.001900572,0.002079907,0.002263333,0.002471931,0.002718962,0.002958505,0.003229982,0.003501822,0.003764722,0.00405629,0.004320806,0.004563714,0.004846177,0.005047616,0.005217417,0.005391639,0.005533431,0.00560083,0.005674762,0.005729789,0.00572847,0.005754466,0.005726325,0.005722103,0.005717484,0.005641342,0.00557391,0.005501035,0.005478436,0.005408398,0.005352314,0.005210786,0.005150051,0.005100994,0.005017694,0.004955309,0.004914236,0.004830111,0.004761821,0.004680995,0.004655262,0.004578428,0.004544778,0.004485857,0.00438936,0.004355083,0.004303421,0.004250636,0.004212796,0.004121017,0.004122568,0.004071268,0.004028743,0.004006805,0.003970021,0.003952734,0.003964214,0.00392555,0.003943034,0.003944519,0.003939208,0.003947554,0.003908296,0.003916411,0.003906085,0.003919941,0.003904007,0.003890778,0.003891702,0.003867388,0.003847989,0.003863561,0.003852839,0.003847923,0.003839775,0.003814108,0.003802166,0.003824137,0.003795502,0.003781052,0.003789992,0.003756804,0.003780887,0.00377805,0.003776071,0.003762248,0.00376073,0.003747204,0.003745488,0.003800285,0.003749381,0.003740243,0.00375212,0.003763897,0.003753901,0.003757497,0.003746478,0.003720878,0.00377739,0.003765745,0.00378478,0.003774388,0.003768516,0.003804112,0.003745851,0.003749183,0.00375212,0.003744103,0.003750965,0.003789597,0.003769934,0.003757167,0.003756936,0.003785836,0.003759344,0.003788046,0.003776136,0.00377838,0.003801143,0.003777753,0.003820179,0.003782867,0.003828162,0.003853631,0.003845086,0.00384149,0.003873491,0.003882002,0.00390183,0.003882728,0.003896188,0.003892493,0.003898564,0.003920535,0.003938152,0.00392809,0.003929146,0.003951249,0.003953558,0.003977476,0.00396913,0.003969163,0.003996017,0.004027259,0.003992058,0.004038574,0.004055894,0.004095846,0.004159979,0.004222099,0.00426502,0.004299396,0.004332221,0.004413344,0.004467217,0.00452241,0.004566914,0.004620062,0.004649951,0.004704682,0.004802168,0.004833839,0.004911366,0.004947952,0.005055105,0.005122075,0.005207124,0.005292965,0.005394872,0.005487113,0.005532474,0.00561594,0.005688816,0.005751134,0.005785906,0.00583295,0.005864885,0.0059019,0.005898766,0.005925983,0.005911731,0.005831631,0.005770763,0.005683306,0.005615082,0.005482131,0.005310285,0.005125077,0.004930533,0.004701317,0.004457386,0.004184062,0.003869928,0.003633156,0.003356071,0.003087332,0.00284096,0.002616098,0.002358246,0.0022024,0.001993241,0.001806252,0.001645886,0.001517389,0.00139328,0.001306383,0.001219817,0.001156838,0.001102899,0.001018015,0.00095563,0.000904165,0.00087675,0.000835447,0.000793021,0.000766101,0.000752773,0.000711502,0.000686,0.000676235,0.000661225,0.000639418,0.000631599,0.000606197,0.000589669,0.00058759,0.000576407,0.000561495,0.000543647,0.000544307,0.000528439,0.000522369,0.000531507,0.000509964,0.000507325,0.000497296,0.000497923,0.000482582,0.000478162,0.000475357,0.000462821,0.000467374,0.000464635,0.00045012,0.000453518,0.000449097,0.00044913,0.00044306,0.000443654,0.000436264,0.000442796,0.00043082,0.000431084,0.000425542,0.000422606,0.000422672,0.000428313,0.000422474,0.000415447,0.000412247,0.000416866,0.000417393,0.000401954,0.00041063,0.000413072,0.000408156,0.000409476,0.000395455,0.00040037,0.000397533,0.000396642,0.000386152,0.00039176,0.000383017,0.000390671,0.000383182,0.000382325,0.00037576,0.00036164,0.000365764,0.0003558,0.000369162,0.000354052,0.000349598,0.000338019,0.000333928,0.000325449,0.000322711,0.000309152,0.000309218,0.000309977,0.000299387,0.000297144,0.000291832,0.000288731,0.000282562,0.000281143,0.000275832,0.000271114,0.000264219,0.000261745,0.000256929,0.00025584,0.000249869,0.000256269,0.000243106,0.000247559,0.000232648,0.000231988,0.000230107,0.000221761,0.000217901,0.000212425,0.000212853,0.000215625,0.000208499,0.000216383,0.000215724,0.000210709,0.000209126,0.000203385,0.000197876,0.000198041,0.000200878,0.000195105,0.0001988,0.00018943,0.000184614,0.000184152,0.000190651,0.000186065,0.000187616,0.000197084,0.000197051,0.000180622,0.000179335,0.000179434,0.000178577,0.000181249,0.000169174,0.000173001,0.000169933,0.000180094,0.000166238,0.000171978,0.000171352,0.000168844,0.000164886,0.000190783,0.000173793,0.000165413,0.000181084,0.000168152,0.00017343,0.000187484,0.000166799,0.000157298,0.000158716,0.000161521,0.000165974,0.000154461,0.000156506,0.000140176,0.000145586,0.000147071,0.000157001,0.000139549,0.000141792,0.000151854,0.000137603,0.00013272,0.000136679,0.000124835,0.000122823,0.000122757,0.000120876,0.000117149,0.000114179,0.000120547,0.00011606,0.000115136,0.000113289,0.000105932,0.000103029,0.000101313,0.000105041,9.36E-05,9.23E-05,9.52E-05,9.01E-05,9.29E-05,9.42E-05,8.82E-05,8.69E-05,8.96E-05,8.51E-05,8.17E-05,7.45E-05,7.65E-05,7.58E-05,6.95E-05
,HNGK047,#N/A,7.22E-05,7.45E-05,8.25E-05,7.42E-05,7.88E-05,8.10E-05,8.59E-05,8.67E-05,8.51E-05,8.82E-05,9.10E-05,9.45E-05,9.77E-05,0.000100159,9.88E-05,9.79E-05,0.000100443,0.000108671,0.000109863,0.000106798,0.000115991,0.000113835,0.000113381,0.000109522,0.000111735,0.000116445,0.000121382,0.000121382,0.000130462,0.00013608,0.000132788,0.000130859,0.000127341,0.000136477,0.000131256,0.000144819,0.000138293,0.000141074,0.000137271,0.000144422,0.000149699,0.000144422,0.00014323,0.000146181,0.000151572,0.000140563,0.000143287,0.000145216,0.000149359,0.000161049,0.000154182,0.000152934,0.000146124,0.000155998,0.000150834,0.000150948,0.000153161,0.000159289,0.000164056,0.00017115,0.000174725,0.000167121,0.000166269,0.00016173,0.00016207,0.00016224,0.000172001,0.000170866,0.000172285,0.000173476,0.000176597,0.000177278,0.000174952,0.000175235,0.000180683,0.000174157,0.000180399,0.000181137,0.000189025,0.00018335,0.000189309,0.000194927,0.00019243,0.00020673,0.000204517,0.000200715,0.000208319,0.00020917,0.000217512,0.000220122,0.000211894,0.000218874,0.000225059,0.000230734,0.000241346,0.000247021,0.000249631,0.000254511,0.000251674,0.00025854,0.000249007,0.00026064,0.000262967,0.000264158,0.000279764,0.00029134,0.000275564,0.000286914,0.000285325,0.000300193,0.00030564,0.000299115,0.000317217,0.000320622,0.000326807,0.000317614,0.000329588,0.000335716,0.000345647,0.000348882,0.000353024,0.000354443,0.000349847,0.00036182,0.000358188,0.00036619,0.000372886,0.000395585,0.000372091,0.000384519,0.000398365,0.0003873,0.000399103,0.000397174,0.000387697,0.000396095,0.000392123,0.000402678,0.000411928,0.000405629,0.000409147,0.000412155,0.00040194,0.000407785,0.000413176,0.000426172,0.000412098,0.000425491,0.000421972,0.000424356,0.000423618,0.000431336,0.000432811,0.000427931,0.000437294,0.000432527,0.000432868,0.000435138,0.000453921,0.000457155,0.000461241,0.000452275,0.000462433,0.000478946,0.000490126,0.000481897,0.000482635,0.00050471,0.000523663,0.000514924,0.000524287,0.000539496,0.000540971,0.000556236,0.000580751,0.00057065,0.000596073,0.000599364,0.000608898,0.000621779,0.000661956,0.000669901,0.000701225,0.000714334,0.000727272,0.000766711,0.00079622,0.00082902,0.000870162,0.000912779,0.000960219,0.001022812,0.001055441,0.001136476,0.001196174,0.001286062,0.001371012,0.001498807,0.001629553,0.001788672,0.001942627,0.002131766,0.002311257,0.002540402,0.002772782,0.003045282,0.003337473,0.003586991,0.003830947,0.004149129,0.004421118,0.00463619,0.004879125,0.005122797,0.005301267,0.005420607,0.005595161,0.005625918,0.00572097,0.005745598,0.005748322,0.005750365,0.005744349,0.00570979,0.005667741,0.005602992,0.005549877,0.005498464,0.005441092,0.005331684,0.005288272,0.005172848,0.005123592,0.005054303,0.004963338,0.004898362,0.004832308,0.004778682,0.004663712,0.004644929,0.004600439,0.004516397,0.004469069,0.004446881,0.004398249,0.004322378,0.004283733,0.004185447,0.00418261,0.004117577,0.004097432,0.004048913,0.00399279,0.003966062,0.003937916,0.003941604,0.003939107,0.003912266,0.003944669,0.00393173,0.003963338,0.003952954,0.003917827,0.003910109,0.003912606,0.003937064,0.003923899,0.003918168,0.003894561,0.003900746,0.003871975,0.003860626,0.003874529,0.003850014,0.003831174,0.003837643,0.003827032,0.003831061,0.003805638,0.003829018,0.003815966,0.003787706,0.003806432,0.003811256,0.003815796,0.003806886,0.003791905,0.003795934,0.003797296,0.003815739,0.003809043,0.003823343,0.003796161,0.003808589,0.00378362,0.003794345,0.003778456,0.003778229,0.00378362,0.003805184,0.00383089,0.003826748,0.003784755,0.003817895,0.003788273,0.003770738,0.003779534,0.003780215,0.003815625,0.003806773,0.003816477,0.003810121,0.00379043,0.003801268,0.003785947,0.003784528,0.003822719,0.003837019,0.003794402,0.003822265,0.003836792,0.003839005,0.003857675,0.00385444,0.003888716,0.003879182,0.003874529,0.003856086,0.003891837,0.00388673,0.003944158,0.003951535,0.003928382,0.003922594,0.003956472,0.003970715,0.003934795,0.003955621,0.003956926,0.003958004,0.003991598,0.00397622,0.004002324,0.004009304,0.004024512,0.004022412,0.004038131,0.004090566,0.004137269,0.004156222,0.004225397,0.00424872,0.004320108,0.004384289,0.004416522,0.004478376,0.004518553,0.004583756,0.004625975,0.004680623,0.004744123,0.004762963,0.004831003,0.004901143,0.00498405,0.005085287,0.005172451,0.005249571,0.005321412,0.005436155,0.005510154,0.005614739,0.005642772,0.005739072,0.005792414,0.005806828,0.0058478,0.005858525,0.005917712,0.005921174,0.005911867,0.005879465,0.005810233,0.00572846,0.005652589,0.005552544,0.005396092,0.005183801,0.00501458,0.004755813,0.004519972,0.004275618,0.004003345,0.003745713,0.003435022,0.003159287,0.002906762,0.002664168,0.002427362,0.002249005,0.002016455,0.001835261,0.001671092,0.001559924,0.001431619,0.001332084,0.001233457,0.00116224,0.001101634,0.00101725,0.000970831,0.00090892,0.000879865,0.000834695,0.000796674,0.000766768,0.000736182,0.000705084,0.000680115,0.000661105,0.000645329,0.000632504,0.000616331,0.000609749,0.000568607,0.00056401,0.00056367,0.000554931,0.000529905,0.000525252,0.000516116,0.000511576,0.000500964,0.000507774,0.000489955,0.000493076,0.000483713,0.0004651,0.000466689,0.000468562,0.000447508,0.000459823,0.000446657,0.000446884,0.000446487,0.000433095,0.000437634,0.000428782,0.000431449,0.000425207,0.000430995,0.000417262,0.000425945,0.000415673,0.000423675,0.000417546,0.000416751,0.000417092,0.00040631,0.000404381,0.000421859,0.000409545,0.000402394,0.000409431,0.000405913,0.000398876,0.000389853,0.000384519,0.000385824,0.000389059,0.000382363,0.000378107,0.00038066,0.000383838,0.000379525,0.000390591,0.00037368,0.000371978,0.000365112,0.000352968,0.000343945,0.000369708,0.000337589,0.000344285,0.000329077,0.000328907,0.000319941,0.000316139,0.000310123,0.000309045,0.000310804,0.000293326,0.00029151,0.000287141,0.00027704,0.000269209,0.000279083,0.000272897,0.000254114,0.000247191,0.000256157,0.000254511,0.000246623,0.00024441,0.000241686,0.000239757,0.000238055,0.000229883,0.000228861,0.00022767,0.000220236,0.000213369,0.000214845,0.000211327,0.000206049,0.000204006,0.000214958,0.000208262,0.000208546,0.000196459,0.000197594,0.00019697,0.000191181,0.000189025,0.000185393,0.00018528,0.000183237,0.000184996,0.00018352,0.000179435,0.00018352,0.000177619,0.000186869,0.000186698,0.000173136,0.000171604,0.000168653,0.000176938,0.00017359,0.000165588,0.00016695,0.000158552,0.000168369,0.000153898,0.000162694,0.000156055,0.000162467,0.000159687,0.000189138,0.000164113,0.000157247,0.000172001,0.000162808,0.000168426,0.000188457,0.000154579,0.000155374,0.000148451,0.00015475,0.000147486,0.00014113,0.00014567,0.000139371,0.000135285,0.000139598,0.000153558,0.00013869,0.000135739,0.00014811,0.000132959,0.000129213,0.000128362,0.000127397,0.000119566,0.000119453,0.000116048,0.000114062,0.00011253,0.000118999,0.000107536,0.000107763,0.000106855,0.00010555,0.000107479,9.47E-05,0.000103166,8.70E-05,8.88E-05,9.05E-05,8.74E-05,8.87E-05,9.80E-05,8.26E-05,8.16E-05,8.85E-05,8.13E-05,7.45E-05,7.10E-05,7.21E-05,7.58E-05,7.21E-05
,HNGK048,#N/A,6.48E-05,7.16E-05,7.86E-05,7.62E-05,7.22E-05,7.68E-05,8.31E-05,8.25E-05,8.37E-05,8.38E-05,8.78E-05,9.38E-05,9.12E-05,9.40E-05,9.63E-05,9.51E-05,9.75E-05,0.000106562,0.000107912,0.0001031,0.000104274,0.000111315,0.000113017,0.000115892,0.000112841,0.000110435,0.00011155,0.000121995,0.000122758,0.000129623,0.000125105,0.000123755,0.000128919,0.00013021,0.000134905,0.000138895,0.00013467,0.000140244,0.000137017,0.000145232,0.000148283,0.000145526,0.000147755,0.000143061,0.000155208,0.000150513,0.00014711,0.00015286,0.000144117,0.00015556,0.000159726,0.000157144,0.000152274,0.000152039,0.000148401,0.000151276,0.000160724,0.000156968,0.000156499,0.000165653,0.000164244,0.000168293,0.000166122,0.000162015,0.00015867,0.000159609,0.000163951,0.000169173,0.000174337,0.00016577,0.000168645,0.000173809,0.000170464,0.000179618,0.000177799,0.000175217,0.000178738,0.000177095,0.00018842,0.000189183,0.000191648,0.000192528,0.000187129,0.000198689,0.000195873,0.000204029,0.000206787,0.000202621,0.000217408,0.000220283,0.000211071,0.000217878,0.000222689,0.000225212,0.000232723,0.000242347,0.000242112,0.00024487,0.000245046,0.000264352,0.000249565,0.000250738,0.000259716,0.000270337,0.00027867,0.000280782,0.000276557,0.000276264,0.000292049,0.00029111,0.000300968,0.000298093,0.000310591,0.000310063,0.000309594,0.00030889,0.000321858,0.000325144,0.000339344,0.000343628,0.000346269,0.000345271,0.000352489,0.000356596,0.000360821,0.000362112,0.000354895,0.000372088,0.000373555,0.000372733,0.000383706,0.000376723,0.000384762,0.000386464,0.000388049,0.000387755,0.000388107,0.00039597,0.000397789,0.000396146,0.000404948,0.000400078,0.000390982,0.000398963,0.000403188,0.000407941,0.000395794,0.0004151,0.000411579,0.000406063,0.000417271,0.000412753,0.000427716,0.00042396,0.000431589,0.00041997,0.000419677,0.000427247,0.000437398,0.000450308,0.00044708,0.000455941,0.000458053,0.000452361,0.000467559,0.00047777,0.000476831,0.000496136,0.000496136,0.000491501,0.000515677,0.000528176,0.000516264,0.000545075,0.000551589,0.000573594,0.000574063,0.000593897,0.000613789,0.000619481,0.000648117,0.000659501,0.000685085,0.000695589,0.000735491,0.000761192,0.000791119,0.000818816,0.000869339,0.000908302,0.000966219,0.001027305,0.001066972,0.001140556,0.001224703,0.001283207,0.001405202,0.001519216,0.001665563,0.001808331,0.002032839,0.002156946,0.00237013,0.002633836,0.002863567,0.003159723,0.00340741,0.003734783,0.004014568,0.004303976,0.004596025,0.004850577,0.005086469,0.005280875,0.005479036,0.005702723,0.005790508,0.005883397,0.005868023,0.005948121,0.005934214,0.005918312,0.005864737,0.005858165,0.005816268,0.005767388,0.005701432,0.00562509,0.005521989,0.005438136,0.005368131,0.005250713,0.005163339,0.005068865,0.005000856,0.004929384,0.004849051,0.004775819,0.004691438,0.004651184,0.004629707,0.00451581,0.004461766,0.004422568,0.004346401,0.004248993,0.004226636,0.004156631,0.004118255,0.004066265,0.004018793,0.003997492,0.003943742,0.003916514,0.00387849,0.003876319,0.003892925,0.003843517,0.003836534,0.003846333,0.003865639,0.003840818,0.003828378,0.003840289,0.003800798,0.003835712,0.003810011,0.003790001,0.003828495,0.003798334,0.003810832,0.003806255,0.00381582,0.003746167,0.00374429,0.003761659,0.003729385,0.003757903,0.003723634,0.003728035,0.003740358,0.003726334,0.003731321,0.003727918,0.003682265,0.003733727,0.003689541,0.003722519,0.003734021,0.003716417,0.003730324,0.003726158,0.003694353,0.003736896,0.003680974,0.003698402,0.003694471,0.003697581,0.003720759,0.00369494,0.003741356,0.003707732,0.00372692,0.00376248,0.003701864,0.003717062,0.003723165,0.00369805,0.003715947,0.00372381,0.003713659,0.003687488,0.003694999,0.003706676,0.00370603,0.003680974,0.003716593,0.003714891,0.003737072,0.003769052,0.003747458,0.003720466,0.003721698,0.003774275,0.003768114,0.003784896,0.003784955,0.003776505,0.003772984,0.003770461,0.00384205,0.003799096,0.003831488,0.003870979,0.00384915,0.003851732,0.003871272,0.003868808,0.00387673,0.003878255,0.003886998,0.003873443,0.003918979,0.003920152,0.003907302,0.00395847,0.003980064,0.00402161,0.004097482,0.004125531,0.004189023,0.004237785,0.004249756,0.004319409,0.004409071,0.004431194,0.004500788,0.004561169,0.004593854,0.004684455,0.004760152,0.004810205,0.004894821,0.004933961,0.005055545,0.00513887,0.005206,0.005384503,0.00544019,0.005579143,0.005657892,0.005709823,0.005800248,0.005844082,0.005924767,0.005996414,0.006087192,0.006091241,0.006131378,0.006117118,0.006159485,0.006088248,0.006039661,0.005972356,0.005906048,0.005765921,0.005638175,0.005411672,0.005198841,0.004948279,0.004698245,0.004469101,0.004160974,0.003855253,0.003550295,0.003293395,0.003012085,0.002768564,0.002495528,0.002297602,0.00208389,0.001883089,0.001718375,0.001571793,0.001435011,0.001338717,0.001256918,0.00117506,0.001097485,0.001031706,0.000960997,0.000921623,0.000879373,0.000833544,0.000789476,0.000755324,0.000733085,0.000708498,0.000672351,0.000648997,0.000641251,0.000628987,0.000615315,0.000599823,0.000580518,0.00056485,0.000559276,0.000543726,0.000525242,0.000524303,0.000500772,0.000501007,0.000497838,0.000493202,0.000488332,0.000480058,0.000465447,0.000455647,0.000449721,0.000451716,0.000430357,0.00043998,0.000440391,0.00042707,0.00042889,0.000432704,0.000425075,0.000427951,0.00042842,0.000418973,0.000425721,0.000412929,0.000412459,0.000401369,0.000408704,0.000399491,0.000419325,0.000407882,0.000396088,0.000401251,0.00039644,0.00039996,0.000390865,0.000395149,0.000390454,0.000388577,0.000385349,0.000373437,0.000380009,0.000388459,0.000379775,0.000373085,0.000378308,0.000362347,0.000375256,0.000378425,0.000360293,0.000361056,0.000354601,0.000364225,0.000336176,0.000370738,0.000336704,0.000341633,0.000317926,0.000325085,0.000327726,0.000306308,0.000304313,0.000299031,0.000298797,0.000300264,0.0002853,0.000279022,0.000282601,0.000273388,0.000264704,0.00026664,0.000259951,0.000252733,0.00024575,0.000246807,0.000246748,0.000237359,0.000245164,0.000240411,0.000227618,0.000228323,0.000229613,0.000223511,0.000209193,0.000212655,0.000209604,0.000208841,0.000200508,0.000201565,0.00020268,0.000204264,0.000203501,0.000200626,0.00018889,0.00019065,0.000188538,0.000188596,0.000184724,0.000180323,0.000184665,0.000178738,0.000176978,0.000181848,0.000182494,0.000179618,0.000186425,0.000179208,0.000178034,0.000168704,0.000166239,0.000170112,0.000168821,0.000159374,0.000165125,0.000163892,0.00016401,0.000165066,0.000165477,0.000164596,0.000159022,0.000156557,0.000181144,0.000165477,0.000159667,0.000168587,0.000166415,0.000178034,0.00017956,0.000161076,0.00014887,0.000148107,0.000152743,0.000159726,0.000152098,0.000151922,0.000140127,0.000140362,0.000139364,0.000146112,0.000131853,0.000132616,0.000146875,0.000136078,0.00013021,0.00012534,0.000124988,0.000120352,0.000123169,0.000115012,0.000114249,0.000111374,0.000113604,0.000117535,0.000110846,0.000101751,0.000102983,0.000101574,9.57E-05,0.000104156,9.05E-05,9.15E-05,8.70E-05,8.78E-05,9.29E-05,8.57E-05,8.46E-05,8.06E-05,8.19E-05,7.97E-05,8.15E-05,7.22E-05,7.14E-05,7.43E-05,6.84E-05
,HNGK049,#N/A,7.24E-05,7.46E-05,7.93E-05,7.86E-05,7.85E-05,7.94E-05,8.66E-05,8.77E-05,8.36E-05,9.72E-05,9.52E-05,9.59E-05,9.62E-05,0.000100654,0.00010047,9.95E-05,0.000102163,0.000112472,0.00011365,0.000113981,0.00011862,0.000120939,0.000119209,0.000120976,0.000120424,0.000111956,0.000124768,0.00012267,0.000131726,0.00014336,0.000130843,0.000134561,0.000135187,0.000146268,0.000143176,0.000147888,0.000140893,0.000142292,0.000143323,0.000148882,0.000159596,0.000152453,0.000158381,0.000154294,0.000154589,0.000157755,0.000152748,0.000154589,0.000154442,0.000164345,0.000164713,0.00016567,0.000162173,0.000168026,0.000162062,0.000161326,0.000171229,0.000162946,0.000171671,0.000175316,0.000181906,0.000176531,0.000171266,0.000168026,0.00016891,0.000176862,0.000175905,0.000177488,0.000179807,0.000173843,0.00018128,0.000177451,0.000189011,0.000184851,0.000188275,0.000183968,0.000189269,0.000190742,0.000193981,0.00019365,0.000198399,0.000213015,0.000201381,0.000206241,0.000207051,0.000214635,0.000220268,0.000214709,0.000219127,0.000227484,0.000219936,0.000226342,0.000232491,0.000235215,0.000237387,0.000252592,0.000252445,0.000254838,0.000262679,0.000265993,0.00026047,0.000261244,0.000275823,0.000275712,0.000280498,0.000288782,0.00028429,0.000289739,0.000298206,0.00030244,0.000309362,0.000315068,0.000327806,0.000318492,0.000325818,0.000337047,0.00033944,0.000331304,0.00035089,0.000362413,0.000364548,0.000358326,0.000357222,0.000362781,0.000371359,0.000373752,0.000378906,0.000396983,0.000382625,0.000379127,0.000391792,0.000390098,0.000401953,0.00040788,0.000403462,0.00040129,0.000408285,0.000406665,0.000410457,0.000403499,0.000417747,0.000418189,0.000412777,0.000414323,0.000416127,0.000423159,0.000414838,0.000422864,0.000412813,0.000426619,0.000429749,0.000422165,0.00043424,0.000432436,0.000445395,0.000442965,0.000441051,0.000440867,0.000454857,0.0004532,0.00045563,0.000457692,0.000466233,0.000471461,0.00048199,0.000488801,0.00049922,0.000506399,0.000510522,0.000498852,0.000526242,0.000530881,0.000542773,0.000550872,0.000564199,0.000576717,0.000575539,0.000600131,0.000623436,0.000620306,0.000645451,0.000671848,0.000696294,0.000707964,0.000735245,0.000760832,0.000796764,0.000814877,0.000869106,0.000898816,0.00095485,0.001013644,0.001061357,0.001115844,0.0011996,0.001274925,0.0013751,0.001492947,0.001618967,0.001769727,0.001939373,0.002107363,0.002306388,0.002524447,0.002783739,0.003032097,0.003330488,0.003553554,0.003847416,0.004156115,0.004430207,0.00466973,0.004945663,0.005116597,0.005325857,0.005495393,0.005642214,0.005715845,0.005747028,0.005802546,0.005837668,0.005826292,0.005800043,0.005793931,0.005739665,0.005709697,0.00561416,0.005542002,0.005485269,0.005416424,0.005358881,0.005225977,0.005164126,0.005084421,0.0050102,0.00492269,0.004873025,0.004794976,0.004719799,0.004678271,0.004611082,0.00455133,0.004495665,0.00444648,0.004377929,0.004321049,0.004272121,0.00420346,0.004158066,0.004090473,0.004076593,0.004006459,0.003987463,0.003960256,0.003928742,0.003899363,0.003904222,0.003894982,0.003889643,0.003906063,0.003899584,0.003872487,0.003852901,0.003904922,0.003863983,0.003856325,0.003865014,0.003832726,0.003835672,0.00380887,0.003820356,0.003823854,0.003818626,0.003772533,0.003792229,0.003804047,0.003764434,0.003790204,0.003746615,0.003790352,0.003765023,0.0037454,0.003750149,0.003767305,0.003732257,0.003752137,0.003731447,0.003748271,0.003750223,0.003751695,0.00375442,0.003735055,0.003754861,0.00371569,0.003726918,0.003730821,0.003725335,0.003714291,0.003739509,0.003732441,0.003723568,0.003731778,0.003765354,0.003764838,0.003747314,0.00374713,0.003748456,0.003744001,0.003721102,0.003762556,0.003735717,0.003744664,0.003744222,0.003757218,0.003720402,0.003738479,0.003749302,0.003758727,0.003754788,0.003752542,0.003791567,0.003783394,0.003811962,0.003822934,0.003843108,0.003790278,0.00382794,0.003820761,0.00384598,0.003863283,0.00386656,0.003871236,0.003874623,0.00387985,0.003873702,0.003886588,0.003910297,0.003910739,0.003930877,0.003910739,0.003936731,0.003945088,0.003967656,0.003989929,0.003985106,0.003981903,0.004005613,0.004083367,0.004132037,0.004131448,0.00418207,0.004254781,0.004304482,0.004362135,0.004441804,0.004525191,0.004539255,0.0046088,0.00465169,0.004695574,0.004748184,0.004806058,0.004884806,0.004969777,0.005038548,0.005131029,0.005198328,0.005318642,0.005390837,0.005495982,0.005567294,0.005683705,0.005729872,0.005790434,0.005838404,0.005901028,0.005934677,0.005975763,0.006018911,0.006031318,0.006001903,0.005975211,0.005889468,0.005835533,0.005725822,0.005584671,0.005429567,0.005246851,0.005051213,0.004818943,0.004550631,0.004300653,0.004002336,0.003718598,0.003430148,0.003163198,0.002900702,0.002644944,0.002404612,0.002219466,0.001999125,0.001836878,0.001681185,0.001522473,0.001415155,0.001303126,0.001229862,0.001156526,0.001094197,0.001026309,0.00096387,0.000898301,0.000884863,0.000832254,0.000797905,0.000767974,0.00073403,0.000699055,0.000690109,0.00067218,0.000647881,0.000628222,0.000616109,0.000598769,0.000591627,0.000567292,0.000570532,0.000545644,0.000535152,0.000531323,0.000515566,0.000511663,0.000512068,0.000503527,0.0004895,0.000491488,0.000476394,0.000472455,0.000473596,0.000462367,0.000457434,0.000455004,0.000454857,0.000441677,0.000448746,0.00043343,0.000445616,0.000434314,0.000435897,0.000425589,0.000423232,0.000418373,0.000417305,0.000418999,0.000431332,0.000410605,0.000422128,0.000415243,0.000410052,0.000407659,0.000413255,0.000411672,0.00040534,0.000413587,0.000409095,0.000402027,0.000403168,0.000400223,0.000401401,0.000389288,0.000390282,0.000391129,0.000385533,0.000381263,0.000382846,0.000375593,0.000373715,0.000374268,0.000367751,0.000358142,0.000361529,0.000368745,0.000344557,0.00035273,0.000336458,0.000335243,0.000334985,0.000318934,0.000314405,0.000308294,0.00030638,0.00030741,0.000303802,0.000294562,0.000287383,0.000286646,0.000282781,0.000275639,0.000267723,0.000259587,0.000261833,0.000261796,0.000250862,0.000250751,0.000252297,0.00024799,0.000245855,0.000237129,0.000231865,0.000230908,0.000225201,0.000220305,0.000215997,0.000219936,0.000212463,0.000206315,0.000211395,0.000211911,0.000212352,0.000206904,0.000199614,0.000205726,0.00020256,0.000198768,0.000197884,0.00019365,0.0001896,0.000192767,0.000192362,0.000189195,0.000190631,0.000192325,0.000195123,0.000193761,0.000180249,0.000182974,0.000180433,0.000182974,0.000177709,0.000168358,0.000178887,0.000169168,0.000174469,0.000165265,0.000174801,0.000169168,0.000164419,0.000164455,0.000193061,0.000170824,0.000168431,0.000173586,0.000165597,0.000184778,0.000188091,0.000167327,0.000162062,0.000156061,0.000163351,0.000164345,0.000152122,0.000159485,0.00014255,0.000144685,0.000147299,0.000155693,0.000141924,0.000139936,0.000151349,0.000138132,0.000135113,0.000132205,0.000129186,0.000124989,0.000128781,0.000118325,0.00012116,0.000116264,0.00012186,0.000116706,0.000117074,0.000109968,0.000107023,0.000105072,0.000102716,0.000104704,9.66E-05,9.33E-05,9.14E-05,9.05E-05,8.81E-05,9.52E-05,8.31E-05,8.38E-05,9.33E-05,8.49E-05,8.22E-05,7.64E-05,7.67E-05,7.64E-05,6.81E-05
B?NH,HNGK050,HNGK050,7.48E-05,7.45E-05,8.30E-05,7.42E-05,7.62E-05,7.99E-05,8.17E-05,8.58E-05,8.56E-05,8.98E-05,9.39E-05,9.35E-05,9.77E-05,9.90E-05,9.73E-05,0.000100694,0.000101933,0.000109329,0.000110005,0.000107377,0.000118415,0.00011834,0.000119203,0.000116275,0.000116162,0.000119203,0.000123371,0.000123634,0.000129002,0.000129153,0.000129828,0.000135385,0.000137262,0.00014004,0.00014004,0.000144621,0.000136774,0.00014402,0.000143082,0.000145747,0.000152543,0.000151041,0.000154458,0.000147812,0.000158813,0.000147136,0.000147587,0.000153594,0.000150853,0.000153632,0.000165007,0.000156598,0.000155659,0.000161966,0.000156522,0.000156635,0.00016955,0.000165158,0.000169888,0.000176984,0.00017965,0.000172028,0.000166209,0.00016726,0.00016741,0.00016681,0.000173492,0.000177059,0.000178749,0.000174168,0.000180626,0.000179537,0.000183254,0.000183404,0.000182766,0.00018438,0.000187834,0.000188022,0.000189787,0.000192828,0.000192152,0.000201763,0.000196845,0.000202364,0.000203453,0.000211938,0.000210962,0.000212539,0.00021832,0.000218658,0.000222601,0.000220798,0.000229359,0.000227519,0.000239345,0.000244414,0.000252035,0.000256803,0.000255377,0.0002648,0.000253162,0.000260145,0.000273736,0.000274637,0.000276064,0.000296638,0.000281921,0.000291269,0.00029401,0.000303246,0.000304935,0.000311355,0.000318188,0.000323632,0.000324083,0.000326223,0.000335234,0.000335346,0.000346384,0.000350364,0.000364105,0.000353668,0.000363167,0.000365382,0.000374167,0.000370338,0.000380475,0.000388997,0.000384867,0.000384867,0.000391963,0.000393052,0.000406718,0.000398421,0.000400861,0.000401987,0.000414152,0.000418582,0.000414602,0.000416142,0.000421886,0.000421924,0.000413776,0.000420196,0.000415654,0.000427555,0.000421285,0.000438068,0.000434163,0.000440546,0.000426954,0.000430596,0.000445764,0.000436228,0.000452597,0.000447266,0.000447604,0.000448242,0.00045301,0.000462884,0.000462734,0.000469567,0.000470468,0.000480042,0.000493596,0.000493446,0.000503733,0.000514545,0.000526485,0.000526222,0.000533956,0.000538574,0.000554943,0.000563578,0.000585692,0.000591624,0.000598945,0.000615164,0.000625414,0.000631947,0.000646927,0.000677676,0.000705609,0.000713155,0.00073662,0.000766243,0.000797517,0.000827215,0.000876811,0.000900164,0.000961549,0.001011821,0.00107268,0.001118522,0.001194249,0.00128199,0.001382834,0.001482064,0.001604834,0.001755424,0.001928579,0.002106201,0.002277441,0.002498164,0.002742691,0.002990333,0.003236737,0.003494967,0.003790441,0.004084414,0.004332882,0.004584993,0.004849455,0.005022197,0.005184651,0.005365915,0.005512151,0.005619565,0.005675731,0.00571902,0.005721498,0.005761558,0.005720259,0.005684179,0.005695179,0.005613483,0.005581195,0.005512038,0.005447875,0.005377704,0.005293943,0.005219905,0.005119249,0.005065711,0.004994339,0.004919212,0.004850581,0.00478424,0.004744293,0.004672508,0.004611274,0.004571739,0.004505736,0.004478554,0.004407821,0.004359614,0.004277579,0.004243714,0.004194156,0.004122446,0.004104087,0.004046794,0.004035381,0.003997761,0.003983532,0.0039565,0.003953684,0.003957664,0.003954097,0.003939793,0.003950005,0.003916478,0.00392729,0.003910358,0.003915802,0.003904501,0.003910208,0.003890197,0.003880285,0.00387822,0.003883401,0.00387578,0.003847922,0.003838723,0.003824907,0.003829037,0.003819125,0.003816535,0.003814282,0.003835119,0.003794083,0.00379536,0.003817248,0.003788339,0.003774898,0.003797462,0.003766638,0.003775949,0.003785072,0.003776625,0.003763071,0.003786687,0.003789503,0.003761081,0.00377242,0.00375774,0.003736565,0.003782369,0.003749217,0.003784434,0.003768328,0.00377272,0.003784059,0.003797875,0.003786311,0.003792731,0.003758754,0.003778277,0.003752033,0.003797237,0.003774485,0.003742459,0.003779816,0.00377257,0.003769867,0.003796749,0.003766601,0.003803957,0.003821791,0.003806172,0.003815671,0.003817924,0.003849836,0.003857758,0.003868233,0.003866957,0.003858284,0.003879121,0.003908819,0.003907354,0.003924925,0.003909232,0.003922823,0.003919444,0.003951769,0.003925225,0.003940168,0.003957514,0.003951206,0.00396262,0.00397959,0.00398218,0.003995921,0.004040186,0.004038234,0.004055805,0.004053402,0.004115575,0.00414929,0.004208836,0.004263763,0.00429301,0.004335247,0.004419347,0.00443857,0.004543994,0.004548199,0.004631548,0.004676638,0.004745532,0.004771626,0.004820321,0.004863046,0.004929011,0.005017353,0.005115795,0.005188293,0.005301114,0.005376315,0.005468524,0.005536592,0.005607776,0.005654293,0.005727693,0.005762083,0.00581213,0.0058713,0.00585662,0.00590768,0.005929644,0.005922135,0.005834018,0.005766288,0.005683428,0.005589267,0.005481214,0.005343314,0.00516648,0.004931452,0.004695786,0.004462898,0.004213866,0.003907317,0.003658247,0.003390481,0.003126019,0.002863095,0.002622699,0.00239702,0.002182679,0.001982342,0.001825782,0.001655556,0.00152952,0.001395862,0.001315367,0.001230742,0.001161322,0.001091527,0.001020005,0.000953214,0.000904293,0.000882067,0.000837652,0.000785165,0.000760799,0.000739586,0.000713944,0.000696561,0.000680717,0.000654961,0.000646289,0.000630107,0.000616966,0.000587644,0.000585129,0.000566019,0.000561326,0.000544994,0.000550776,0.000518225,0.00052243,0.000520815,0.000500842,0.000504559,0.000495435,0.000489503,0.000489053,0.000478428,0.00046799,0.000459505,0.000460782,0.000456652,0.000456577,0.000452973,0.000451396,0.000448467,0.000436378,0.000447942,0.000435815,0.000434201,0.000429019,0.000427067,0.00041464,0.00042549,0.000422074,0.000416179,0.000426617,0.000419708,0.000411824,0.000414677,0.000414227,0.000408295,0.000409534,0.000415691,0.000399847,0.000398571,0.000397294,0.000395905,0.000391438,0.000387833,0.000382239,0.000392226,0.000381751,0.00038284,0.000385881,0.000372665,0.00037627,0.000370262,0.000365645,0.000356972,0.000361364,0.000347248,0.000345859,0.000337937,0.000333732,0.000324571,0.000319014,0.000318113,0.000303471,0.00030043,0.000304222,0.000297314,0.000289054,0.000290406,0.000283948,0.000282446,0.0002749,0.000263524,0.000262473,0.000258981,0.000258943,0.000252486,0.000257742,0.000250083,0.000241523,0.000245803,0.000233864,0.000223539,0.000225904,0.000221662,0.000216669,0.000214716,0.000220198,0.000212576,0.000211337,0.000214754,0.000211187,0.000205293,0.00020762,0.000199135,0.000202702,0.000200224,0.000194142,0.000198122,0.000191551,0.000183292,0.000187572,0.00017995,0.000184493,0.000188698,0.000182954,0.000188961,0.000193691,0.000177435,0.000181152,0.000176609,0.000177622,0.000179199,0.000169888,0.000170264,0.000164031,0.000175708,0.000163919,0.000167223,0.000167373,0.000167636,0.000161328,0.000188172,0.000167448,0.00016298,0.000172667,0.000166246,0.000175032,0.000185657,0.000159113,0.000155847,0.00015273,0.0001584,0.000161478,0.000150741,0.000154157,0.000143269,0.000142293,0.000140453,0.00015198,0.000136511,0.000132119,0.000153932,0.0001376,0.000134071,0.000129828,0.000125398,0.000121005,0.000123408,0.000117063,0.000118528,0.000112408,0.00011879,0.000113422,0.000108466,0.000106701,0.000107114,0.000104599,0.00010197,0.000100356,9.39E-05,9.13E-05,9.24E-05,8.88E-05,9.19E-05,9.23E-05,8.64E-05,8.23E-05,9.00E-05,8.19E-05,8.11E-05,7.63E-05,7.73E-05,7.45E-05,7.08E-05
,HNGK051,#N/A,7.60E-05,7.29E-05,8.17E-05,7.78E-05,7.67E-05,8.07E-05,8.61E-05,9.04E-05,8.62E-05,8.97E-05,9.30E-05,9.61E-05,9.07E-05,9.99E-05,0.000101895,0.000101238,0.000102204,0.000113917,0.000117937,0.000108312,0.00011697,0.00011929,0.000120797,0.000122343,0.000117086,0.000117705,0.000122382,0.000123735,0.000127175,0.000132548,0.000127832,0.000134713,0.000135486,0.000136994,0.000139854,0.000135254,0.000139738,0.000140975,0.000140821,0.00014573,0.000158254,0.000155857,0.00015002,0.000147933,0.000153886,0.000149557,0.000152301,0.000153306,0.000151489,0.00015837,0.000161346,0.000155587,0.000151064,0.000154698,0.000151296,0.000152301,0.000162893,0.000159762,0.000161501,0.000170198,0.000171899,0.000169773,0.000171203,0.000156476,0.000161308,0.00016985,0.00016985,0.000167222,0.000179205,0.000171551,0.00017735,0.0001782,0.000178316,0.000172943,0.000178741,0.000175069,0.000184037,0.000183882,0.000188096,0.000190879,0.000193469,0.000192889,0.000191497,0.000197489,0.000195595,0.000201973,0.000208042,0.000211327,0.000218285,0.000219832,0.000216353,0.000218131,0.000230036,0.000225359,0.00023452,0.000239391,0.000243566,0.000248243,0.000251683,0.00025466,0.000253307,0.000261192,0.000266643,0.000270702,0.000273833,0.000287362,0.000281873,0.000280249,0.000291266,0.000295248,0.000304409,0.000310246,0.000317397,0.00032018,0.000325205,0.000331893,0.00033023,0.000334483,0.000347819,0.000348746,0.000352573,0.00035381,0.000362392,0.000361039,0.000367378,0.000370045,0.00037047,0.000389721,0.00038141,0.000386396,0.000394784,0.000389991,0.000400003,0.000403327,0.000393006,0.000397026,0.000400892,0.00040843,0.000405647,0.000403637,0.00040526,0.000400931,0.000399346,0.000400312,0.000404835,0.000410131,0.000397993,0.000411793,0.000412141,0.000418712,0.000422616,0.000418712,0.000430772,0.000425245,0.000422539,0.0004271,0.000433556,0.000428182,0.000443026,0.000444534,0.00044809,0.000452071,0.000459725,0.000465021,0.000477584,0.000482648,0.000495172,0.000496602,0.000511639,0.000501473,0.000520607,0.000527642,0.000529034,0.000546081,0.000567148,0.000570317,0.000576,0.000592119,0.000623893,0.000631315,0.000652962,0.000670279,0.00069784,0.000714346,0.000741443,0.000770087,0.000807544,0.000827219,0.000886168,0.000930158,0.000976737,0.001036807,0.001086324,0.001155942,0.001213925,0.001326913,0.001414313,0.001549799,0.001685246,0.001846515,0.002008635,0.002203224,0.002395263,0.002638249,0.00289488,0.00316937,0.003452828,0.003748037,0.004029021,0.004305018,0.004592264,0.004877654,0.005109546,0.005339428,0.005481679,0.005634908,0.005787673,0.005891152,0.005935992,0.005925401,0.0059099,0.005927836,0.005905262,0.005857561,0.0057915,0.00572482,0.005665175,0.005605143,0.005475378,0.005440318,0.005327445,0.005218206,0.005165248,0.005053187,0.004964899,0.004876495,0.004824426,0.004748701,0.004663312,0.00461596,0.004554575,0.00449524,0.004433469,0.004377612,0.004313947,0.004222412,0.004184685,0.004137796,0.004089554,0.003989128,0.003989128,0.003940037,0.003905324,0.003882402,0.003843476,0.003830179,0.003824071,0.003815412,0.003823066,0.00383675,0.003842974,0.00380745,0.003810967,0.003817654,0.003802463,0.003794384,0.003803816,0.003785146,0.003783677,0.003803507,0.003750936,0.003792103,0.00375828,0.003756657,0.003748964,0.003761411,0.003734894,0.003744017,0.003723529,0.003724148,0.003705671,0.003702037,0.00371978,0.003708763,0.003701651,0.003723027,0.003738064,0.003719123,0.003721442,0.00373041,0.003712049,0.003717731,0.003721287,0.003705748,0.003713015,0.003711198,0.003708763,0.003705439,0.003718388,0.003717847,0.003741388,0.003730642,0.003727433,0.003760484,0.003723065,0.003687812,0.003715914,0.003710387,0.003702888,0.003727704,0.003703854,0.003704588,0.00371,0.00371746,0.003696123,0.003730719,0.003721403,0.003707565,0.00371058,0.00371,0.003723104,0.00373327,0.003765895,0.003774129,0.003760445,0.003740808,0.003783213,0.003758551,0.003785919,0.00379191,0.003830527,0.003792103,0.003811508,0.003803661,0.003798559,0.003809228,0.003837407,0.0038497,0.003852985,0.003836982,0.003876797,0.00385256,0.003874787,0.003910388,0.003925966,0.003941196,0.003965781,0.004005016,0.004047227,0.004086385,0.004133776,0.004173629,0.004225659,0.004291025,0.004355347,0.00443745,0.004494428,0.004516925,0.004568375,0.004644371,0.004692806,0.004766019,0.004833394,0.004925432,0.004997331,0.005084111,0.005214186,0.005337689,0.005410244,0.005497644,0.005567223,0.005685971,0.005758024,0.005859803,0.005911524,0.005964172,0.00605103,0.006081645,0.006127064,0.00612548,0.006138661,0.006104567,0.006054586,0.006009476,0.005919332,0.005818326,0.005623311,0.005466449,0.005238964,0.004997756,0.004770541,0.004483063,0.004154186,0.003888548,0.0035979,0.00335016,0.003066586,0.002791671,0.00252066,0.002317218,0.002112153,0.001909794,0.001736773,0.001583699,0.001462786,0.001361471,0.001269627,0.001187523,0.001121964,0.001053854,0.000988759,0.000922465,0.000895793,0.000831896,0.000788371,0.000764134,0.00074469,0.0007082,0.000681953,0.000670473,0.000649947,0.000632939,0.000616858,0.00060128,0.000579865,0.000574724,0.000551028,0.000542988,0.000517282,0.000519215,0.000504488,0.000513185,0.000507078,0.000487093,0.000481604,0.000477274,0.000479787,0.0004685,0.000452535,0.000462508,0.000446582,0.000444881,0.000436377,0.000444456,0.000444727,0.000433246,0.000430463,0.000430424,0.000420451,0.000421109,0.000420258,0.000415156,0.000413378,0.000404564,0.000411831,0.000415813,0.000411136,0.000408159,0.000402129,0.000399771,0.000406226,0.000400621,0.000407734,0.000401395,0.000397606,0.000399578,0.000393625,0.000392001,0.000389914,0.000383304,0.000384425,0.000382917,0.000379825,0.000375341,0.000381912,0.000372442,0.000373601,0.000370084,0.000360845,0.000362623,0.000345422,0.000366644,0.000338541,0.000342445,0.000326017,0.000329187,0.000329071,0.000319446,0.000317938,0.000301355,0.000310362,0.0003041,0.00029517,0.000285545,0.000286743,0.000283265,0.000267532,0.000272673,0.000262932,0.000253307,0.000265058,0.000255433,0.000252766,0.000249712,0.00024662,0.000240241,0.000240783,0.000227833,0.000225205,0.000224702,0.000219677,0.000214188,0.000209085,0.000218208,0.000204988,0.000201625,0.0002058,0.000206264,0.000205143,0.000198571,0.000198533,0.000193971,0.000196213,0.000187439,0.000187786,0.000188637,0.000179514,0.00017963,0.000183071,0.00017905,0.000181408,0.000182027,0.000188676,0.000190492,0.000171977,0.000175726,0.000173407,0.000175726,0.000174914,0.000169116,0.000163782,0.00016699,0.000162854,0.000157558,0.000169193,0.000165405,0.000161888,0.000154118,0.00018798,0.000164168,0.000160844,0.000170585,0.000168459,0.000182607,0.000189603,0.00015922,0.000155625,0.000156746,0.000165985,0.000156785,0.000149209,0.000155046,0.000139931,0.000143178,0.000143294,0.000149982,0.000135641,0.000133437,0.000151451,0.000142521,0.000131814,0.000129611,0.000130538,0.000122459,0.000125358,0.000115849,0.000119251,0.000117009,0.0001259,0.000117318,0.000110786,0.000109046,0.000105296,0.000105142,0.000101933,0.000105722,9.50E-05,9.06E-05,9.00E-05,8.70E-05,9.08E-05,9.49E-05,8.75E-05,8.16E-05,8.76E-05,8.09E-05,7.63E-05,7.40E-05,7.38E-05,7.55E-05,6.83E-05
,HNGK052,#N/A,6.68E-05,7.22E-05,7.88E-05,7.46E-05,7.26E-05,8.50E-05,8.35E-05,8.44E-05,8.52E-05,8.98E-05,9.21E-05,9.58E-05,9.37E-05,9.51E-05,9.37E-05,9.84E-05,9.91E-05,0.000112547,0.000104363,0.00010799,0.000119581,0.000113476,0.0001179,0.00011091,0.000112237,0.000115378,0.000115644,0.000122501,0.00012719,0.000129889,0.000122766,0.000129845,0.000127544,0.000132986,0.000133119,0.000134888,0.000136746,0.000137321,0.000141215,0.000143736,0.000157008,0.000145904,0.00014816,0.000147143,0.000148426,0.000151877,0.000152629,0.000154442,0.000151346,0.000162096,0.000163777,0.000152363,0.000151788,0.000156345,0.000154885,0.000152452,0.000155018,0.000156964,0.000162052,0.000165856,0.000177315,0.000172006,0.000166033,0.000161211,0.000157982,0.000167095,0.000163954,0.000165812,0.000170325,0.000174527,0.000173598,0.000175722,0.000178111,0.000176253,0.000181075,0.000179792,0.000183022,0.000185012,0.000187047,0.000184924,0.000190542,0.000202222,0.000193153,0.000201381,0.000202045,0.000203284,0.000211424,0.000208106,0.000221334,0.000217617,0.000215848,0.000227925,0.000225359,0.000219564,0.000241419,0.000244338,0.000250355,0.000251682,0.000248895,0.000256062,0.00026084,0.000259999,0.000274378,0.000280615,0.000281323,0.00029026,0.000285349,0.000274908,0.000294728,0.00030101,0.000294418,0.000313309,0.000318529,0.000315432,0.000324546,0.000326935,0.000336314,0.000336535,0.000350205,0.000351754,0.000352019,0.000361309,0.000356885,0.000351134,0.000364318,0.000371219,0.000376174,0.000392101,0.000381173,0.000386172,0.000387854,0.000397011,0.000399621,0.00040785,0.000395861,0.000395861,0.000403249,0.000411964,0.000407629,0.000406788,0.000417671,0.000412938,0.000418556,0.000410858,0.000409045,0.000422272,0.000412628,0.000417362,0.000416742,0.000430678,0.000430147,0.000429616,0.000433244,0.000423777,0.000440234,0.000438376,0.000442534,0.000443021,0.000454568,0.000459611,0.000456912,0.000458771,0.000462619,0.000470583,0.000483103,0.000482395,0.000497569,0.00050832,0.000517123,0.000524467,0.000529422,0.000524025,0.000543004,0.000556763,0.000572866,0.000583351,0.000582289,0.000591403,0.000633696,0.000633829,0.000654268,0.000671787,0.000705321,0.000714125,0.000734564,0.000756728,0.000797473,0.000825035,0.00087684,0.000912896,0.000967444,0.001036149,0.001077469,0.001128699,0.001221117,0.001303935,0.001393964,0.00149461,0.00165153,0.001794647,0.001991958,0.002127333,0.002340172,0.002560887,0.002842741,0.003078541,0.003375304,0.003644771,0.003871988,0.004207019,0.004471796,0.00477931,0.005000467,0.005188178,0.005387833,0.005551168,0.005680482,0.005734588,0.005813734,0.005823422,0.005842667,0.005772148,0.005813158,0.00577843,0.005771042,0.005686897,0.005602354,0.005531835,0.005471934,0.005379472,0.005292983,0.005199945,0.005107749,0.005000909,0.004950918,0.004880354,0.004805279,0.004757765,0.00465526,0.00465004,0.004560454,0.004527008,0.004452994,0.004398402,0.004354295,0.004257453,0.00421892,0.004166185,0.004126015,0.004061779,0.004024882,0.003984403,0.003939587,0.003930031,0.003936712,0.003870263,0.003909017,0.003880217,0.003882119,0.003881411,0.003875262,0.003903355,0.003904239,0.003884508,0.003843498,0.003865662,0.003851594,0.003877739,0.003850134,0.003846506,0.003852611,0.003823899,0.003840489,0.003796559,0.003808504,0.003790409,0.00379501,0.003790808,0.003762803,0.003818104,0.003769263,0.003774085,0.003769926,0.003748779,0.003754088,0.003781207,0.003795143,0.003762007,0.003764971,0.003752142,0.003766652,0.003771917,0.003743736,0.00376444,0.003767803,0.003764485,0.003761122,0.003757495,0.00377059,0.003765989,0.003764794,0.00376444,0.003785587,0.003772934,0.0037901,0.003739931,0.003772271,0.003780721,0.003773642,0.003747541,0.003761521,0.003740197,0.003769882,0.003729358,0.003740595,0.00376475,0.003748425,0.003765237,0.003772404,0.003794922,0.003777491,0.003791427,0.00382067,0.003827129,0.003842436,0.003819873,0.003825846,0.003844515,0.003833588,0.00383695,0.003890569,0.003835579,0.003873537,0.003897648,0.003855442,0.003859203,0.003888047,0.003906982,0.003909637,0.003905876,0.003948391,0.003918352,0.00392981,0.003965247,0.003963875,0.00395078,0.004002231,0.004020989,0.004095622,0.004138358,0.004146808,0.004222415,0.00425356,0.004309479,0.004404817,0.004438307,0.004482724,0.004536741,0.004576557,0.004639644,0.004701403,0.004749404,0.004837618,0.004904465,0.004977108,0.005090938,0.005156413,0.005279799,0.005353326,0.005467731,0.005542364,0.005646771,0.00569924,0.005779624,0.005830987,0.005865318,0.005932784,0.005997065,0.005995074,0.006075635,0.006049711,0.006002506,0.00595163,0.005863327,0.005775023,0.005652921,0.005541745,0.005327357,0.005111908,0.004879912,0.004620355,0.004372875,0.004055939,0.003799302,0.003498203,0.003232275,0.002955465,0.002708737,0.002456789,0.002262221,0.002048453,0.00186959,0.001694443,0.001549866,0.001447096,0.001338752,0.001262836,0.001179576,0.001118834,0.001040706,0.000985715,0.000915064,0.000880601,0.000834458,0.000792076,0.000757569,0.000744695,0.000710674,0.000686298,0.000670416,0.000646836,0.000626927,0.000623388,0.000607727,0.000589014,0.000576051,0.000563929,0.000542163,0.000531811,0.000530971,0.00050801,0.000514734,0.000506727,0.000498012,0.000494605,0.000492216,0.000483058,0.000477263,0.000465539,0.000466822,0.00045762,0.000458859,0.000444791,0.000446781,0.000437756,0.000443463,0.000440499,0.000443021,0.00044134,0.000423201,0.000435987,0.00041953,0.000429439,0.000414752,0.000421034,0.000418468,0.000424484,0.0004186,0.000415504,0.000415459,0.000411743,0.000410151,0.000403824,0.000409664,0.000407894,0.000400639,0.000397631,0.000392499,0.000390066,0.000389092,0.000387942,0.000391968,0.000392941,0.000380244,0.000377546,0.000381837,0.000380731,0.000368078,0.000367238,0.000366618,0.000357726,0.000369936,0.000343967,0.000348922,0.00032782,0.000328174,0.000323174,0.000318308,0.000314725,0.000308398,0.000310301,0.000300789,0.000296365,0.000286765,0.000289331,0.000281633,0.000273183,0.000274466,0.000268007,0.000255045,0.000260929,0.000256549,0.000250444,0.000251594,0.00024602,0.000239826,0.000241109,0.00022359,0.000224253,0.000224784,0.00021775,0.000214653,0.000210804,0.000213016,0.00020784,0.000196294,0.000209344,0.000207,0.000204832,0.000202708,0.00019417,0.000195099,0.000195143,0.000185809,0.000180013,0.000191118,0.00018488,0.000179261,0.000186207,0.000183774,0.000186384,0.000185278,0.000191162,0.000186915,0.000169661,0.000175766,0.000171608,0.000174793,0.000171785,0.000163821,0.000167405,0.000164972,0.00016537,0.000160415,0.000165016,0.000165016,0.000165945,0.000157274,0.000184128,0.00016683,0.000162892,0.000174527,0.000172891,0.000172448,0.000180588,0.000162052,0.000158645,0.000153602,0.000157937,0.000156876,0.000145639,0.000156079,0.000142188,0.00014117,0.000136658,0.000152496,0.000134711,0.000134933,0.000149178,0.000136083,0.000129801,0.000125819,0.000122059,0.000117413,0.000123209,0.000117989,0.000117767,0.000115024,0.00011644,0.000113565,0.000109317,0.000109804,0.000104451,0.000100779,9.67E-05,9.94E-05,9.27E-05,8.80E-05,8.84E-05,8.67E-05,8.93E-05,8.88E-05,8.71E-05,8.04E-05,8.98E-05,8.21E-05,7.93E-05,7.72E-05,7.16E-05,7.41E-05,6.84E-05
,HNGK053,#N/A,7.20E-05,7.05E-05,8.05E-05,7.66E-05,7.27E-05,8.08E-05,8.84E-05,8.54E-05,8.50E-05,9.17E-05,9.23E-05,9.29E-05,9.20E-05,0.000101142,9.73E-05,0.00010163,0.000100362,0.000114143,0.000113818,0.000113428,0.00011385,0.000117458,0.00012048,0.000118888,0.00011593,0.000118693,0.000120025,0.000127695,0.000129645,0.000134683,0.000128248,0.000135528,0.000137088,0.000140533,0.000138258,0.000144563,0.000135626,0.000143296,0.000140793,0.000146286,0.000161789,0.000155094,0.000152266,0.000152299,0.000159969,0.000153664,0.000151746,0.000153176,0.000152396,0.000161204,0.000163219,0.000158311,0.000155581,0.000160229,0.000157434,0.000159189,0.000168159,0.000158084,0.000166729,0.000171701,0.000175082,0.000177779,0.000170791,0.000163284,0.000160879,0.000168159,0.000170954,0.000174334,0.000180282,0.000173912,0.000170791,0.000177844,0.000176577,0.000177812,0.000182524,0.000182362,0.000184734,0.000186587,0.000189674,0.00019533,0.000193639,0.00019663,0.000198092,0.000201992,0.000200757,0.000206022,0.000214082,0.000209857,0.000217528,0.00022367,0.000220648,0.000221395,0.000230528,0.000228513,0.00023576,0.000240571,0.000247103,0.000251621,0.000253213,0.000253343,0.000255911,0.000267676,0.000276191,0.000271771,0.000288314,0.000285812,0.000286267,0.000288639,0.000297772,0.000296017,0.000306417,0.0003071,0.000319677,0.000314055,0.000323837,0.000336805,0.000337618,0.00034545,0.000347596,0.000349968,0.000358093,0.000351593,0.000364138,0.000365276,0.000368949,0.000371451,0.000370444,0.000385719,0.000375546,0.000382859,0.000389489,0.000393162,0.000398882,0.000398979,0.000391797,0.000398914,0.000398232,0.000412142,0.000411622,0.000401677,0.0004203,0.000408437,0.000407039,0.000411882,0.000404472,0.00041952,0.000419357,0.000419585,0.000411557,0.00041874,0.000420755,0.000420722,0.00043889,0.000427677,0.000433723,0.000427125,0.000430017,0.000433398,0.000438045,0.000453418,0.000449583,0.000461088,0.000462226,0.000465248,0.000462323,0.000481499,0.000486471,0.000498269,0.000504347,0.000501324,0.000511659,0.000529697,0.000539447,0.000547183,0.000562458,0.000572208,0.000582023,0.000604091,0.000611924,0.000623527,0.0006493,0.00066685,0.000689666,0.000708744,0.000728504,0.000763833,0.000795228,0.000821131,0.000868258,0.000899036,0.00096849,0.001002941,0.001069015,0.001137071,0.001208768,0.001284755,0.001377967,0.001501502,0.001651981,0.001795959,0.001989338,0.00214362,0.002327899,0.002582867,0.002810242,0.003103107,0.003351965,0.003626336,0.003921801,0.004233093,0.004502004,0.004760092,0.005006773,0.005226933,0.005387519,0.005594127,0.005722245,0.005808014,0.005814612,0.005873796,0.005900121,0.005868758,0.00585423,0.005807007,0.005799304,0.005708594,0.005631308,0.005574496,0.005487069,0.005414073,0.005327653,0.005233823,0.005139994,0.005077202,0.00498477,0.004886975,0.004835852,0.004780828,0.00466792,0.004638572,0.004567363,0.004544125,0.004450198,0.00441838,0.004346618,0.004273524,0.00422721,0.004158211,0.00412987,0.004060644,0.00402148,0.00398625,0.003937173,0.003912505,0.00390321,0.0038867,0.003880882,0.003855304,0.003873504,0.003885432,0.003892745,0.003853744,0.003853939,0.003854947,0.003846334,0.003838209,0.003843669,0.003846626,0.003845489,0.003818058,0.003786045,0.003815653,0.00380028,0.003781137,0.003779252,0.00377922,0.003763359,0.003761734,0.003747857,0.003750944,0.003741909,0.003765212,0.003756502,0.003772882,0.003736026,0.003747987,0.003750457,0.003737359,0.003742656,0.003770542,0.003752374,0.003758842,0.003745582,0.003750652,0.003755494,0.003774052,0.003744509,0.003731054,0.003734499,0.003743339,0.003741096,0.003760077,0.003746232,0.003797193,0.003750132,0.003748539,0.003733881,0.003740121,0.003726179,0.003744281,0.003735376,0.003729494,0.003754389,0.003747207,0.003731184,0.003744899,0.003737164,0.003747792,0.003762287,0.003780292,0.003771972,0.003766837,0.00377012,0.003799435,0.003837039,0.003791245,0.003782567,0.0038073,0.003828653,0.003839736,0.003857059,0.003850234,0.003853159,0.003873472,0.003866939,0.003874545,0.003871977,0.003878315,0.003883027,0.003902593,0.00387656,0.00390672,0.003903828,0.003961192,0.003936621,0.004005198,0.003997202,0.004027201,0.004073059,0.00412883,0.004149338,0.004232768,0.004258216,0.004352273,0.004400537,0.004468203,0.004512697,0.004545588,0.004626742,0.004670358,0.004730224,0.004770623,0.004836729,0.004939464,0.005022536,0.00509706,0.005205678,0.0052985,0.005415405,0.005487687,0.005571116,0.005669788,0.005721562,0.005817992,0.005892549,0.00594247,0.006000646,0.006025704,0.006041727,0.00607595,0.006070425,0.006027329,0.005959565,0.005905191,0.005811004,0.005691596,0.005532018,0.005326483,0.005129561,0.004890778,0.004620079,0.004379606,0.004068509,0.00378702,0.003492173,0.003234767,0.002972096,0.00271573,0.002461054,0.002262442,0.002053397,0.00185628,0.001692444,0.001544143,0.001431951,0.001324081,0.001243804,0.001163104,0.001105773,0.001026471,0.000958285,0.000906381,0.00086543,0.000828737,0.000789768,0.000758763,0.000731624,0.000700521,0.000674391,0.000660805,0.00065307,0.000626972,0.000615434,0.000592294,0.000567691,0.000568503,0.000555535,0.000541788,0.000529145,0.000524335,0.000512634,0.000502917,0.000506134,0.000495344,0.000493979,0.000481661,0.000474868,0.000470351,0.000450233,0.000455238,0.00044123,0.00044643,0.00044656,0.000437558,0.000443115,0.000441035,0.000438728,0.000430927,0.000433203,0.00042251,0.000422542,0.000418057,0.000416887,0.000407494,0.000417277,0.000410224,0.000410744,0.000419455,0.000407527,0.000406682,0.000408177,0.000400962,0.000402684,0.00041224,0.000406324,0.000399174,0.000389814,0.000392512,0.000389912,0.000381006,0.000390724,0.000386109,0.000387376,0.000376391,0.000384191,0.000375969,0.000369956,0.000367226,0.000360368,0.000356176,0.000349611,0.000368786,0.000346588,0.000346783,0.000333783,0.000332808,0.000331735,0.000325853,0.000309992,0.000308075,0.000308822,0.000307912,0.000290199,0.000289712,0.000284837,0.000287177,0.000278954,0.000269594,0.000258023,0.000257113,0.000254416,0.000257341,0.000254936,0.000243886,0.000246291,0.000248338,0.000240051,0.000228123,0.00022887,0.000227083,0.000221038,0.000216455,0.000213985,0.000216878,0.000208687,0.000203195,0.000215447,0.000210377,0.000203877,0.00020378,0.000200952,0.000199782,0.000196597,0.000191169,0.000187724,0.000185287,0.000180802,0.000185644,0.000181679,0.000189934,0.000182102,0.000182784,0.000186912,0.000189479,0.000176642,0.000173262,0.000176934,0.000179209,0.000171734,0.000167184,0.000167444,0.000165624,0.000170174,0.000163186,0.000169784,0.000165364,0.000165169,0.000157011,0.000190324,0.000169101,0.000162991,0.000172709,0.000167509,0.000176479,0.000190357,0.000162796,0.000163901,0.000158019,0.000164129,0.000156914,0.000150543,0.000158051,0.000144173,0.000146936,0.000137738,0.000150543,0.000138063,0.000137121,0.000150218,0.000139168,0.000134586,0.000133286,0.00012737,0.000119603,0.000123405,0.000116743,0.000121098,0.000114988,0.00011775,0.000119668,0.000112713,0.000105042,0.000104165,0.000104392,9.88E-05,0.000100947,9.22E-05,8.82E-05,8.81E-05,8.99E-05,8.91E-05,9.17E-05,8.40E-05,7.98E-05,8.69E-05,8.54E-05,7.70E-05,7.62E-05,7.53E-05,7.34E-05,6.97E-05
,HNGK054,#N/A,7.61E-05,7.29E-05,8.00E-05,7.62E-05,7.68E-05,8.40E-05,8.86E-05,9.15E-05,8.30E-05,9.05E-05,9.51E-05,9.20E-05,9.65E-05,0.000101744,9.74E-05,9.75E-05,0.000104685,0.000110043,0.000112428,0.000108573,0.000119093,0.000116806,0.000121315,0.000115271,0.000116741,0.000116708,0.000121119,0.000122753,0.000127752,0.000132326,0.000128928,0.00013445,0.000134352,0.000143729,0.000134417,0.000141801,0.000134482,0.000136639,0.000144186,0.000148466,0.000156145,0.000154674,0.000148924,0.00014716,0.000150263,0.000148564,0.00015425,0.000156047,0.000156341,0.000161176,0.000168822,0.000159608,0.000156047,0.000161242,0.000154674,0.000159608,0.000164411,0.000164966,0.000169116,0.000173919,0.000180649,0.000175324,0.000170782,0.000169835,0.000164738,0.00017271,0.000172024,0.000172416,0.000179244,0.000173788,0.000179931,0.000184864,0.000183557,0.000180976,0.000178428,0.000182479,0.000188426,0.000185648,0.000189667,0.000195254,0.000191072,0.000201952,0.000200874,0.000202736,0.000203488,0.000211918,0.000219563,0.000216394,0.000222471,0.000224987,0.000224333,0.000223418,0.000233678,0.000233972,0.000242402,0.00024263,0.000252138,0.000255013,0.000252007,0.000261189,0.00025717,0.000261254,0.000275924,0.000277231,0.000282034,0.000292783,0.000285628,0.000292947,0.000296606,0.00030582,0.000311603,0.000307421,0.000327646,0.000316765,0.000324378,0.000332677,0.000338362,0.000339048,0.000349504,0.000360678,0.000362867,0.000361495,0.000369565,0.000361789,0.000367049,0.000373421,0.000379138,0.000399788,0.000387111,0.000390901,0.000400572,0.000391097,0.000402009,0.000406747,0.00040299,0.000407433,0.000402696,0.000411485,0.00041766,0.000406943,0.000412203,0.00041815,0.000415503,0.000416222,0.000419098,0.000431415,0.000426384,0.000435924,0.000423214,0.000431938,0.000421973,0.000433898,0.000435009,0.000436055,0.000440792,0.000448503,0.000438407,0.000446772,0.000450366,0.00045775,0.000465134,0.000468989,0.000470296,0.000475818,0.000479706,0.000486927,0.000493396,0.000512444,0.000516953,0.000511628,0.000528781,0.000539661,0.000532996,0.000564525,0.00056959,0.000580731,0.00058377,0.00059893,0.000624088,0.000630786,0.000649606,0.000666661,0.000695446,0.000708287,0.000726453,0.000758146,0.00078778,0.000807744,0.000864791,0.000905796,0.000948891,0.001002867,0.001050472,0.001100691,0.001200703,0.001264154,0.001355769,0.00147336,0.001585984,0.001739318,0.001906409,0.002067977,0.002248496,0.002474397,0.002692163,0.002962272,0.003223329,0.003470632,0.003764199,0.004032707,0.00429811,0.004565409,0.004789775,0.004982513,0.005176624,0.005315125,0.005480091,0.005551743,0.005611502,0.005683056,0.005695015,0.005663583,0.00567002,0.00568603,0.005650579,0.005566446,0.005521129,0.005463134,0.005392005,0.005320549,0.005258601,0.005186034,0.005107128,0.005056125,0.004982742,0.004908443,0.004823722,0.004785821,0.004710869,0.004688749,0.00458119,0.004546883,0.004497383,0.004440205,0.004426352,0.004328104,0.004272756,0.004220414,0.004178625,0.004123636,0.004106025,0.00405365,0.004038555,0.004004967,0.003982554,0.003977489,0.003960107,0.003970857,0.003958147,0.003973569,0.003962329,0.003961185,0.0039324,0.0039242,0.00395024,0.003943836,0.003925604,0.003932335,0.003947561,0.003917142,0.003907438,0.003908222,0.003910673,0.003888586,0.003882182,0.003908222,0.003848071,0.003878163,0.003853626,0.003850979,0.003854998,0.00383608,0.003846176,0.003858265,0.00383742,0.003832617,0.003847745,0.003821769,0.003824122,0.003847712,0.003832421,0.003842778,0.003837322,0.003790207,0.003835459,0.003809223,0.003843824,0.003814483,0.003831931,0.003819058,0.003839609,0.003858331,0.003824514,0.003868525,0.003810661,0.003839315,0.003825821,0.003828794,0.003803897,0.003833858,0.003845621,0.00381958,0.003818241,0.003841177,0.003824089,0.003819874,0.00383706,0.003858331,0.003839413,0.003823959,0.003864767,0.003874373,0.003885417,0.003904563,0.003908582,0.003880287,0.003882411,0.003913385,0.003920965,0.003928055,0.003955174,0.003955076,0.00394926,0.003958212,0.003941222,0.003938445,0.003945143,0.003982227,0.004005784,0.003993924,0.003965662,0.003993728,0.004007156,0.004004085,0.004019442,0.004048096,0.004093217,0.00410364,0.004177383,0.00419653,0.004220577,0.004260569,0.004351531,0.004389268,0.004435337,0.004488267,0.004544334,0.004588737,0.004638139,0.0046978,0.004730669,0.004796048,0.004880573,0.004939385,0.005001496,0.005080206,0.005166822,0.005282844,0.005334761,0.005427782,0.005478523,0.005562754,0.005611372,0.005695766,0.005733242,0.00579078,0.005787676,0.005818062,0.005837469,0.00585887,0.005844429,0.005788296,0.005765197,0.005680181,0.005589546,0.005457841,0.00529869,0.005100103,0.004889918,0.004678359,0.004428704,0.004167712,0.003885645,0.003614034,0.003348729,0.003108288,0.002838996,0.002590223,0.002361022,0.002188214,0.001973911,0.001797313,0.001649467,0.001519559,0.001396251,0.001300911,0.00120812,0.001140356,0.001086249,0.001014434,0.000949349,0.000893805,0.000867143,0.000824211,0.000781899,0.000754911,0.000738444,0.000701099,0.000682214,0.000671203,0.000645228,0.000635426,0.000614744,0.000596218,0.00058622,0.000577595,0.000562271,0.000550868,0.000542536,0.000535904,0.000515646,0.000511399,0.000510386,0.000506073,0.000503231,0.000493657,0.000485457,0.00048085,0.000466212,0.000468695,0.000459416,0.00046007,0.000453241,0.000453568,0.000449026,0.000450072,0.000446314,0.000443439,0.000434944,0.00043429,0.000430762,0.000430729,0.000425697,0.000424815,0.000419163,0.000427756,0.000424031,0.000424521,0.000412824,0.000413804,0.000411125,0.000419522,0.000415079,0.000409688,0.000409426,0.000398775,0.000401813,0.000399984,0.000391521,0.000392534,0.000390901,0.000387078,0.000392796,0.000389528,0.000382928,0.000381785,0.000375642,0.000372767,0.000369565,0.000357607,0.000358783,0.000366657,0.000348948,0.000349831,0.00033516,0.000331991,0.000339963,0.000326339,0.000315753,0.000304154,0.000308368,0.000307421,0.000299253,0.000286935,0.000289451,0.000288895,0.000280204,0.000282949,0.000268507,0.000257987,0.000256908,0.000258607,0.000260012,0.000255732,0.000256549,0.000243839,0.00023737,0.000236292,0.000229463,0.000231489,0.000224039,0.000221491,0.00021378,0.000216786,0.00021561,0.000208846,0.000210643,0.000212767,0.000210153,0.000209238,0.000206298,0.000207866,0.000202802,0.000197476,0.000189602,0.000192216,0.000189602,0.00019068,0.000188622,0.000188066,0.000191432,0.000190647,0.000200025,0.000191399,0.000178395,0.000177415,0.000177153,0.000184864,0.000174834,0.000167319,0.000167646,0.000169835,0.000176957,0.000165456,0.000174246,0.000168789,0.000166045,0.000158203,0.000189961,0.000170423,0.000161601,0.000172677,0.000170553,0.000178362,0.000185028,0.000169508,0.000159902,0.000158399,0.000167744,0.000166241,0.000155981,0.000158562,0.000142879,0.000139416,0.000144154,0.0001567,0.000139645,0.000135005,0.000156896,0.000138926,0.000133666,0.000131476,0.000125007,0.00012419,0.000121707,0.000114323,0.000118342,0.000110598,0.0001171,0.000114029,0.000109161,0.000105893,0.000108507,0.000104064,9.81E-05,0.000105828,9.61E-05,8.95E-05,9.30E-05,8.73E-05,8.88E-05,9.22E-05,8.56E-05,8.25E-05,9.07E-05,8.30E-05,7.75E-05,7.58E-05,7.50E-05,7.64E-05,6.91E-05
,HNGK055,#N/A,7.49E-05,7.33E-05,8.52E-05,7.71E-05,7.90E-05,8.35E-05,9.06E-05,9.14E-05,8.90E-05,9.38E-05,9.72E-05,9.77E-05,9.94E-05,0.000103714,9.92E-05,0.000100819,0.000105988,0.000113107,0.000114378,0.000111483,0.000120108,0.00012256,0.000118572,0.000120906,0.000121231,0.000121585,0.000123623,0.00012705,0.000133578,0.000137064,0.000131067,0.000138098,0.000136916,0.000140638,0.000140993,0.000140609,0.000137448,0.000145512,0.000142854,0.000148378,0.000155822,0.00015724,0.000156117,0.00015145,0.000151066,0.00015399,0.000153636,0.000153843,0.00015275,0.000162084,0.00016105,0.000158539,0.000155615,0.000158008,0.000156708,0.000160873,0.000163738,0.000162793,0.000169824,0.000172866,0.000184948,0.000172393,0.00016876,0.000165304,0.000165068,0.000166486,0.000173546,0.000171478,0.000182496,0.000174845,0.000176322,0.000185214,0.000181374,0.000180783,0.000184918,0.000184918,0.000185834,0.000185361,0.000195641,0.000195228,0.000197355,0.000203144,0.000204208,0.000207103,0.000209318,0.000217087,0.000215462,0.000211209,0.000228223,0.000226215,0.000224856,0.00022973,0.00023357,0.00023038,0.000246243,0.000246184,0.000253066,0.000257054,0.000257911,0.00026503,0.00025794,0.000264085,0.000282281,0.000278086,0.000292945,0.000297051,0.000292797,0.000294186,0.000296135,0.000305086,0.000310285,0.000314834,0.000327506,0.000317256,0.000328392,0.000329013,0.000340504,0.000347298,0.000358818,0.000360857,0.000365228,0.000361093,0.000368773,0.00036833,0.000374504,0.000381298,0.000377635,0.00039273,0.000388624,0.000397427,0.000403778,0.000401237,0.000408327,0.000411635,0.000400322,0.000409686,0.000409272,0.000417868,0.00042289,0.000415416,0.000420704,0.000426316,0.000422565,0.000418784,0.00042354,0.00043317,0.000426257,0.000435621,0.000424751,0.000430925,0.000428266,0.000426169,0.0004415,0.000441145,0.000448058,0.000442179,0.000445901,0.000453847,0.000459874,0.000462443,0.000473344,0.0004659,0.000480374,0.000484864,0.000481526,0.000493135,0.000499191,0.000514197,0.000526131,0.00052043,0.000533398,0.000544062,0.000544948,0.000565626,0.000577471,0.000590291,0.000587573,0.000615488,0.000622283,0.000631735,0.000661245,0.000674893,0.000697313,0.000723072,0.0007431,0.000777248,0.000804956,0.000828735,0.00087913,0.000905804,0.000969226,0.001026208,0.001056398,0.001128858,0.001217005,0.001293453,0.001380743,0.001504337,0.001644266,0.001780474,0.001951065,0.002113563,0.002318923,0.002552109,0.002763022,0.003052924,0.003294411,0.003582984,0.003864674,0.004130768,0.004418218,0.004661536,0.004909995,0.005095061,0.005282756,0.005434265,0.005588934,0.005675545,0.005686592,0.005757901,0.005757931,0.00573232,0.005740886,0.005724846,0.005686504,0.005608578,0.005537181,0.005473316,0.005419052,0.005348393,0.00526323,0.00515668,0.005084249,0.005017637,0.004958794,0.004874015,0.004834373,0.004732816,0.004661507,0.004638466,0.004573449,0.004507635,0.004445188,0.004424569,0.004338845,0.004280888,0.004250344,0.004185475,0.004139187,0.004099042,0.00406197,0.004011014,0.003981415,0.003939321,0.003922424,0.003907714,0.003939617,0.003913444,0.003925851,0.003933472,0.003916635,0.003900861,0.00389894,0.003908836,0.003889399,0.003888424,0.003875575,0.003892619,0.003883609,0.003854336,0.003864261,0.003864113,0.003848723,0.003836228,0.003814693,0.00381493,0.00378991,0.00382583,0.003801016,0.003830408,0.003801519,0.003777828,0.003775287,0.003813453,0.003796408,0.003771359,0.00379886,0.003774549,0.003783322,0.003775465,0.003778035,0.003791771,0.003761551,0.003779305,0.003765835,0.0037822,0.003753723,0.003788669,0.003765569,0.003788433,0.003788492,0.003803498,0.003782406,0.003820247,0.003751981,0.003789407,0.003757298,0.003781875,0.003785154,0.003790087,0.003775524,0.003788433,0.003769852,0.003764062,0.003782731,0.003793277,0.003765953,0.00378858,0.003796792,0.003791623,0.003808372,0.003828843,0.003840334,0.003848841,0.003841161,0.00384763,0.003869785,0.003858944,0.003881867,0.003896843,0.003907448,0.003906768,0.003888779,0.003895189,0.003910993,0.003897523,0.003935186,0.003941596,0.003947829,0.003919086,0.003940975,0.003943663,0.003968772,0.00397728,0.003964046,0.00399716,0.004020792,0.004063506,0.004109145,0.004152922,0.004170292,0.004245588,0.004301625,0.004334916,0.004410302,0.00445278,0.004512302,0.004539508,0.00459457,0.004670782,0.004710543,0.004775353,0.004814197,0.004875581,0.004972619,0.005066762,0.005167344,0.005270467,0.005334568,0.005416482,0.00550259,0.005570383,0.005654542,0.005702396,0.005782685,0.005834232,0.005859222,0.005863919,0.005927725,0.005951652,0.005945744,0.005893754,0.005835206,0.005774325,0.005674363,0.005559897,0.005389837,0.005226689,0.005019291,0.004781024,0.004538002,0.004295245,0.003993172,0.003719162,0.003445388,0.003171703,0.002901977,0.002646843,0.002435073,0.002234528,0.002024176,0.00184555,0.001679212,0.001560521,0.00141882,0.00133091,0.00124938,0.001164601,0.001115388,0.001038585,0.000975607,0.000909408,0.000884949,0.000832221,0.00080918,0.000762655,0.000748653,0.000709513,0.000706677,0.000674745,0.000656903,0.000635664,0.000627098,0.000605327,0.000593925,0.000584649,0.000570618,0.00056338,0.000537622,0.00054291,0.000519987,0.000525363,0.00051207,0.000510327,0.000500934,0.000498364,0.000492633,0.00048705,0.000474377,0.000480669,0.000459696,0.00046203,0.000456299,0.000454734,0.000458426,0.000448944,0.000448205,0.000444542,0.000441588,0.000443627,0.000437807,0.000440023,0.000427734,0.000423658,0.000430098,0.000431545,0.000427616,0.000425844,0.000414914,0.000410011,0.000419936,0.000416273,0.000402419,0.000417986,0.00042224,0.000406495,0.000400499,0.000395507,0.00039852,0.000394502,0.000394295,0.000392316,0.000392169,0.000387944,0.000386467,0.00037731,0.000377635,0.000368714,0.000372554,0.000362422,0.000355923,0.00037409,0.000351876,0.000358493,0.000337136,0.000339145,0.000331701,0.000323814,0.000326738,0.000311732,0.000309694,0.000304761,0.000300477,0.000294688,0.000292827,0.000293506,0.000281867,0.000276757,0.000267157,0.000261367,0.000260983,0.000262667,0.000256109,0.000253539,0.000252151,0.000244263,0.000240837,0.000227692,0.000230262,0.00023165,0.000219952,0.000219539,0.000209997,0.000220277,0.000212774,0.000206541,0.000210795,0.000211681,0.000217264,0.000208905,0.000199895,0.000211061,0.000201549,0.000197443,0.000192362,0.000189999,0.000192687,0.000191978,0.000187252,0.000191831,0.000192924,0.000186661,0.000191387,0.000189024,0.000176618,0.000178449,0.000182407,0.000179276,0.000177474,0.000170267,0.000169203,0.000166692,0.000173752,0.000157476,0.000173368,0.000168908,0.000167224,0.000164418,0.000187813,0.000168671,0.000163827,0.000168435,0.000167785,0.000174698,0.000184209,0.00015913,0.000156206,0.000151982,0.000161907,0.000159662,0.000148673,0.000156737,0.000141909,0.000142115,0.000144035,0.000151509,0.000137507,0.000138571,0.000152927,0.000139102,0.000134524,0.000131836,0.000126784,0.000122206,0.000122531,0.000119961,0.000123328,0.000114643,0.000120847,0.000116298,0.000114259,0.000111424,0.000110656,0.000106047,0.000101557,0.000106166,9.79E-05,9.20E-05,9.03E-05,8.82E-05,9.06E-05,9.87E-05,9.04E-05,8.43E-05,9.58E-05,8.95E-05,8.30E-05,7.78E-05,7.65E-05,7.69E-05,7.12E-05
B?NH,HNGK056,HNGK056,7.31E-05,7.09E-05,7.57E-05,7.21E-05,7.66E-05,8.03E-05,8.16E-05,8.78E-05,8.10E-05,9.16E-05,9.34E-05,9.40E-05,9.46E-05,9.99E-05,9.49E-05,9.77E-05,0.000101008,0.000112661,0.000115028,0.000108573,0.000120012,0.0001118,0.000120012,0.000114812,0.000115673,0.000120155,0.000119832,0.00012245,0.000129227,0.000126537,0.000124494,0.000130697,0.000131522,0.000135502,0.00013249,0.000141239,0.000132275,0.000136398,0.000137043,0.000143462,0.000151673,0.0001478,0.000147657,0.000146151,0.000149127,0.000146474,0.000148733,0.000151924,0.00015049,0.000157517,0.000161533,0.000151207,0.00014694,0.000152533,0.00014841,0.000152928,0.000160924,0.000155079,0.00016035,0.000163075,0.000169709,0.000171752,0.000166231,0.000159741,0.000153322,0.000161426,0.000168346,0.000167091,0.000171215,0.000172685,0.000167055,0.000171788,0.000176808,0.000179175,0.000178386,0.000173509,0.000180035,0.000180179,0.000186131,0.000186238,0.000187924,0.000193302,0.000188246,0.000202302,0.000199792,0.000204131,0.000211123,0.000206892,0.000217111,0.000219083,0.000215641,0.000220123,0.000226685,0.000229051,0.000232422,0.000237621,0.00024741,0.000250924,0.00025078,0.000255119,0.000249238,0.000258382,0.00026376,0.000266234,0.000276955,0.000277099,0.00027968,0.0002828,0.000282119,0.000295601,0.000300621,0.000310194,0.000315214,0.000313386,0.000319553,0.000322636,0.000332461,0.000332891,0.000348166,0.000342644,0.00035064,0.000350031,0.000350282,0.000360967,0.000360573,0.000372118,0.000367314,0.000384453,0.000384381,0.000374951,0.000383341,0.000387142,0.000389079,0.000398688,0.000393274,0.000395102,0.000390764,0.000399082,0.000403242,0.000408405,0.000411059,0.000404604,0.00040109,0.000409373,0.000413138,0.00042325,0.000414537,0.000422317,0.000414823,0.000422353,0.000420883,0.000419019,0.000432716,0.000432214,0.000429632,0.000434509,0.000439242,0.000436481,0.000440353,0.000456417,0.000457708,0.000456811,0.000466385,0.000471477,0.0004737,0.000487863,0.000486859,0.000503676,0.000515508,0.000516441,0.000522967,0.000525333,0.000541935,0.000551186,0.000571946,0.000581305,0.000588548,0.000603679,0.000623078,0.000635628,0.000657357,0.000674998,0.000704508,0.000715157,0.000740328,0.000783213,0.000806519,0.000832121,0.000889133,0.000927965,0.000980387,0.001040196,0.001086415,0.001160351,0.001242893,0.00132357,0.001419593,0.001543442,0.00168676,0.001830078,0.002028902,0.002189754,0.00239263,0.002632402,0.002876442,0.003157377,0.003418018,0.003744849,0.003976912,0.004277138,0.004557572,0.00484973,0.005078889,0.005262904,0.005457641,0.005596298,0.005717959,0.005812297,0.005837827,0.005889891,0.005860811,0.005862855,0.005854321,0.005808281,0.005779202,0.005691282,0.005636672,0.005559545,0.005491238,0.00538496,0.005329777,0.005204279,0.005144291,0.005052391,0.004947296,0.004909575,0.004843671,0.00476181,0.004672671,0.004628137,0.004571628,0.004502281,0.004439748,0.004403389,0.004338345,0.00425878,0.004219015,0.004142605,0.004107358,0.004063613,0.004004486,0.00399588,0.003943817,0.003911582,0.003889566,0.003863176,0.003867048,0.003828502,0.003849586,0.003868267,0.003866546,0.003862674,0.003856793,0.003840263,0.003846431,0.003823769,0.003839546,0.00380724,0.003821582,0.003813873,0.003815343,0.00378612,0.003788379,0.003761415,0.003792431,0.003767475,0.003737678,0.003752379,0.003739112,0.003735311,0.003751985,0.003727746,0.003729682,0.00374406,0.003707738,0.003708957,0.003719857,0.003715841,0.00369967,0.003736782,0.003729574,0.003722977,0.003722654,0.0037233,0.003711539,0.00372018,0.003710068,0.003726455,0.003698953,0.003707738,0.003727602,0.003726025,0.003703901,0.003756144,0.00371828,0.003703901,0.003719284,0.003717598,0.003722905,0.003720539,0.003708921,0.003692857,0.00369526,0.003705909,0.003712937,0.003733913,0.003720001,0.003721363,0.003742303,0.003733626,0.003749618,0.003743809,0.003764785,0.003798275,0.003798096,0.003776618,0.003774072,0.003813443,0.003829255,0.003828431,0.003841375,0.003825813,0.003862781,0.003859447,0.003875331,0.003864323,0.003863821,0.003880064,0.003891574,0.003861849,0.003904733,0.003910865,0.003924526,0.003956761,0.003929331,0.003932235,0.003984048,0.004070247,0.004106103,0.004105745,0.004159314,0.004202916,0.004256593,0.004300947,0.004392166,0.004453911,0.004497978,0.004549432,0.004590632,0.004666396,0.00473603,0.004751663,0.004850125,0.004904304,0.005018363,0.005094271,0.005209765,0.00528657,0.005396828,0.005501242,0.005578728,0.005642087,0.005740297,0.005823198,0.005883042,0.005945253,0.005983368,0.006018759,0.00604938,0.006074587,0.006080217,0.006056767,0.00598301,0.005945755,0.005846289,0.005742987,0.00557776,0.005378828,0.005178893,0.004954037,0.004703293,0.00442519,0.004151282,0.003864431,0.003566858,0.003302918,0.003034676,0.002749438,0.002514506,0.002317977,0.002075659,0.001909357,0.001731616,0.001595756,0.00145796,0.001359139,0.001281295,0.001196889,0.001141706,0.001048228,0.000978702,0.000915451,0.000891571,0.000849583,0.00079042,0.000768081,0.000747285,0.000712827,0.000699631,0.000674926,0.000654739,0.000634946,0.000611783,0.000607229,0.000582488,0.000570118,0.000569006,0.000553014,0.000531214,0.000534656,0.000511313,0.000511743,0.000508481,0.000494568,0.000495285,0.000489835,0.00047309,0.000465524,0.000460899,0.00046513,0.000455305,0.000451971,0.000446664,0.000439278,0.000447274,0.000436409,0.000440784,0.000433756,0.000435656,0.000421636,0.000427517,0.000424039,0.000416724,0.000408118,0.000417226,0.000421887,0.000420023,0.000410736,0.000411453,0.000413317,0.000403923,0.000408764,0.000406325,0.000402919,0.000403672,0.000395246,0.000390835,0.000396322,0.000389222,0.000390405,0.000379971,0.000385816,0.000380437,0.000375417,0.000381585,0.000375381,0.000365593,0.000361648,0.000364158,0.000354441,0.00035211,0.000364553,0.000330991,0.000340852,0.000327979,0.0003297,0.000324609,0.000316003,0.000313672,0.000302234,0.000302198,0.000296927,0.000294633,0.000289649,0.000278712,0.000276704,0.000273943,0.000269461,0.000263581,0.0002539,0.000254939,0.000250888,0.000248987,0.000250816,0.000247696,0.000234107,0.000245581,0.000222848,0.000221414,0.000225645,0.000212772,0.000215282,0.000211983,0.000215282,0.000200294,0.000201549,0.000210191,0.000201047,0.000199147,0.000196242,0.000193195,0.000192764,0.000194163,0.000186669,0.000182545,0.000187709,0.000177274,0.000182689,0.000177239,0.000174227,0.000178458,0.000180717,0.000180179,0.000183621,0.000168167,0.000169745,0.000167988,0.000173653,0.000171143,0.000160852,0.000163972,0.000159059,0.000167952,0.000157768,0.000165478,0.000165155,0.000159382,0.000152318,0.00018233,0.000157876,0.000154792,0.000165442,0.00015888,0.000166446,0.000180717,0.000158701,0.000153502,0.00014927,0.000155008,0.000152247,0.000144717,0.000151601,0.000139518,0.000136039,0.000138693,0.000149127,0.000131306,0.000135645,0.00015239,0.00013733,0.000130123,0.000127362,0.000122378,0.000121159,0.000124314,0.000113557,0.000117681,0.00011241,0.00011829,0.00010886,0.00011137,0.000110761,0.000103051,0.000103482,0.00010004,0.000103159,9.32E-05,8.89E-05,9.11E-05,8.78E-05,9.02E-05,9.29E-05,8.69E-05,8.51E-05,8.61E-05,8.26E-05,8.03E-05,7.51E-05,7.61E-05,7.72E-05,6.59E-05
,HNGK057,#N/A,7.45E-05,7.29E-05,8.13E-05,7.69E-05,7.46E-05,8.25E-05,9.18E-05,9.15E-05,8.99E-05,9.46E-05,9.64E-05,9.42E-05,9.72E-05,0.000104607,9.86E-05,0.000102284,0.000104943,0.000112338,0.000119428,0.000110719,0.000120467,0.000113622,0.000123921,0.000117717,0.000121934,0.000121629,0.00012386,0.000126152,0.000134311,0.000135075,0.000126457,0.00013642,0.000130308,0.000138926,0.000135167,0.000143662,0.000134433,0.000141401,0.000145741,0.000147757,0.000159981,0.000153228,0.000150325,0.000150997,0.000151455,0.000154878,0.000152158,0.000152403,0.000146413,0.000156223,0.00016753,0.000158484,0.000152403,0.000161784,0.000151272,0.00015662,0.000162824,0.000160898,0.000168385,0.000168813,0.000178684,0.000168905,0.000171503,0.000161173,0.000161234,0.000165116,0.000172358,0.000174375,0.000183024,0.000169516,0.000174253,0.00017899,0.000180976,0.000177217,0.000177523,0.000180701,0.000180854,0.000184613,0.000188188,0.000189319,0.000194728,0.000201604,0.000194453,0.000201299,0.00020518,0.000208725,0.000208358,0.000212147,0.000218045,0.000224005,0.00022156,0.000223027,0.000231339,0.000230667,0.000233906,0.000239407,0.00024451,0.000253342,0.000248728,0.000257804,0.000254045,0.000263946,0.000269783,0.000274734,0.000285461,0.000291298,0.000284055,0.000283505,0.000285522,0.000304072,0.000301413,0.000308442,0.000318588,0.000313973,0.000321338,0.000327664,0.000337199,0.000343433,0.000353671,0.000353946,0.000360913,0.000354251,0.000362013,0.000362441,0.00036238,0.000372679,0.00037821,0.000391229,0.00037766,0.000391045,0.000389548,0.000391137,0.000402322,0.000411704,0.000394774,0.000397952,0.000404981,0.000415616,0.000417144,0.000402016,0.000417663,0.00041311,0.000404767,0.000411368,0.000417235,0.00042894,0.000415982,0.000426831,0.000424692,0.000422461,0.000426923,0.0004235,0.000435632,0.000418213,0.000443211,0.000436396,0.000431629,0.000436763,0.000446084,0.000449659,0.000462342,0.000458705,0.000467506,0.000472029,0.000479822,0.000487248,0.000496569,0.00050647,0.000513438,0.000514844,0.000527618,0.00053645,0.000537947,0.000555305,0.000565757,0.00057847,0.000589655,0.000607227,0.000629627,0.000635556,0.000649583,0.000670577,0.00070239,0.000711192,0.000728641,0.000762563,0.000816104,0.000825425,0.000880463,0.000916402,0.000968018,0.001018869,0.001080876,0.001148077,0.001220993,0.001304208,0.001393779,0.001502328,0.001651858,0.001805453,0.001972463,0.002150047,0.002343339,0.002580729,0.002835263,0.003090041,0.00336997,0.003637217,0.003934077,0.004209545,0.004501209,0.004755712,0.004998328,0.005187311,0.005367798,0.005554672,0.005676423,0.005752243,0.005762419,0.005805723,0.005819444,0.005801994,0.005800008,0.005768012,0.005695187,0.005655092,0.005593759,0.005519987,0.005436008,0.005358691,0.005293874,0.005185783,0.005101376,0.005019903,0.004958111,0.004878441,0.004799933,0.004758341,0.004684966,0.004632464,0.004567524,0.004501392,0.004455827,0.004396358,0.004344803,0.004284172,0.004231853,0.004172964,0.004144757,0.004058945,0.004042657,0.004000545,0.003968182,0.003930288,0.003922739,0.003889796,0.003902692,0.003864064,0.003902264,0.00389548,0.003890498,0.003905809,0.003886403,0.003872957,0.003864584,0.003875799,0.003865134,0.00388078,0.00387259,0.003847042,0.003830051,0.003833351,0.003831884,0.003816849,0.003804503,0.003812509,0.003771865,0.003778435,0.003777274,0.003800683,0.003758724,0.003768595,0.003777916,0.003804075,0.003746897,0.003777732,0.003783111,0.00374595,0.003758113,0.003773209,0.003755729,0.003750809,0.003728989,0.00374158,0.003758968,0.003759457,0.003740693,0.003752948,0.003770123,0.003737913,0.003768075,0.003747019,0.003754384,0.003779107,0.003752337,0.003749281,0.003732412,0.003756585,0.003764011,0.003754812,0.003761658,0.003764439,0.003742466,0.003758724,0.003735743,0.003735804,0.00375197,0.003780788,0.003779933,0.00377651,0.003775471,0.003794601,0.003824825,0.003835063,0.003823328,0.003824825,0.003840991,0.003816085,0.003861619,0.003846584,0.003861191,0.003869107,0.003866234,0.003864859,0.00387855,0.003886923,0.003890743,0.003905045,0.003916199,0.003895052,0.003923014,0.003912043,0.003953177,0.003971574,0.003966012,0.003999353,0.003997886,0.004040273,0.004089413,0.004132992,0.004152153,0.004223144,0.004257615,0.004340097,0.004406015,0.004474958,0.004482262,0.00455368,0.004581612,0.004647347,0.004712134,0.004728117,0.004836696,0.00490567,0.00500117,0.005073689,0.005157698,0.005275232,0.005359761,0.005465865,0.005525518,0.005617595,0.005664902,0.005763091,0.005826045,0.005879617,0.005949721,0.00596549,0.005988104,0.006002101,0.006023432,0.005960753,0.005916136,0.005859661,0.00579686,0.005623188,0.005505349,0.005307931,0.005104799,0.004858211,0.004636804,0.004374966,0.004048219,0.003787206,0.003493647,0.003238043,0.002966457,0.002717454,0.002469704,0.002265991,0.002047915,0.001867153,0.001686269,0.001551805,0.001436777,0.001341552,0.001251675,0.001181724,0.001120879,0.001038672,0.000979386,0.000916035,0.000878813,0.000834929,0.000799418,0.000755748,0.000746672,0.000705691,0.000687385,0.000676934,0.000655817,0.000632683,0.000627427,0.000600167,0.00058669,0.000584398,0.000565787,0.000550599,0.000528749,0.000542501,0.000513683,0.000511238,0.000507265,0.000500725,0.000490915,0.000494674,0.000483245,0.000485292,0.000466987,0.000464512,0.000453113,0.000451676,0.000451157,0.000445534,0.000444281,0.00043496,0.000441408,0.000430926,0.00043389,0.000427198,0.000430162,0.000421391,0.000426312,0.000416043,0.00041583,0.000417724,0.000419252,0.000416227,0.000413843,0.000402505,0.000411032,0.000409809,0.00040275,0.000406356,0.00040058,0.000394163,0.000397646,0.000391748,0.000396699,0.000385086,0.000389242,0.000383436,0.000380472,0.000373412,0.000375582,0.000375276,0.000370479,0.000369653,0.000362869,0.000359202,0.000356024,0.000358957,0.000339185,0.000346092,0.000328703,0.000334021,0.000331484,0.000321155,0.000315134,0.000304744,0.000311773,0.000306364,0.000300955,0.000290167,0.000288547,0.000282191,0.000273176,0.000274826,0.000262785,0.00025267,0.000261899,0.000258079,0.000250378,0.00024885,0.000247994,0.000243807,0.000245366,0.000228619,0.000222507,0.000225869,0.000219818,0.000216609,0.000210894,0.000221713,0.000206524,0.000204996,0.000208511,0.000208847,0.000206402,0.00020249,0.000198181,0.000196195,0.000196226,0.000189655,0.000188616,0.000188188,0.000186049,0.000186355,0.000182779,0.000180182,0.000182688,0.000183054,0.000190297,0.000182412,0.00016753,0.000175689,0.00017737,0.000172175,0.000169119,0.000165116,0.000166857,0.000158331,0.000170861,0.000159462,0.000166582,0.000169913,0.000162915,0.000159431,0.0001899,0.00017138,0.000159065,0.000172419,0.000170372,0.000176362,0.000192558,0.000162671,0.000156192,0.000153961,0.000164229,0.000161998,0.000152005,0.000163129,0.000141859,0.000141004,0.000142593,0.000153808,0.000136022,0.000137917,0.000150508,0.00013807,0.00013373,0.000130247,0.000126365,0.00012441,0.000125265,0.000118206,0.000122026,0.000119581,0.000121995,0.000116861,0.000111911,0.00011185,0.000107327,0.000104546,9.89E-05,0.000109619,9.33E-05,9.11E-05,8.90E-05,8.67E-05,8.89E-05,9.32E-05,8.77E-05,8.32E-05,9.09E-05,8.66E-05,8.08E-05,7.71E-05,7.70E-05,7.29E-05,7.10E-05
,HNGK058,#N/A,7.50E-05,7.21E-05,7.93E-05,7.80E-05,7.81E-05,8.02E-05,8.83E-05,8.84E-05,8.63E-05,9.29E-05,9.01E-05,9.56E-05,0.000100948,0.000102987,9.71E-05,0.000102327,0.000104666,0.00011375,0.000117408,0.000109463,0.000121995,0.000121276,0.000120226,0.000120076,0.000121875,0.000119956,0.000124124,0.000126073,0.000134557,0.000134408,0.000128321,0.000133448,0.000136506,0.000135727,0.000138365,0.000139235,0.000134767,0.000140734,0.000143492,0.000149308,0.000154105,0.000149968,0.000148229,0.000144331,0.000150088,0.000148439,0.00014688,0.000148709,0.000145321,0.000154076,0.000158093,0.000152606,0.000149848,0.000159112,0.000151467,0.000153656,0.000160162,0.000156564,0.000165169,0.000169576,0.00017992,0.000169936,0.000169786,0.000161631,0.000161241,0.000166398,0.000168976,0.000172034,0.0001786,0.000171375,0.000173803,0.000180279,0.00017881,0.00017947,0.000181329,0.0001789,0.00017971,0.00017902,0.000192452,0.000191253,0.000189814,0.000193861,0.000193082,0.000198658,0.000204714,0.000207443,0.000208462,0.000207713,0.000217097,0.000220425,0.000216677,0.000223963,0.000226451,0.000225971,0.000238264,0.000241292,0.000247948,0.000254904,0.000248997,0.000256673,0.000256912,0.000255473,0.000268096,0.000263958,0.000280208,0.000281557,0.000282097,0.000285935,0.000287943,0.000301345,0.000298677,0.000303444,0.000318435,0.000306502,0.000312948,0.000327069,0.000329978,0.000336753,0.000349646,0.000354802,0.000361638,0.000347187,0.000357411,0.000352464,0.000367275,0.000373181,0.000381036,0.000384604,0.000379058,0.00037561,0.000387692,0.000389941,0.000397076,0.000405351,0.000389011,0.000404722,0.000400914,0.000410808,0.000408619,0.000398755,0.000408979,0.000408649,0.000394828,0.000409129,0.000411018,0.000416085,0.00040844,0.000419323,0.000419443,0.000424,0.000419143,0.000425139,0.000428557,0.000429217,0.000426458,0.000431016,0.000435603,0.000439111,0.000448495,0.000448105,0.000449964,0.000459948,0.000460877,0.000466634,0.000481085,0.000483843,0.000496675,0.000500213,0.000512176,0.000510107,0.000527407,0.000533853,0.000539069,0.000553041,0.000574688,0.000583922,0.000580684,0.000601551,0.000626016,0.000630094,0.000655878,0.000677375,0.000702289,0.000715751,0.000739646,0.000770168,0.000813881,0.000829651,0.000875883,0.000924633,0.000967327,0.001021713,0.001084135,0.001142239,0.001213566,0.001313135,0.001410245,0.001533559,0.001652137,0.001822852,0.001998484,0.00216815,0.002354096,0.002598147,0.002847744,0.003118567,0.003378478,0.003677395,0.003976461,0.004250823,0.004518019,0.004803504,0.005037271,0.005221238,0.005420106,0.005558621,0.005699834,0.005791608,0.005805699,0.005859457,0.005884431,0.005862125,0.005814844,0.005810736,0.005750743,0.005699025,0.005640021,0.005558891,0.0054786,0.005407514,0.005311932,0.005226335,0.005139568,0.005065693,0.004965225,0.004921572,0.00481091,0.004790432,0.004668797,0.004653986,0.004586977,0.004515111,0.004484949,0.00440295,0.004350962,0.004295376,0.004227317,0.004185433,0.004128048,0.004063498,0.004033636,0.00397853,0.00396186,0.003931819,0.003905795,0.003898539,0.003883878,0.00386379,0.003884867,0.00388136,0.003874074,0.003876563,0.003871825,0.003843943,0.003873804,0.00384793,0.003840555,0.003837976,0.003821996,0.003810363,0.003804307,0.003798341,0.0037993,0.003769588,0.003775614,0.003778763,0.003751449,0.003758105,0.003746862,0.003760384,0.003734929,0.003736518,0.0037343,0.003754837,0.003739277,0.003736548,0.00373376,0.003731871,0.003725665,0.00375028,0.003743204,0.003765391,0.003712653,0.003716041,0.003713103,0.003722307,0.003713103,0.003739097,0.003703779,0.003730102,0.003725815,0.003738617,0.003715262,0.003778073,0.003722967,0.003719369,0.003726415,0.003719339,0.003706057,0.003736668,0.003727404,0.003730702,0.003721857,0.003732381,0.003736339,0.003740236,0.003727014,0.003759095,0.003729173,0.00374998,0.00375019,0.003758645,0.003780861,0.003790785,0.003804907,0.003778643,0.003793454,0.003792464,0.003853177,0.003822716,0.003832819,0.003858094,0.003836657,0.003837197,0.003837467,0.003849099,0.003869127,0.003902767,0.003895061,0.003899259,0.003889515,0.003922854,0.003908583,0.003946989,0.003938655,0.003968366,0.004005783,0.004003775,0.004104423,0.004137942,0.004177518,0.004213766,0.004273579,0.004342117,0.004389608,0.004476225,0.004507496,0.004578252,0.004610273,0.004670536,0.004732418,0.004780358,0.004868954,0.004926009,0.004999974,0.005107458,0.005191346,0.005303867,0.005391953,0.005502645,0.00556087,0.005664996,0.005730116,0.005830404,0.005860086,0.005920709,0.005980192,0.005980612,0.006069418,0.006056766,0.006112471,0.006009784,0.005948322,0.005894025,0.005803631,0.005700254,0.005537784,0.005343263,0.005144575,0.00489225,0.004668377,0.004421029,0.004093899,0.00379909,0.003527247,0.003275641,0.002993664,0.002729076,0.002475762,0.002288946,0.002062435,0.001893789,0.001716537,0.001578442,0.001442955,0.001351721,0.001266243,0.00119045,0.001129467,0.001039253,0.000984896,0.000916868,0.000894711,0.000827223,0.000792174,0.000761503,0.000735029,0.00071713,0.000700311,0.000663883,0.000653,0.000634141,0.000624877,0.00060299,0.000580714,0.00057028,0.000568961,0.000552861,0.000536191,0.000528576,0.000509927,0.000511786,0.000508608,0.000496226,0.000493467,0.000487111,0.000480905,0.000471881,0.000459738,0.000458089,0.000450204,0.000448405,0.00044097,0.000442978,0.000442469,0.000433864,0.000431525,0.000434224,0.000428887,0.000417014,0.000426698,0.000421751,0.000417824,0.00040715,0.000416894,0.000406161,0.000415335,0.000412637,0.00040727,0.00040748,0.000406671,0.00040727,0.000400824,0.000410029,0.000400015,0.000393898,0.000389371,0.000388832,0.000386643,0.000384754,0.000381066,0.000381786,0.000383105,0.000373871,0.000376839,0.000372342,0.000370123,0.000368654,0.000354772,0.000353993,0.000349016,0.000362807,0.000335104,0.000350095,0.000334475,0.000329918,0.000324791,0.000315437,0.00030965,0.000305752,0.000303264,0.000302724,0.000298887,0.000285755,0.000289592,0.000280388,0.000269205,0.000268485,0.000262159,0.000253255,0.000251606,0.000252265,0.000247288,0.000246959,0.000243031,0.000235506,0.000233617,0.000226751,0.000222643,0.000226931,0.000214908,0.00021224,0.00021149,0.000214399,0.000208372,0.000199468,0.000203185,0.000206933,0.000203185,0.000202736,0.00019542,0.000199917,0.000192002,0.000193411,0.000188764,0.000182708,0.000185106,0.000185136,0.000180849,0.000184237,0.00017881,0.000181719,0.000187745,0.000182408,0.000174973,0.000177551,0.000173024,0.000171555,0.00017926,0.000165708,0.000166458,0.00016349,0.000165828,0.000161001,0.00016355,0.000166308,0.000161901,0.000160042,0.000182918,0.000166158,0.000161841,0.000166728,0.000164749,0.000173953,0.00017872,0.000157164,0.000157703,0.000148049,0.000161961,0.000158423,0.000149938,0.000151287,0.000141963,0.000141063,0.000138545,0.000151887,0.000134378,0.000140524,0.000149308,0.000135217,0.000131529,0.000125593,0.000124873,0.000119087,0.000123374,0.000110932,0.000120946,0.000118128,0.000122865,0.000112911,0.000110632,0.000109493,0.000107394,0.000104996,0.000104006,0.000104846,9.15E-05,9.06E-05,9.28E-05,8.90E-05,9.19E-05,9.70E-05,8.65E-05,8.43E-05,8.90E-05,8.49E-05,8.52E-05,7.51E-05,7.71E-05,7.47E-05,7.05E-05
,HNGK059,#N/A,7.43E-05,7.30E-05,7.81E-05,7.40E-05,7.97E-05,8.07E-05,8.65E-05,8.58E-05,8.50E-05,9.13E-05,9.13E-05,9.42E-05,9.61E-05,0.000105559,9.54E-05,9.92E-05,0.000100842,0.000111063,0.000114516,0.000108157,0.000110379,0.00011079,0.000117148,0.000115883,0.000117729,0.0001179,0.000117148,0.000121216,0.000123643,0.00013212,0.000125078,0.000130548,0.000128052,0.00013089,0.000131813,0.000134718,0.000130172,0.000134103,0.000133795,0.000139606,0.00014699,0.000146683,0.000141828,0.000142034,0.000148973,0.000147298,0.000149896,0.000143435,0.000143196,0.000155297,0.000158818,0.000150887,0.000147742,0.000150956,0.000147264,0.000146546,0.000157758,0.000151058,0.000162407,0.000170372,0.000170748,0.000164048,0.00016292,0.00016039,0.0001581,0.000157143,0.000165244,0.000168697,0.000172184,0.000170064,0.000170611,0.000175363,0.000177311,0.00017755,0.00017485,0.000179704,0.000178713,0.000178781,0.00018449,0.000194779,0.000191737,0.000196625,0.000191292,0.000198744,0.000202641,0.000208487,0.000208487,0.000207598,0.000218229,0.000219665,0.0002184,0.000218571,0.000225203,0.000223459,0.000236449,0.000242978,0.000249165,0.00024438,0.000247661,0.000253951,0.000247525,0.000253473,0.000264172,0.000263215,0.000274291,0.000286973,0.00027723,0.000288032,0.000292852,0.000299279,0.000305774,0.000305124,0.000316439,0.000314764,0.00032037,0.000326113,0.000327104,0.000333531,0.0003457,0.000344504,0.000354417,0.00035011,0.000362724,0.000352674,0.00036898,0.000366108,0.000372911,0.000385285,0.00038214,0.000387541,0.0003899,0.000389968,0.000400018,0.000400087,0.000397728,0.000399847,0.000396087,0.000406377,0.000402001,0.000404838,0.000411504,0.000408872,0.00040959,0.000409453,0.000407163,0.000418512,0.000411402,0.000430886,0.000426374,0.000433177,0.000425417,0.000427673,0.000434647,0.000422067,0.000440321,0.000438236,0.000446372,0.000441449,0.000450439,0.000455738,0.000465822,0.00046948,0.00047283,0.000475975,0.000478026,0.000491631,0.000497989,0.000507937,0.000518363,0.000510398,0.000536241,0.000541505,0.000548786,0.000562425,0.000579073,0.000587585,0.000593772,0.000608676,0.000633118,0.000637561,0.000664054,0.000677488,0.000698477,0.000730336,0.000745104,0.000777578,0.000807421,0.000833537,0.000883445,0.000925936,0.000974477,0.001034572,0.001083386,0.001151514,0.001230034,0.001309033,0.001414661,0.001524459,0.001675244,0.001822302,0.002003579,0.002176822,0.002374883,0.002601248,0.002845662,0.003104399,0.00338139,0.003646416,0.003922826,0.004235745,0.004478586,0.004730076,0.004949809,0.005120557,0.005317182,0.00547036,0.005577594,0.005669788,0.005682401,0.005725302,0.005742257,0.005710706,0.005729336,0.005673206,0.005645586,0.005598754,0.00552061,0.005491007,0.00539413,0.005343572,0.005268778,0.00516944,0.005082408,0.005012365,0.004936546,0.004865956,0.004781215,0.004735921,0.004643181,0.004618979,0.00453369,0.004508736,0.004439411,0.00439757,0.004349884,0.00427068,0.004254956,0.004184332,0.004139415,0.004099249,0.004056177,0.004012661,0.003979742,0.0039727,0.00394091,0.003913939,0.003898419,0.003912264,0.003908264,0.003927065,0.003938756,0.003927475,0.003891104,0.003943815,0.003912571,0.003901393,0.00388119,0.003876371,0.003888335,0.00385504,0.003875858,0.003846904,0.003832205,0.003831043,0.003818908,0.003843486,0.00383494,0.003832581,0.003809576,0.003831863,0.003823693,0.003811182,0.003790638,0.003800278,0.003770127,0.003777716,0.003785476,0.003793304,0.003787732,0.003817951,0.003772725,0.00376835,0.003766538,0.00376729,0.003789236,0.00379597,0.003763496,0.003790569,0.003771905,0.003771802,0.003787459,0.003788347,0.003789612,0.003828513,0.003772315,0.003802465,0.003809165,0.003765376,0.003770503,0.003798295,0.003778126,0.003775084,0.003777033,0.003791458,0.003784997,0.003789578,0.003776178,0.003791971,0.003797748,0.003802329,0.00380602,0.003836615,0.003827249,0.003834325,0.003872029,0.003846562,0.003868508,0.003846938,0.003888506,0.003878627,0.003907717,0.003876507,0.003904401,0.003905905,0.003914349,0.003926997,0.003924638,0.003942653,0.003948738,0.00396183,0.003940807,0.003959676,0.003972359,0.004006098,0.00398969,0.003995091,0.004026813,0.004037239,0.004122596,0.004133877,0.004193835,0.004263741,0.004294506,0.004337475,0.004385367,0.004457495,0.004488533,0.004541382,0.004598127,0.004651727,0.004718214,0.0047525,0.004794615,0.00485577,0.004945365,0.005026791,0.005144759,0.005223963,0.005332531,0.005419152,0.005478051,0.00553189,0.00562111,0.005712312,0.005731763,0.005784064,0.005846449,0.005856739,0.005898511,0.005922235,0.005962879,0.005909826,0.005832468,0.005819683,0.005695767,0.005604326,0.005415905,0.005295817,0.005094646,0.004849993,0.004611492,0.00435884,0.004071868,0.003799252,0.00351604,0.003256995,0.003004479,0.002735898,0.002496133,0.002294038,0.002104489,0.001890157,0.001738484,0.0015931,0.00145992,0.001339115,0.00126374,0.001187168,0.001132816,0.00104992,0.00099403,0.000939507,0.000904332,0.000857944,0.000803353,0.000767699,0.000756794,0.000721107,0.000692016,0.000679095,0.000655508,0.000636023,0.000630075,0.000614111,0.000587927,0.000588029,0.000570732,0.000554016,0.000537608,0.000541676,0.000514739,0.000521918,0.000516551,0.000501886,0.000493477,0.000490024,0.000483085,0.000475359,0.000465241,0.000475496,0.00046172,0.000465515,0.00045232,0.000445073,0.000455225,0.000432425,0.000444833,0.000432322,0.00043222,0.000424426,0.000426989,0.000420153,0.000419503,0.000423845,0.000413863,0.000418854,0.000426955,0.000414376,0.000416837,0.00040559,0.000410786,0.000407676,0.00040665,0.000403095,0.000400805,0.000399437,0.000390344,0.000389968,0.000389592,0.00039619,0.000383473,0.000382106,0.000381354,0.000383747,0.000381935,0.000377799,0.000369937,0.000360536,0.000367886,0.000362416,0.000347307,0.000361972,0.000337941,0.000337667,0.000324746,0.00033148,0.000319276,0.000318969,0.00030427,0.00030468,0.000301877,0.000300646,0.000299108,0.000286186,0.000290596,0.00027535,0.000267146,0.000268343,0.000263078,0.000252994,0.00025737,0.000260207,0.000245986,0.000250601,0.000246944,0.000245439,0.000240414,0.000231629,0.000224006,0.000222058,0.000220109,0.000211837,0.000210914,0.000216315,0.000209683,0.000199394,0.000216793,0.000202983,0.000212999,0.000199975,0.000196078,0.0001956,0.000195702,0.000187259,0.000182575,0.000181721,0.000183669,0.000179294,0.000176798,0.000181037,0.000179636,0.000183977,0.00019078,0.000182815,0.000171466,0.000169483,0.000166919,0.000167056,0.00016733,0.000160322,0.000164321,0.000157758,0.000165655,0.00015728,0.000163296,0.000157382,0.000155741,0.000150306,0.000178132,0.00016398,0.00015369,0.000164629,0.000158168,0.000166236,0.000178234,0.000161347,0.000152596,0.000154716,0.00016562,0.000152699,0.000147503,0.000153143,0.000133761,0.000136188,0.000134992,0.000149349,0.000131266,0.000131334,0.000144495,0.000129932,0.000131266,0.000128634,0.000120942,0.000116703,0.000121421,0.000115815,0.000119438,0.000111542,0.000119438,0.000110174,0.000110755,0.000108465,0.000104397,0.000101765,0.000103474,0.000104124,9.24E-05,9.25E-05,9.08E-05,8.87E-05,9.36E-05,9.61E-05,9.02E-05,8.29E-05,9.15E-05,8.69E-05,7.98E-05,7.48E-05,7.46E-05,7.50E-05,7.09E-05
,HNGK060,#N/A,7.12E-05,7.15E-05,8.17E-05,7.64E-05,7.62E-05,8.23E-05,8.56E-05,8.76E-05,8.78E-05,9.28E-05,9.30E-05,9.30E-05,9.78E-05,0.000102032,9.51E-05,0.000100493,0.000103686,0.000116197,0.000115384,0.000107663,0.000116952,0.000117591,0.000118548,0.000115239,0.000119158,0.000117126,0.000125776,0.000124818,0.000131756,0.000132656,0.00012717,0.000135123,0.000135384,0.000136226,0.000141132,0.000140203,0.000135297,0.000138839,0.0001409,0.000146386,0.000155268,0.000154252,0.000150043,0.000148998,0.000154891,0.000149695,0.00014775,0.000152917,0.00015045,0.000157765,0.000163193,0.000155065,0.00015283,0.000155965,0.000158577,0.000154426,0.000162525,0.000158026,0.000164905,0.000175675,0.000179158,0.000174397,0.000166038,0.000161945,0.000165718,0.000165892,0.000173352,0.000168998,0.000179245,0.000176458,0.000171321,0.000172191,0.000179535,0.000178171,0.00018029,0.000181219,0.000183019,0.000184354,0.000188592,0.000190653,0.000189753,0.000195007,0.000193323,0.000198752,0.00020029,0.000209143,0.000216081,0.000206821,0.000216952,0.000225863,0.00021881,0.000223483,0.000227315,0.00023222,0.000238635,0.000243338,0.00025132,0.000250827,0.000251437,0.000261074,0.000255558,0.000261712,0.000268214,0.000266328,0.000277416,0.000282525,0.000288272,0.000288969,0.000289056,0.000297648,0.000302583,0.00030894,0.000323018,0.000315791,0.000318258,0.000327547,0.000339593,0.000334978,0.000355645,0.000356603,0.00035791,0.000355384,0.000363222,0.000365195,0.000367198,0.000371436,0.000377213,0.000389085,0.000382351,0.000388737,0.000396748,0.000393759,0.000395936,0.000401654,0.000393294,0.000398461,0.000396719,0.000404267,0.000408592,0.000408505,0.000412162,0.000413207,0.000406124,0.000409695,0.000415471,0.000418374,0.000409753,0.000424528,0.000424208,0.000426531,0.000419564,0.000424528,0.000427634,0.000430449,0.000441915,0.000437445,0.000436574,0.000439071,0.000439941,0.000450014,0.000459738,0.000455936,0.000461073,0.000467169,0.000474716,0.000486037,0.000494339,0.000503308,0.000511465,0.000505398,0.000520754,0.000526705,0.000532946,0.000545863,0.000565602,0.000584295,0.000585718,0.000597764,0.000618693,0.000624353,0.000655035,0.000673874,0.000703395,0.000712597,0.00074116,0.000766095,0.000800899,0.000817793,0.000876051,0.000912219,0.000973497,0.001020724,0.00106862,0.001139244,0.00121129,0.001295412,0.001402553,0.001520869,0.001658227,0.001805455,0.001964671,0.002144729,0.00235126,0.002568037,0.002822406,0.003084931,0.003370155,0.003649052,0.003926729,0.004230967,0.004494363,0.004746699,0.005017032,0.005211111,0.005374681,0.005552794,0.005699354,0.005776045,0.005805449,0.005839557,0.005836306,0.005859905,0.005820341,0.005781473,0.005750413,0.005679441,0.005639209,0.005549078,0.005452794,0.005369572,0.005320864,0.005219674,0.00514786,0.005073549,0.004982867,0.004887076,0.004823506,0.004755814,0.004681706,0.004635698,0.004539907,0.004509689,0.004456888,0.004402258,0.004343216,0.004272099,0.004229719,0.004155002,0.004116627,0.00406879,0.004048964,0.00398072,0.003938456,0.003918253,0.00390194,0.003882172,0.003900982,0.003876947,0.003876744,0.003896889,0.003895583,0.003872099,0.003864001,0.003862549,0.003855496,0.003855205,0.003851925,0.003851083,0.00385924,0.0038458,0.003813551,0.003820169,0.003820634,0.003796976,0.003800488,0.003793348,0.003775234,0.003772361,0.003760547,0.003764523,0.003773696,0.003758515,0.003760227,0.003781824,0.003748355,0.003772506,0.003745249,0.003743246,0.003744814,0.003758834,0.00372821,0.003750735,0.00373088,0.00376104,0.003724233,0.003740547,0.00372403,0.003749284,0.003760953,0.003757295,0.003763565,0.003745713,0.003753754,0.003806352,0.003726555,0.003750764,0.003765975,0.003728007,0.003748906,0.003751025,0.003752012,0.003755118,0.003733609,0.00375776,0.003749632,0.003732361,0.003736018,0.003778486,0.003761504,0.003769574,0.003776686,0.003777586,0.003794189,0.003805365,0.003821969,0.003813202,0.003831548,0.003836192,0.003842898,0.003846845,0.003864001,0.00386821,0.003875699,0.003867397,0.003874596,0.003871432,0.003861243,0.003903246,0.003896453,0.0039067,0.003909574,0.003916453,0.003922927,0.003957731,0.003957469,0.003979762,0.004001794,0.004038804,0.00407924,0.00410969,0.004169864,0.004195524,0.004272157,0.004327135,0.004405132,0.004446351,0.004479355,0.00455532,0.004589457,0.004646032,0.00470728,0.004777904,0.004845509,0.00490368,0.005006292,0.00509979,0.005164783,0.00530487,0.005390965,0.005446292,0.005558019,0.005635406,0.00572423,0.0058096,0.005849368,0.005909978,0.005953113,0.005978163,0.006041588,0.006040543,0.006059063,0.006026233,0.005952155,0.005900834,0.005758976,0.005685566,0.005517961,0.005325073,0.005109892,0.004877439,0.004638252,0.004366148,0.004064058,0.003791577,0.003493435,0.003241244,0.002967775,0.002712188,0.00245872,0.002255701,0.002045513,0.001874627,0.001703075,0.001548126,0.001435441,0.001333351,0.001240143,0.001169578,0.001099824,0.001033758,0.000978751,0.00091788,0.000871407,0.00083132,0.000788098,0.000762263,0.000745543,0.000703511,0.00067489,0.00066296,0.000649172,0.000630884,0.000608214,0.000600493,0.000588156,0.000571349,0.000555761,0.00055013,0.000531552,0.000529985,0.00050804,0.000513845,0.00051074,0.000500638,0.000494223,0.00049013,0.000477996,0.000471523,0.000464295,0.000464731,0.000446037,0.000459041,0.000448446,0.00044566,0.000448708,0.000440609,0.000443686,0.00043222,0.000431117,0.000428621,0.000423599,0.000421567,0.00041968,0.000410682,0.0004173,0.000419216,0.000415703,0.000417097,0.000415645,0.000405457,0.000408243,0.000411407,0.000403976,0.000403686,0.000404557,0.000399448,0.000403715,0.000389491,0.000398577,0.000383599,0.000389462,0.000385834,0.00038685,0.000380145,0.000379709,0.000374891,0.00037164,0.000368708,0.000367402,0.00036209,0.000353236,0.000360551,0.000345805,0.000346299,0.000330653,0.000331291,0.00032894,0.000323367,0.000310624,0.000311291,0.000309782,0.000306008,0.000297968,0.000292394,0.000287489,0.000289898,0.000281886,0.000274223,0.000261683,0.000258519,0.000256661,0.000256807,0.000253527,0.000252627,0.000247489,0.00024119,0.000240841,0.000228998,0.000225312,0.000229927,0.000215994,0.000218635,0.000211669,0.000214368,0.000206212,0.000205805,0.000211291,0.000202932,0.000204441,0.000207547,0.000196894,0.000199622,0.000196458,0.000191146,0.000188853,0.000190566,0.000182206,0.000185428,0.00018566,0.000189985,0.000189927,0.000184847,0.000187605,0.000184702,0.000174775,0.000176691,0.000175036,0.000177561,0.0001764,0.000165979,0.00016836,0.000169782,0.000170072,0.000161451,0.000168824,0.000166357,0.000167895,0.000160319,0.000184615,0.000170508,0.000159622,0.000177184,0.000169608,0.000172278,0.000185283,0.000159129,0.000157097,0.000153643,0.000162235,0.000162844,0.000152046,0.000156255,0.000139245,0.000142554,0.000138839,0.000147199,0.000135965,0.00014029,0.000154833,0.000135791,0.000132104,0.000128621,0.000127634,0.000121858,0.000122177,0.00011762,0.000120377,0.000115355,0.000122641,0.000109869,0.000109666,0.000106647,0.000109231,0.000102554,0.000101771,0.000100493,9.66E-05,9.03E-05,8.91E-05,8.91E-05,9.38E-05,9.13E-05,8.79E-05,8.32E-05,8.94E-05,8.51E-05,8.03E-05,7.88E-05,7.26E-05,7.68E-05,7.02E-05
,HNGK061,#N/A,7.37E-05,6.96E-05,8.33E-05,7.33E-05,7.76E-05,8.22E-05,8.49E-05,8.54E-05,8.48E-05,9.59E-05,9.55E-05,9.31E-05,9.51E-05,0.000101516,9.53E-05,0.000101335,0.000102169,0.000108949,0.000112466,0.000106375,0.000111378,0.000111704,0.000116381,0.000117541,0.000117759,0.000118158,0.000114786,0.000120442,0.000127512,0.000127512,0.000125228,0.000128128,0.000130992,0.000134147,0.000135379,0.000133675,0.000130448,0.000137047,0.000137083,0.000140383,0.000151006,0.000143138,0.000149737,0.000142014,0.000143899,0.000143174,0.000146111,0.000143863,0.000145495,0.000154957,0.000154522,0.000151622,0.000148214,0.00015561,0.000150933,0.000152238,0.000159381,0.000151731,0.000159888,0.000167901,0.000168082,0.000170547,0.00016326,0.000157532,0.000156734,0.000161629,0.00017062,0.000167357,0.000174789,0.000169641,0.000174209,0.000174391,0.000175152,0.000178197,0.000184252,0.000173847,0.000177799,0.000182041,0.000185557,0.000191866,0.000188204,0.000192265,0.00019328,0.000198791,0.000201075,0.00020858,0.000210103,0.000210646,0.00021739,0.000221269,0.000217209,0.000220109,0.000230116,0.000227215,0.000234249,0.000238056,0.000248969,0.00024596,0.000243494,0.000256546,0.000254081,0.0002506,0.000269707,0.000268656,0.000278807,0.000285986,0.000279532,0.000285406,0.00028885,0.000301649,0.000297334,0.000310422,0.000312888,0.000314737,0.000319668,0.000324744,0.000331233,0.000331958,0.000344322,0.000343669,0.000360528,0.000361724,0.000347512,0.000362087,0.000364589,0.000363827,0.000374849,0.00038859,0.000381121,0.000381448,0.000384783,0.00038801,0.000400264,0.000400881,0.0003974,0.000401896,0.000396965,0.000404941,0.000410199,0.000412229,0.000411649,0.000407189,0.000406138,0.000417885,0.000415057,0.000423359,0.000414948,0.000421619,0.000420133,0.000431517,0.000423903,0.000422417,0.000440218,0.000430284,0.000433874,0.000443554,0.000444098,0.000443155,0.000450225,0.000460449,0.00045715,0.000465634,0.000467664,0.000468715,0.000481151,0.000495255,0.000497938,0.000508633,0.000522809,0.000511932,0.000530242,0.000536369,0.0005413,0.000555041,0.000581362,0.000581036,0.000590898,0.000612796,0.00062244,0.000631432,0.000660581,0.000684728,0.000703472,0.000724029,0.000747813,0.0007766,0.000806837,0.00084041,0.000888159,0.000917925,0.000976043,0.001039346,0.00107988,0.001141733,0.001215622,0.00131199,0.00141144,0.001527422,0.00167259,0.001822363,0.001989756,0.002160014,0.002348363,0.002594758,0.002833394,0.003094363,0.003385099,0.003661876,0.00393122,0.004173699,0.004440723,0.004699916,0.004932135,0.005098549,0.005284034,0.005444901,0.005578794,0.005668636,0.00571653,0.005739698,0.005721787,0.005745498,0.005700723,0.005681362,0.005650617,0.005587967,0.00553119,0.005471912,0.005371338,0.005310755,0.005232188,0.005148474,0.005101559,0.004998084,0.004923579,0.004855672,0.004797952,0.004720872,0.004632952,0.004621241,0.004572695,0.00452926,0.004442391,0.004415816,0.00438043,0.004298129,0.00425038,0.004192153,0.004177397,0.004093755,0.004062829,0.004015297,0.004013158,0.003960406,0.003940792,0.003919075,0.003955439,0.003925057,0.003928574,0.003969978,0.003933069,0.003947463,0.003919256,0.003931293,0.003909503,0.003929371,0.003909249,0.003927377,0.003896415,0.003891919,0.003871724,0.003883689,0.003875604,0.00385037,0.003833982,0.003850007,0.003816652,0.003832568,0.003820966,0.003829305,0.003799865,0.003813099,0.003794173,0.003822018,0.003787321,0.003781991,0.003781991,0.003794354,0.003785218,0.003816761,0.0037759,0.003804325,0.003783913,0.003803273,0.003786523,0.003802222,0.003806573,0.003767489,0.003778837,0.003781701,0.003792687,0.003805231,0.003801678,0.003851675,0.003782535,0.003766909,0.003784747,0.003778257,0.003785399,0.003802149,0.003804361,0.003804869,0.003791925,0.003808422,0.003764298,0.003798959,0.003816942,0.003803563,0.003832713,0.00381948,0.00381386,0.003817341,0.003838768,0.003884849,0.003886626,0.003854974,0.003858273,0.003853198,0.0039012,0.00389627,0.00391592,0.003906312,0.003898517,0.003921576,0.00392502,0.003931619,0.00392009,0.003963089,0.003945831,0.003951415,0.003972588,0.003945469,0.003964249,0.00402128,0.003996009,0.004025087,0.004046151,0.00407066,0.004125842,0.004161989,0.004185772,0.004255674,0.004295918,0.004368357,0.004411828,0.004455516,0.004503627,0.004542349,0.004589119,0.004644518,0.004709089,0.004725912,0.004789867,0.004866983,0.00496549,0.005042824,0.005125052,0.005212973,0.005296289,0.005402736,0.005441276,0.005535795,0.00560566,0.005684697,0.005746151,0.005818917,0.005829503,0.00586217,0.00588153,0.005884395,0.005916952,0.005849154,0.005832549,0.005774648,0.005662581,0.005553161,0.005408029,0.005241615,0.005030461,0.004805711,0.004598726,0.004306722,0.004040169,0.003795877,0.003505287,0.003237175,0.002971274,0.002728614,0.002465977,0.002279876,0.002067852,0.001874499,0.001716678,0.001573141,0.001456578,0.0013605,0.001268628,0.001191802,0.00112752,0.001052036,0.000985796,0.000923726,0.000904148,0.000846791,0.000806874,0.000782183,0.000753251,0.000709092,0.000696728,0.000682444,0.000656412,0.000638066,0.00061954,0.000608192,0.000589447,0.000583973,0.0005686,0.000558412,0.000540792,0.000542786,0.000523135,0.000524731,0.000511932,0.000508669,0.000495146,0.000496379,0.000480499,0.000488946,0.000469151,0.000467954,0.000453706,0.000450733,0.000457984,0.000450116,0.00044892,0.000447506,0.000446237,0.000443191,0.000433729,0.000433946,0.000430538,0.000430502,0.000424773,0.000422526,0.000416108,0.0004189,0.000412519,0.000419262,0.000413534,0.000405159,0.000405558,0.000408132,0.000408313,0.000409183,0.000402222,0.000394318,0.000391998,0.000389315,0.000392071,0.000386378,0.000384892,0.00038007,0.000386125,0.000379635,0.000377967,0.000371006,0.000363211,0.000362232,0.000365604,0.000352878,0.000349941,0.000355235,0.000340841,0.000345699,0.000329856,0.000329928,0.000327753,0.00031568,0.00031238,0.000305492,0.000301902,0.00030183,0.000296355,0.000288705,0.000281853,0.000281237,0.000276886,0.00026891,0.000261985,0.000255132,0.000259882,0.000250093,0.000253972,0.000248352,0.00024828,0.000244364,0.000237548,0.000226381,0.000226236,0.000225475,0.000213148,0.000212314,0.000208942,0.00021913,0.0002109,0.000205172,0.000211372,0.000206042,0.000203685,0.000204447,0.000193824,0.000198428,0.000190959,0.00018853,0.00018679,0.00018447,0.000184651,0.000177146,0.000177799,0.000181896,0.000179974,0.000176711,0.000187588,0.000179684,0.000173013,0.000168445,0.000167357,0.000170076,0.000163695,0.000156915,0.000162426,0.000160577,0.000163731,0.000152528,0.000157858,0.000155683,0.000154849,0.000153217,0.000172034,0.000161012,0.000154124,0.000158946,0.000156879,0.000164058,0.000171816,0.000153145,0.000148721,0.000149954,0.000156843,0.000150679,0.000142087,0.000152818,0.00013712,0.000137627,0.00013683,0.000146111,0.00013266,0.000129578,0.000147706,0.000138026,0.000133276,0.000128019,0.000119971,0.000117143,0.00011765,0.000115765,0.000115511,0.000114025,0.000118412,0.000110508,0.000108768,0.000109456,0.000105323,9.84E-05,9.59E-05,0.000103438,9.49E-05,9.27E-05,8.84E-05,8.78E-05,9.10E-05,8.91E-05,8.74E-05,8.52E-05,8.96E-05,8.35E-05,7.77E-05,7.55E-05,7.35E-05,7.49E-05,7.12E-05
,HNGK062,#N/A,7.66E-05,7.50E-05,8.54E-05,7.75E-05,8.21E-05,8.36E-05,8.95E-05,8.94E-05,8.88E-05,9.70E-05,9.58E-05,9.81E-05,0.000100378,0.000108205,0.000103199,0.000105138,0.000106971,0.000117513,0.000123225,0.000114234,0.000126997,0.000116949,0.000123013,0.000120439,0.000122696,0.000118042,0.00011984,0.000123119,0.000135917,0.000133908,0.000130276,0.000138562,0.000133308,0.000137821,0.000134613,0.000139443,0.000134437,0.000139902,0.000140924,0.000143604,0.000149033,0.000153511,0.000153123,0.000145507,0.000151184,0.00014794,0.000146354,0.000148081,0.000145402,0.000153335,0.000157495,0.000148399,0.000147729,0.000151325,0.000148645,0.000151008,0.00016504,0.000156472,0.000163982,0.000168777,0.000180589,0.000165534,0.000163841,0.000161409,0.000156614,0.000167367,0.00016571,0.00016638,0.000171986,0.000174489,0.000170858,0.000178544,0.000179707,0.000180201,0.000177063,0.000181964,0.000176781,0.000184396,0.000188169,0.00019173,0.000190602,0.000195502,0.000194268,0.000202624,0.000199169,0.00021091,0.000213272,0.000209817,0.000223074,0.000222968,0.000214824,0.000218067,0.000225295,0.000227093,0.000239997,0.000243382,0.000246626,0.000252761,0.000247542,0.000266687,0.0002486,0.000267569,0.000279168,0.000274444,0.000278146,0.000293166,0.000280861,0.000289005,0.000291191,0.00030741,0.000300358,0.000306845,0.000316471,0.000317493,0.000324827,0.00032807,0.000339811,0.000338119,0.000353138,0.000360225,0.000359062,0.000363821,0.000363539,0.000365091,0.000370979,0.000367559,0.000373764,0.000393473,0.000383143,0.000390194,0.000394213,0.000391146,0.000404085,0.00040673,0.000395976,0.000412371,0.000400983,0.00041089,0.000412159,0.000414733,0.000415509,0.000415579,0.000413817,0.000416214,0.000419528,0.000431093,0.000414663,0.000431622,0.00043074,0.000442058,0.000428237,0.000428378,0.000436593,0.000436099,0.000450343,0.00043617,0.000446853,0.000451119,0.000455702,0.000463177,0.000468607,0.000471004,0.000470934,0.00047185,0.00048613,0.000493992,0.000509752,0.000514194,0.000516451,0.000518637,0.000538875,0.000542083,0.000554282,0.000563414,0.000593242,0.000595322,0.00061087,0.000616088,0.000635339,0.000637736,0.000674545,0.000680081,0.000717277,0.000732649,0.000767872,0.000779366,0.000831053,0.000843111,0.000891167,0.000928081,0.000988901,0.001049684,0.001089067,0.00116279,0.001226641,0.001314468,0.00140931,0.00154276,0.001667007,0.001830249,0.002017889,0.002168614,0.00236662,0.00258779,0.002825037,0.003082417,0.003359716,0.003646571,0.003902857,0.004181003,0.004442261,0.004694739,0.004924089,0.005136832,0.005281317,0.005462575,0.00555696,0.005654693,0.005669501,0.005689915,0.00569873,0.00566795,0.005678739,0.005640167,0.005616932,0.005538414,0.005491451,0.005414943,0.005358637,0.005295385,0.005205302,0.005143813,0.005028415,0.004981735,0.004901559,0.004823746,0.004747872,0.004705457,0.004657155,0.004619923,0.004542603,0.00451207,0.004442754,0.004408061,0.004324501,0.004287762,0.004238543,0.004185269,0.004126283,0.004095363,0.004069343,0.004026258,0.003987686,0.003955038,0.003937092,0.003914034,0.003920733,0.003923483,0.00394298,0.003956977,0.003946153,0.003922566,0.003920521,0.003929582,0.003916502,0.003896193,0.00389704,0.003928348,0.003891398,0.003897181,0.003864744,0.003876449,0.003873593,0.003840416,0.00384782,0.003855929,0.003831002,0.00384775,0.003830156,0.003831073,0.003807556,0.003795392,0.00379645,0.00383816,0.003798848,0.003801739,0.003803361,0.00379162,0.003774802,0.003797508,0.00378612,0.003771206,0.003771312,0.003791091,0.003801175,0.003793171,0.003799976,0.003774555,0.003765036,0.003817181,0.003791444,0.003801316,0.003778645,0.003830685,0.00379162,0.003784604,0.003778998,0.003789716,0.003780725,0.003782876,0.003791761,0.003794828,0.003795921,0.003806357,0.003774308,0.003809813,0.003777235,0.003798848,0.003797649,0.003824656,0.003833365,0.003850641,0.003833893,0.003875074,0.00384916,0.003856987,0.00385667,0.003878847,0.00389503,0.003880856,0.003908992,0.003906453,0.003921684,0.003918617,0.003917454,0.003916678,0.003931733,0.003938961,0.003963147,0.003940512,0.003940865,0.003968083,0.003948727,0.003985254,0.004004963,0.004002812,0.004030806,0.004069096,0.00413404,0.004143665,0.00417649,0.004234982,0.004278596,0.00434428,0.004398612,0.004448572,0.004480198,0.00454084,0.004548562,0.004638891,0.004675347,0.004731971,0.004767369,0.004831185,0.004913476,0.00500236,0.005096709,0.005187744,0.00529958,0.005410571,0.005461482,0.005505307,0.005574271,0.005658254,0.005719778,0.005772241,0.005843603,0.005839019,0.005864863,0.005896982,0.005905268,0.005824846,0.005817159,0.005758033,0.005676306,0.00555837,0.005425908,0.00523312,0.005048054,0.004848567,0.004585935,0.004323901,0.004057531,0.003804171,0.003491332,0.00326431,0.002994978,0.00274183,0.002483781,0.002295964,0.002097359,0.001899318,0.001735371,0.001584822,0.001466427,0.001363793,0.00127854,0.001196567,0.001139379,0.001064422,0.000977407,0.000932594,0.00090393,0.000856297,0.000802812,0.000781516,0.000750243,0.000723518,0.000709979,0.000684735,0.000665026,0.000647644,0.000635621,0.00060396,0.000593488,0.000590174,0.000582206,0.000563484,0.000533374,0.000539545,0.000526676,0.000525442,0.000531647,0.000509576,0.000506226,0.000505027,0.000491947,0.000480559,0.000475658,0.000481546,0.00046427,0.000462154,0.000455209,0.000460321,0.000454891,0.000441317,0.000451859,0.000445055,0.000440647,0.000440929,0.000427778,0.000427955,0.000434618,0.000415297,0.000424323,0.000422772,0.00042115,0.000418188,0.000407364,0.000413147,0.000406765,0.000413958,0.000404791,0.000411772,0.0004123,0.000404544,0.000398197,0.000391111,0.000392027,0.000391428,0.000393508,0.000378665,0.000390229,0.000380745,0.000379158,0.000377924,0.00036368,0.000372248,0.000365866,0.000361953,0.000346722,0.000366078,0.000347074,0.000343972,0.000326836,0.00033625,0.000333817,0.000321618,0.000305294,0.00030681,0.000305506,0.000305788,0.000289181,0.000287806,0.000285585,0.000288653,0.00027596,0.000267287,0.000261892,0.0002602,0.000254453,0.00026161,0.000250081,0.000253501,0.00024585,0.000244863,0.000238517,0.000226317,0.000220112,0.000229632,0.000217997,0.000216022,0.000210698,0.000214154,0.000204705,0.000199628,0.000213519,0.000202942,0.000211615,0.000206609,0.000194797,0.000198676,0.000192329,0.000190214,0.000179249,0.000183198,0.000179954,0.000188804,0.000180024,0.000183797,0.000181188,0.000180906,0.000182281,0.000181294,0.000166979,0.000172691,0.000174278,0.000172973,0.000175653,0.00016363,0.000162184,0.000164476,0.000162784,0.000156296,0.00016303,0.000159857,0.000162572,0.000151677,0.00017798,0.000160668,0.000153546,0.000163947,0.000156931,0.000162255,0.000172127,0.000154815,0.000151149,0.000151431,0.000154392,0.000152383,0.000144203,0.000147306,0.000139196,0.000134155,0.000138844,0.000149068,0.000131616,0.000138139,0.000149386,0.000135001,0.000131722,0.000134366,0.000125552,0.000123648,0.000121603,0.000116314,0.000117337,0.000118394,0.000123683,0.000118183,0.000114763,0.000111272,0.000108875,0.000105067,0.000105667,0.000108135,9.40E-05,9.11E-05,9.35E-05,8.87E-05,9.49E-05,9.85E-05,9.00E-05,8.54E-05,9.55E-05,8.97E-05,8.48E-05,8.01E-05,7.74E-05,8.12E-05,7.25E-05
,HNGK063,#N/A,7.19E-05,7.32E-05,8.02E-05,7.46E-05,7.37E-05,7.59E-05,8.35E-05,8.50E-05,8.04E-05,9.45E-05,9.51E-05,9.24E-05,9.38E-05,9.99E-05,9.37E-05,0.000101184,0.00010272,0.000108587,0.000115068,0.000111843,0.000112918,0.000116359,0.000115191,0.000116819,0.000114608,0.000110768,0.000113625,0.000121796,0.000122256,0.00012671,0.000123454,0.000126065,0.000129106,0.000132977,0.000133315,0.000139305,0.000132885,0.000134544,0.000138844,0.000138905,0.000148766,0.000142868,0.000142653,0.000140073,0.000147107,0.000145633,0.000147752,0.000147629,0.000145479,0.000154234,0.000154694,0.000155462,0.00014382,0.00015024,0.000150025,0.00014809,0.000160131,0.000158288,0.00016308,0.00016308,0.000172449,0.000166398,0.000163572,0.000157459,0.000152974,0.000161759,0.00016434,0.000165046,0.00017205,0.000167196,0.00016606,0.000172787,0.0001695,0.000173033,0.000177333,0.000177917,0.000176842,0.000179084,0.000185043,0.000187132,0.000187962,0.000198129,0.000191586,0.000200433,0.000196778,0.000206669,0.000206822,0.00020716,0.000216007,0.00021616,0.000219294,0.000220338,0.000223932,0.000223379,0.000235666,0.000239137,0.000247062,0.000246233,0.000250964,0.000253912,0.000249336,0.000256032,0.000267797,0.000269701,0.000273572,0.000279654,0.000279531,0.00028721,0.00028589,0.000294306,0.000296149,0.000301617,0.000310832,0.000304842,0.000318143,0.000323488,0.000325024,0.00033172,0.000351103,0.000348247,0.000350335,0.000352363,0.000352271,0.000351257,0.000363851,0.00036723,0.000368858,0.000384155,0.00038348,0.000379026,0.000387995,0.000390729,0.000397149,0.000397272,0.000393432,0.000397088,0.000395091,0.000404276,0.000408853,0.000401726,0.000410696,0.000401388,0.000409989,0.000406549,0.000411648,0.000411832,0.00040489,0.000413522,0.000420249,0.000428082,0.000419297,0.000417453,0.000426054,0.000426208,0.000432659,0.000430816,0.000437021,0.000440123,0.000444516,0.000454714,0.000457755,0.000457663,0.000463653,0.000465435,0.000476216,0.00048365,0.000495999,0.000511419,0.000510958,0.000509545,0.000524843,0.000532092,0.000537406,0.000548188,0.000573499,0.000581547,0.000584527,0.000605354,0.00062661,0.000634351,0.00065226,0.000674376,0.000699565,0.000718303,0.000750188,0.000771628,0.000811592,0.000830883,0.000881598,0.00093646,0.000973997,0.001042528,0.001094072,0.001153879,0.001228493,0.001318096,0.001404444,0.001535455,0.001682224,0.001826167,0.002009244,0.002184489,0.00238354,0.002623752,0.002863903,0.003128321,0.003422074,0.003703172,0.003977942,0.004257565,0.004519372,0.00476499,0.00500336,0.005211042,0.005405608,0.005580944,0.005681606,0.005741199,0.00578193,0.00582899,0.005824198,0.00582899,0.005812064,0.005752656,0.005729004,0.005633011,0.005586044,0.00552212,0.005441517,0.005364047,0.005288235,0.005195007,0.005113728,0.005064181,0.004961246,0.004864638,0.004827839,0.00476327,0.004662025,0.004643963,0.004587288,0.004517621,0.004473234,0.004406023,0.004346216,0.004280449,0.004227431,0.004180371,0.004149561,0.004072644,0.004024602,0.004022666,0.003953367,0.003954504,0.003916783,0.003897246,0.003900932,0.0038743,0.003869324,0.003897707,0.003901332,0.003886618,0.003864778,0.003863487,0.003861982,0.003873102,0.003865545,0.003834336,0.003850187,0.003838022,0.003835749,0.003837777,0.003805554,0.003798089,0.003789304,0.003818701,0.003785526,0.003791731,0.003756928,0.003783652,0.003757173,0.003752228,0.003743596,0.003769307,0.003720435,0.003763716,0.003752044,0.00374805,0.003756405,0.003751214,0.003752105,0.003753856,0.003735026,0.003717118,0.003744948,0.003741323,0.003725319,0.00374034,0.003737975,0.003744426,0.003750477,0.003767802,0.003762764,0.003766757,0.003727039,0.003744149,0.003747221,0.00373521,0.003757542,0.003750262,0.003763409,0.00373518,0.003732231,0.003735671,0.003753733,0.003761382,0.003740187,0.003785864,0.003752719,0.003779137,0.003779782,0.003786232,0.003817288,0.003811421,0.003828592,0.003811267,0.003828162,0.003813571,0.00385163,0.003848866,0.003875744,0.003844197,0.003882502,0.00387774,0.003878815,0.003882072,0.003887693,0.003902161,0.003906646,0.003906584,0.00392738,0.003921022,0.00395177,0.003963074,0.003958129,0.003979447,0.003988539,0.004049391,0.004074026,0.004117216,0.00416062,0.004207249,0.004285702,0.004311106,0.004395733,0.004466936,0.004498514,0.004560103,0.004623351,0.004664943,0.004706227,0.004748157,0.004833798,0.004908135,0.00501749,0.005072382,0.00518699,0.00527945,0.005359623,0.005476351,0.0055251,0.005633226,0.00568649,0.005774589,0.005830249,0.00585811,0.005931372,0.005971551,0.005994005,0.006020023,0.006034368,0.005975145,0.005947376,0.005879613,0.005806934,0.005655834,0.005538953,0.005336524,0.005130777,0.004912466,0.004681684,0.00441146,0.004102256,0.003848989,0.00354946,0.003289343,0.003003545,0.002767234,0.002521585,0.002298697,0.002098111,0.001901487,0.001734413,0.001589364,0.001455742,0.001353545,0.001250149,0.00118644,0.001133329,0.001049931,0.000982843,0.000920732,0.000894192,0.000840252,0.00081021,0.000762843,0.00075028,0.000717166,0.000694896,0.000682117,0.000659724,0.000630972,0.00062704,0.000603971,0.000583421,0.000577339,0.000565144,0.000545546,0.000532123,0.000528252,0.000514399,0.000516119,0.000503678,0.000501405,0.000496275,0.000493173,0.000485401,0.000472315,0.000464482,0.000465711,0.00045456,0.000452963,0.000439539,0.000441813,0.00044212,0.000433488,0.00043957,0.000432997,0.000428665,0.00042759,0.00042799,0.000415764,0.000416471,0.000410481,0.000415273,0.000419266,0.000409221,0.000410266,0.000402801,0.000402248,0.000401757,0.000404583,0.000404214,0.000401357,0.000409098,0.000390852,0.000394477,0.000387289,0.000386644,0.00038351,0.000388272,0.000373435,0.000383818,0.000378565,0.000381729,0.000380992,0.000369196,0.000358445,0.000360349,0.000355434,0.00035353,0.000359028,0.000338785,0.000342994,0.000323119,0.00032573,0.000328096,0.000313136,0.000314365,0.00030174,0.000301187,0.000295596,0.000297102,0.000280821,0.000287825,0.000277934,0.000279285,0.000266077,0.000260363,0.00025379,0.000251732,0.000256616,0.00024866,0.000244052,0.000243776,0.000237018,0.000238799,0.000226973,0.000222058,0.000221382,0.000211614,0.000210631,0.000207037,0.000212167,0.000204703,0.000196716,0.000205716,0.000204119,0.000201969,0.000197238,0.000193737,0.00019217,0.000189897,0.000186149,0.000185535,0.000181173,0.000180129,0.000178224,0.000179084,0.000178838,0.000177886,0.000180681,0.000183415,0.000177702,0.000172357,0.000171528,0.000168763,0.000170176,0.000166213,0.000162159,0.000156691,0.000161145,0.000167411,0.00015752,0.000162067,0.000155432,0.000157121,0.000153404,0.000174108,0.000161268,0.000156353,0.000160746,0.000161268,0.000165998,0.000178347,0.00015663,0.000150977,0.000148919,0.000153373,0.000150762,0.000145448,0.000149995,0.000135066,0.000139028,0.00013826,0.000146462,0.000131902,0.000129967,0.000146001,0.000130765,0.000129444,0.000131717,0.000126004,0.000119369,0.000115929,0.000111628,0.000116051,0.000110369,0.000118355,0.000110369,0.000107604,0.000106375,0.000103918,9.97E-05,9.76E-05,0.00010186,9.65E-05,9.10E-05,8.83E-05,8.92E-05,8.97E-05,8.74E-05,8.57E-05,8.25E-05,9.07E-05,8.43E-05,8.11E-05,7.46E-05,7.65E-05,7.70E-05,6.67E-05
,HNGK064,#N/A,7.68E-05,7.04E-05,8.24E-05,7.48E-05,7.63E-05,7.99E-05,8.56E-05,8.97E-05,8.79E-05,9.36E-05,9.16E-05,9.57E-05,9.91E-05,0.000100361,9.70E-05,9.81E-05,0.000106457,0.00011308,0.000121697,0.000110182,0.000114961,0.000113268,0.000116391,0.000115112,0.000117069,0.000115563,0.000118687,0.0001226,0.000123014,0.000132648,0.000122224,0.000125611,0.000133099,0.000130917,0.000131933,0.000137916,0.000129073,0.000137464,0.000131067,0.00013897,0.000145179,0.000145818,0.000144765,0.000140851,0.000148716,0.000143974,0.000145216,0.000141152,0.00014262,0.000154135,0.000153871,0.000148039,0.000149092,0.00015485,0.000152216,0.000149431,0.000159591,0.000150184,0.000160645,0.000165123,0.000171031,0.000166101,0.000165612,0.000155753,0.000153683,0.000162376,0.000163128,0.000170015,0.000168133,0.000171031,0.000167795,0.000175547,0.000175471,0.000172386,0.000180965,0.000175095,0.000182094,0.000176374,0.000190937,0.00018518,0.000193496,0.00019455,0.000189696,0.000197786,0.000200307,0.00020407,0.000210656,0.000203431,0.000214457,0.000220214,0.000211634,0.000220365,0.000230675,0.000223224,0.000234288,0.0002379,0.000246631,0.000247007,0.000250619,0.000253291,0.000255925,0.000252275,0.0002665,0.000260667,0.000278993,0.00028381,0.000282342,0.000277111,0.000291449,0.000302023,0.000302173,0.000305635,0.000306049,0.000312108,0.000318091,0.000321591,0.000337584,0.000331713,0.000342287,0.000350416,0.000351018,0.000351883,0.000363022,0.000355609,0.000363248,0.000359184,0.000373107,0.000388046,0.000369946,0.000379278,0.000387218,0.000385901,0.00039275,0.000402383,0.000394443,0.000391659,0.000397717,0.000405808,0.000407689,0.00039847,0.000408668,0.000409195,0.000400803,0.000404867,0.000407652,0.000416645,0.000409684,0.000419167,0.000418414,0.000421086,0.000419242,0.000414538,0.000429666,0.000423494,0.000436364,0.000440014,0.000430004,0.000436853,0.000439901,0.000453185,0.000450438,0.000460824,0.000462178,0.000470156,0.000471097,0.0004828,0.000496836,0.000505454,0.000508464,0.000508991,0.000519904,0.00052807,0.000543348,0.000551024,0.00056555,0.000579962,0.000584666,0.000605889,0.000626737,0.000630349,0.000662599,0.000680737,0.000694547,0.00071848,0.00074866,0.000778087,0.000823018,0.00083871,0.000900198,0.000927706,0.000979373,0.001027916,0.001089066,0.001161279,0.001228713,0.001310371,0.001422773,0.001554669,0.001694918,0.001831215,0.002027271,0.002213542,0.002395147,0.002640159,0.002866733,0.003139028,0.003436497,0.003735434,0.003984548,0.004279647,0.004523004,0.004783445,0.005033688,0.005220449,0.005382523,0.005524278,0.00564255,0.005726918,0.005783176,0.00579375,0.0057866,0.005781482,0.00573674,0.005732224,0.005715328,0.005601721,0.005581438,0.005478331,0.0054299,0.005337818,0.005285361,0.005213186,0.005085581,0.005012389,0.004947778,0.004872479,0.004809448,0.004723311,0.004684702,0.004604775,0.004559506,0.004493201,0.004426331,0.004393781,0.004347909,0.004283937,0.004214396,0.004180641,0.004121298,0.004050929,0.004051869,0.003973184,0.003952073,0.003929043,0.00392449,0.00390639,0.003917077,0.003895552,0.003894837,0.003911846,0.003906352,0.003920614,0.003875006,0.003881892,0.003873576,0.003876662,0.00388351,0.003871393,0.003823603,0.00383158,0.003840423,0.003820893,0.003805126,0.003783827,0.003785633,0.003798691,0.003761625,0.003782359,0.003793122,0.003797713,0.00377743,0.003772312,0.003762942,0.003791617,0.00377472,0.0037725,0.00377393,0.003763281,0.003785219,0.003781946,0.003776301,0.003737542,0.003746723,0.003760835,0.003739686,0.003751992,0.003752481,0.003751427,0.003761776,0.003739047,0.003766141,0.003763619,0.003786988,0.003803508,0.003755002,0.003728924,0.003744578,0.003746648,0.003723769,0.00376441,0.00376076,0.003723769,0.003757523,0.003755303,0.003763958,0.003753798,0.003761173,0.003790939,0.003770732,0.003770732,0.003783263,0.003783074,0.003796509,0.003813593,0.003853143,0.003802116,0.003829887,0.003826613,0.003837564,0.003854761,0.003873313,0.00385175,0.003895891,0.003887876,0.003877076,0.003895703,0.003894649,0.00391576,0.003904094,0.003878242,0.003927802,0.00392893,0.003940558,0.003967088,0.003984699,0.003992451,0.004012207,0.004013449,0.004106697,0.004133114,0.004157536,0.004217369,0.004273438,0.004312386,0.004387195,0.004445861,0.004500689,0.004546786,0.004615312,0.004670704,0.004692831,0.004731364,0.00482465,0.004892574,0.004975173,0.005038053,0.005167954,0.005228276,0.005329652,0.005434153,0.005494361,0.005596303,0.005663473,0.005764511,0.005813732,0.005855916,0.005918759,0.005959287,0.005998498,0.006003051,0.006050804,0.005968619,0.005913867,0.005859077,0.005775913,0.005665919,0.005541023,0.005328223,0.005140484,0.004910185,0.004712436,0.004399237,0.004127206,0.003852315,0.003566586,0.003306032,0.003052026,0.002775629,0.002512705,0.002307204,0.002104639,0.001912535,0.001727506,0.001598809,0.001469962,0.001359818,0.001278235,0.001199549,0.001137572,0.001060692,0.000984378,0.000925636,0.000904902,0.000845069,0.000813008,0.000778614,0.000754681,0.000708922,0.000700869,0.000673286,0.000658911,0.000640171,0.000623463,0.000606303,0.000582295,0.000573828,0.000574581,0.000556443,0.000531343,0.000535821,0.000516442,0.000515952,0.000503948,0.000508803,0.00048566,0.000492509,0.000473882,0.000472527,0.000468764,0.000473016,0.000443777,0.000453147,0.000449346,0.000449045,0.000447653,0.000429214,0.00044596,0.000432413,0.000435536,0.000424284,0.000428198,0.000417699,0.000421387,0.000407727,0.000414726,0.000414576,0.000411377,0.0004107,0.000410662,0.000401443,0.000403475,0.000408781,0.000393578,0.000403023,0.000404566,0.000390266,0.000387557,0.00037894,0.000382778,0.000387294,0.000386579,0.000376983,0.000381047,0.000373709,0.000379655,0.000371715,0.000362796,0.000361855,0.000359259,0.000351996,0.000349475,0.000354555,0.000334498,0.000341685,0.000328026,0.000330735,0.000322381,0.00031143,0.000314667,0.000303942,0.000300668,0.000294309,0.000296416,0.000287798,0.000283697,0.000277713,0.000268231,0.000265634,0.00026172,0.000257995,0.000251334,0.000245765,0.000249792,0.000244523,0.000243056,0.000243206,0.00023933,0.000226047,0.000222923,0.000224617,0.00021773,0.000216263,0.000210618,0.000206818,0.000202716,0.000199179,0.000212236,0.000200985,0.000204861,0.000196996,0.000191013,0.000194324,0.00018676,0.000185368,0.000183788,0.000181944,0.000176751,0.000177654,0.00017803,0.000173439,0.000172988,0.000178783,0.000185255,0.000180213,0.000168848,0.000172988,0.000169676,0.000165838,0.000165349,0.00015278,0.000160758,0.000158274,0.000162188,0.000149694,0.000160607,0.000161134,0.000157371,0.00015628,0.000176374,0.000160682,0.000158575,0.000159855,0.000161285,0.000164747,0.000174907,0.000151839,0.000147173,0.000144991,0.000156807,0.000152441,0.000143372,0.000153006,0.000135357,0.000140099,0.000137013,0.000145066,0.000133363,0.000135508,0.000146985,0.000133024,0.000127906,0.00012975,0.000124933,0.000117784,0.0001188,0.000111575,0.000118273,0.000114736,0.000119364,0.000109016,0.000114585,0.000107962,0.000104575,9.98E-05,9.60E-05,0.000100398,9.39E-05,9.32E-05,8.90E-05,8.73E-05,9.22E-05,9.09E-05,8.69E-05,8.30E-05,9.05E-05,8.29E-05,7.86E-05,7.84E-05,7.28E-05,7.39E-05,7.13E-05
,HNGK065,#N/A,7.78E-05,7.42E-05,8.38E-05,8.00E-05,7.87E-05,8.25E-05,9.06E-05,8.78E-05,9.07E-05,9.22E-05,9.64E-05,9.58E-05,9.90E-05,0.000103668,0.000100829,0.000105379,0.000103901,0.000114128,0.000119961,0.000114944,0.000119844,0.000121866,0.00012416,0.000120077,0.000122138,0.000121477,0.000121944,0.000124044,0.00013532,0.000137731,0.000130149,0.000135359,0.000136409,0.000142786,0.000140531,0.000144069,0.000134893,0.000140064,0.000142242,0.000146908,0.000155463,0.000148697,0.000153402,0.000151341,0.000155774,0.000151574,0.000155618,0.000154102,0.000150252,0.000160907,0.00016254,0.000156163,0.000159196,0.000160907,0.000153713,0.00015939,0.000169423,0.000161257,0.000170278,0.000174167,0.000185093,0.000171289,0.000166389,0.00016915,0.000165612,0.000171056,0.000175916,0.000174633,0.000187387,0.000177899,0.000179649,0.000186182,0.00018661,0.000183266,0.000181827,0.000185249,0.000189176,0.000192754,0.000192754,0.000192287,0.000195048,0.00020648,0.000203525,0.000210252,0.000210446,0.000213713,0.000217523,0.00021659,0.000224912,0.000230161,0.000228256,0.000224445,0.000240932,0.000230822,0.000246571,0.000249254,0.000252753,0.000262591,0.00025392,0.000265197,0.000254348,0.000262902,0.00027869,0.000283628,0.0002874,0.000293622,0.000290278,0.000292222,0.000297821,0.000310187,0.000314114,0.000313259,0.000329863,0.00031567,0.000334257,0.000331262,0.000340945,0.000340478,0.000361282,0.00036377,0.000366104,0.000361671,0.000368203,0.000366259,0.000370498,0.000382319,0.000379597,0.000395773,0.000388812,0.000396162,0.000404794,0.000405066,0.000409849,0.000413077,0.000399039,0.000419143,0.000407322,0.000415604,0.000426064,0.000415838,0.000421437,0.000423692,0.000417782,0.000424431,0.00042657,0.000439752,0.000424859,0.00043843,0.000434425,0.000433569,0.000434075,0.000433647,0.000447062,0.000450134,0.000446012,0.000453556,0.000448035,0.000456006,0.000453595,0.000465727,0.000469227,0.00047401,0.000476615,0.000482137,0.000485909,0.00049808,0.000510873,0.00052285,0.00053051,0.000524638,0.000547192,0.000544314,0.000553258,0.000577094,0.000584521,0.00059362,0.000589693,0.000613918,0.000638222,0.000632195,0.000660892,0.000670069,0.000725402,0.000724158,0.0007471,0.000774942,0.000809161,0.00082907,0.00088802,0.000907112,0.000962252,0.001026529,0.001063975,0.00112448,0.001198945,0.001272516,0.001383611,0.001496183,0.001623532,0.001758152,0.001932125,0.002083893,0.002267898,0.00249242,0.002710294,0.002958148,0.003249592,0.00348963,0.003772986,0.004039349,0.004335887,0.004540889,0.004767395,0.004984841,0.005174484,0.005319914,0.005469116,0.00554957,0.005606459,0.005634067,0.005654482,0.005654287,0.005663503,0.005612175,0.005672835,0.005572706,0.005524566,0.005468066,0.005403984,0.005305099,0.005297827,0.005180861,0.005091658,0.005007239,0.004965515,0.004883001,0.004852359,0.004757246,0.00468737,0.004679865,0.00460225,0.004531479,0.004493566,0.004445582,0.004382238,0.004328149,0.004259828,0.00421511,0.004194073,0.004124002,0.004092233,0.004060347,0.004017884,0.003988215,0.00396014,0.003962123,0.003951157,0.003938559,0.003943303,0.003963912,0.003956873,0.003940542,0.003924249,0.003943225,0.003921216,0.003938403,0.003934242,0.003911572,0.003913089,0.003910328,0.003880153,0.00391655,0.003868449,0.003866232,0.003868915,0.003881747,0.003836018,0.00383178,0.003843251,0.003836368,0.003819492,0.003829641,0.003837457,0.003848539,0.003844534,0.003857016,0.003824314,0.003803316,0.003806232,0.003820581,0.003822409,0.003831002,0.003808293,0.003799739,0.003802888,0.003826492,0.003780879,0.003819609,0.003802383,0.003802694,0.003805571,0.003814554,0.003822642,0.003831935,0.003802616,0.003813271,0.003820503,0.003804833,0.003803122,0.003810821,0.003809149,0.003805844,0.003816693,0.003818909,0.0037927,0.003802577,0.003826997,0.003823847,0.003836057,0.003844923,0.003849473,0.003826997,0.003889408,0.003888047,0.003880075,0.003870704,0.003882875,0.003864521,0.003903562,0.003939025,0.003930393,0.003931831,0.003923588,0.003938559,0.003953802,0.003961579,0.003951702,0.00395944,0.003962978,0.003993425,0.003975538,0.003988215,0.003992103,0.004014501,0.00403025,0.004036121,0.004052414,0.004110431,0.004152738,0.004216509,0.004223314,0.004279659,0.004316055,0.00436925,0.004443521,0.004510364,0.0045482,0.004586929,0.004649495,0.004684064,0.004742859,0.00476234,0.004840499,0.004894822,0.004992812,0.005062494,0.005135793,0.005259642,0.005327108,0.005437697,0.005468689,0.005560069,0.005590438,0.005696672,0.005718798,0.005768493,0.00580349,0.005815427,0.005855479,0.005828648,0.005840469,0.005771565,0.005703594,0.005612136,0.005531721,0.005419266,0.005279162,0.005080265,0.004898166,0.004676326,0.004424662,0.004190884,0.003890263,0.003629849,0.00334941,0.003118277,0.002876683,0.002610748,0.002362855,0.002208909,0.001997646,0.001836273,0.001670272,0.001542573,0.001409081,0.00132015,0.001242302,0.001167759,0.001110676,0.001033022,0.000955641,0.000923989,0.000889614,0.000837858,0.00079139,0.000775136,0.000753244,0.000715759,0.000695111,0.000677107,0.000654281,0.000647865,0.000631456,0.000611391,0.000605442,0.000583549,0.000580127,0.000561735,0.000548397,0.00054517,0.00052911,0.000521255,0.000529732,0.000516667,0.000502474,0.000501346,0.000500102,0.000493141,0.000477043,0.000471171,0.000464794,0.000475876,0.000462266,0.000457445,0.000468177,0.000452273,0.000451379,0.000451729,0.000445663,0.00044018,0.000438002,0.000440257,0.000434464,0.000418093,0.000426959,0.000430536,0.000429758,0.000425287,0.00042342,0.000413193,0.000417276,0.000418093,0.000413388,0.000416926,0.000426103,0.000411988,0.000403939,0.000400439,0.00039519,0.0004046,0.000397406,0.000391923,0.000397251,0.000389396,0.000389435,0.000389007,0.000385857,0.000372247,0.000375475,0.00035891,0.000356071,0.00037808,0.000350433,0.000361476,0.000339701,0.000338728,0.000333362,0.00032438,0.000317653,0.000317964,0.000305287,0.000309526,0.000302254,0.000292961,0.00028775,0.000292066,0.000282812,0.000277718,0.000268502,0.000264224,0.000262825,0.000263291,0.000254503,0.000259053,0.000248437,0.00024276,0.000245326,0.000232494,0.00022635,0.000227361,0.000225184,0.000223473,0.000214179,0.000216279,0.00021659,0.000210991,0.000217562,0.000216357,0.000207219,0.000215074,0.000203564,0.000201075,0.000198431,0.000200064,0.000192715,0.000192598,0.000188087,0.000190693,0.000182682,0.000183654,0.000183577,0.000187893,0.000188204,0.000199092,0.000181438,0.000183227,0.000178366,0.000176539,0.000178405,0.000172456,0.000171211,0.000163395,0.00017891,0.000160518,0.000171989,0.00016569,0.000171639,0.000162345,0.000189409,0.000169423,0.000163318,0.000175566,0.000166856,0.000175761,0.000185327,0.000162384,0.000156357,0.000153169,0.00015939,0.000160401,0.000149086,0.000153674,0.00014127,0.000142009,0.000144108,0.00015313,0.000135981,0.000141347,0.00015278,0.00014197,0.000130537,0.000131859,0.000126532,0.000123499,0.000125988,0.000117433,0.000119766,0.000117083,0.000119183,0.000116889,0.000110784,0.000112572,0.000111134,0.000107751,0.000103668,0.000110084,9.60E-05,9.10E-05,9.22E-05,8.88E-05,9.14E-05,9.50E-05,8.55E-05,8.64E-05,8.98E-05,8.43E-05,8.42E-05,7.82E-05,7.89E-05,7.75E-05,7.18E-05
,HNGK066,#N/A,7.20E-05,7.06E-05,8.06E-05,7.53E-05,7.69E-05,8.04E-05,8.32E-05,8.71E-05,8.27E-05,8.91E-05,9.10E-05,9.02E-05,9.21E-05,9.86E-05,9.48E-05,9.95E-05,0.000101228,0.000105603,0.000114891,0.000105367,0.000116641,0.000109574,0.000117045,0.00011304,0.000111997,0.000119165,0.00011802,0.000123405,0.000121117,0.000131078,0.000126501,0.000128991,0.000131885,0.000133669,0.000134409,0.000136631,0.000131111,0.000138481,0.000138953,0.000144034,0.000151135,0.000149149,0.000147063,0.000143496,0.000148005,0.000144371,0.000149822,0.000152212,0.000145246,0.000152414,0.000153188,0.000154433,0.000147938,0.000154938,0.00015164,0.00014989,0.000157933,0.000160053,0.000156957,0.000162308,0.000165908,0.000166447,0.000162846,0.000157462,0.000161904,0.000163216,0.000164293,0.000169408,0.000172067,0.000170149,0.000174961,0.000172,0.000175365,0.000180514,0.000180346,0.000179168,0.000181422,0.000179975,0.000187009,0.000187985,0.000188658,0.000198417,0.000193235,0.000198653,0.00020471,0.000204542,0.000209253,0.000206527,0.00021245,0.000224363,0.00021632,0.000219888,0.000227762,0.000226753,0.000236546,0.00023907,0.000252228,0.000244858,0.000246171,0.000248896,0.000249704,0.000257545,0.000265386,0.000267304,0.000275179,0.000287193,0.000281304,0.000285847,0.00028615,0.00029389,0.000302808,0.000300183,0.000315159,0.000313375,0.000317817,0.000323135,0.000331918,0.000333802,0.000341509,0.00034824,0.000350124,0.000349518,0.000361532,0.000354869,0.000364023,0.000370922,0.000370551,0.000383003,0.000374287,0.000376676,0.000384854,0.000390238,0.000389801,0.000397575,0.000384988,0.000398988,0.00039707,0.000403363,0.000402219,0.00040306,0.000419382,0.000407368,0.000406896,0.00040269,0.000406695,0.000413021,0.000410228,0.000414906,0.000416959,0.000423891,0.000415949,0.000418877,0.000428232,0.000413896,0.000425574,0.000436511,0.000434626,0.000435468,0.00043567,0.000451756,0.00044977,0.000456467,0.000469861,0.000465755,0.000476255,0.00048174,0.000486654,0.000501091,0.000509941,0.000503144,0.000517614,0.000519835,0.000535383,0.000549719,0.000566041,0.000577079,0.000580511,0.000598953,0.000620928,0.000620558,0.000651351,0.000666764,0.000687426,0.000701359,0.000725252,0.000752915,0.000796563,0.000819581,0.000867166,0.000900314,0.000960149,0.000996393,0.001061377,0.00113649,0.001208911,0.001288163,0.001386228,0.001513536,0.001650369,0.001791542,0.001967143,0.00213396,0.002334497,0.002554553,0.002804425,0.00306712,0.003350847,0.0036479,0.003902181,0.004203239,0.004474885,0.004767261,0.004982706,0.005183479,0.00536857,0.005558574,0.005664479,0.005760255,0.005797542,0.005849334,0.005821133,0.005828638,0.005831061,0.005806057,0.005757832,0.005673902,0.005657446,0.005554872,0.005464144,0.005410165,0.005315499,0.005232882,0.005155042,0.005102645,0.004976548,0.00492802,0.004846547,0.004771131,0.004671317,0.00465163,0.004589877,0.004523783,0.004479092,0.004424002,0.004345322,0.00428579,0.004234907,0.004194658,0.004157135,0.004076671,0.004053888,0.004023129,0.003968208,0.003946401,0.003922171,0.00390595,0.003888215,0.003902215,0.003923887,0.003910964,0.003906825,0.003889763,0.003860923,0.00386661,0.003863278,0.003871086,0.003857456,0.003870514,0.003866644,0.003855437,0.003826799,0.00383013,0.003823097,0.003800011,0.00381253,0.003789713,0.003776589,0.003800247,0.003792002,0.003797992,0.003758282,0.003754647,0.003762118,0.003795737,0.003742195,0.003769454,0.003753166,0.003742465,0.003766964,0.003780795,0.003772012,0.003767502,0.003762387,0.003749195,0.003745224,0.003752594,0.003742296,0.003771238,0.003747883,0.003757205,0.003783286,0.003763733,0.003761108,0.003781401,0.003741691,0.003765551,0.003751046,0.003760536,0.003740647,0.003769286,0.003759291,0.003760637,0.00375993,0.003767603,0.00374509,0.003792136,0.003763296,0.003769925,0.003783487,0.00380092,0.00378867,0.00377467,0.003805295,0.00381041,0.003849178,0.003805227,0.003833159,0.003855942,0.003849784,0.003870211,0.003874754,0.003862875,0.003869639,0.003888754,0.003869571,0.003896527,0.003885388,0.003923248,0.003924224,0.003926916,0.003913522,0.003933142,0.003962756,0.003982275,0.003969117,0.003996914,0.004033292,0.004076334,0.004114934,0.004141554,0.004198528,0.004226258,0.004282323,0.00435424,0.004396339,0.00448313,0.004504836,0.004579545,0.004640625,0.004686191,0.004732632,0.004792366,0.004861085,0.00492092,0.00503571,0.005106212,0.00519869,0.005297831,0.0053893,0.005489552,0.005549723,0.005634393,0.005728588,0.005797038,0.005823758,0.005925457,0.005948105,0.00598334,0.0059897,0.00602443,0.006040987,0.00598408,0.005907385,0.005882987,0.005784923,0.005669493,0.005497628,0.005321994,0.005104496,0.004858931,0.004640558,0.004362451,0.004063042,0.003784632,0.003485054,0.003235283,0.002940619,0.002693405,0.002437879,0.002251307,0.002020449,0.001860901,0.001697146,0.00154941,0.001428462,0.001328782,0.001233141,0.001162672,0.001117005,0.001027589,0.000960721,0.000908155,0.000872248,0.000830451,0.000788318,0.000749415,0.00073905,0.000693652,0.00069197,0.000665014,0.00064711,0.000635769,0.00062463,0.000599996,0.000581891,0.000576305,0.00056032,0.000540465,0.000530907,0.000534441,0.000514821,0.000509908,0.000504927,0.00049887,0.000491971,0.000481437,0.000475683,0.000465284,0.000465116,0.000458419,0.000451453,0.000448895,0.000447381,0.000446237,0.000441963,0.000433247,0.000443242,0.000429309,0.000427155,0.000422276,0.000420391,0.000415343,0.000417699,0.000414468,0.000406997,0.00040481,0.000411541,0.000411238,0.000408747,0.000405651,0.000412214,0.000403868,0.000399123,0.000406021,0.000407065,0.00039044,0.000395084,0.000386907,0.000391551,0.000383777,0.00038546,0.000377248,0.000384484,0.000384955,0.000369407,0.000378594,0.0003687,0.000362205,0.00036234,0.000353927,0.000348273,0.000356148,0.000329932,0.000340634,0.000325692,0.000328923,0.000325726,0.000318726,0.000306106,0.000310111,0.000301496,0.000295337,0.000296953,0.000290054,0.000283323,0.000274809,0.000277131,0.000260843,0.00026293,0.000253137,0.000254718,0.000250983,0.000242839,0.000249771,0.000238094,0.000240248,0.000236007,0.00022682,0.000226383,0.000223724,0.000218306,0.00021521,0.000209859,0.000207503,0.000206864,0.000199831,0.000202085,0.000200975,0.000205585,0.000197374,0.00019172,0.000192864,0.000193739,0.000186201,0.000185427,0.000185393,0.000178932,0.000178225,0.000182735,0.000184249,0.000182062,0.000180783,0.000183475,0.000184821,0.000174658,0.000172976,0.000164562,0.000171259,0.000169274,0.000163082,0.000161971,0.000162779,0.00016712,0.000162678,0.000162779,0.000160726,0.000160625,0.000153322,0.000174254,0.000166346,0.00015837,0.000168029,0.000159548,0.000171697,0.000177586,0.000153019,0.00015514,0.000148846,0.000162745,0.000154534,0.000146356,0.00015551,0.000139356,0.000139154,0.000136765,0.000152548,0.00013276,0.000134409,0.0001439,0.000132727,0.000127511,0.000122631,0.000124818,0.000119972,0.00011792,0.000115968,0.000116843,0.000112838,0.000114823,0.000108665,0.000105434,0.000108463,0.000103449,0.000102439,9.88E-05,0.00010079,9.08E-05,8.96E-05,9.02E-05,8.64E-05,8.95E-05,9.04E-05,8.61E-05,8.11E-05,8.41E-05,7.93E-05,7.84E-05,7.20E-05,7.58E-05,7.21E-05,6.98E-05
,HNGK067,#N/A,7.46E-05,7.21E-05,7.92E-05,7.66E-05,7.59E-05,7.83E-05,8.86E-05,8.93E-05,8.53E-05,9.07E-05,9.41E-05,9.39E-05,9.77E-05,0.000103673,0.000103696,0.000100644,0.000102961,0.000111337,0.000112415,0.000107665,0.000118496,0.000119781,0.000116408,0.000116224,0.000115628,0.000120033,0.000120951,0.000122649,0.000130084,0.000136716,0.000129855,0.000131392,0.00013371,0.000137404,0.000136188,0.000137106,0.000133618,0.000142062,0.000142131,0.000146629,0.00015147,0.000149772,0.000150139,0.000147225,0.000149382,0.000147959,0.000150552,0.000149359,0.000148097,0.000156014,0.000158515,0.000155968,0.000156381,0.000158538,0.000154866,0.000152824,0.000162439,0.000159547,0.000163471,0.000168175,0.000180291,0.000171984,0.000165743,0.000157092,0.000159066,0.000162806,0.000170447,0.000168634,0.00017841,0.000172214,0.00017444,0.000172489,0.000176734,0.00017522,0.000179557,0.000174646,0.000182769,0.000179442,0.000191007,0.000188575,0.00019002,0.000202572,0.000193508,0.000199497,0.000202458,0.000207483,0.000211154,0.000210787,0.000217992,0.000217143,0.000221664,0.000221939,0.000231141,0.000231829,0.000239837,0.000242499,0.000245987,0.00025076,0.000248305,0.000256152,0.000253858,0.000260512,0.000271527,0.000275749,0.000281921,0.000288851,0.00028736,0.000286373,0.000290412,0.000304501,0.000303239,0.000307645,0.000318774,0.000316043,0.000324419,0.00032669,0.000336557,0.000341743,0.000349568,0.000351197,0.000356406,0.000355764,0.000365263,0.000362189,0.00037022,0.000370059,0.000377219,0.000389013,0.000386558,0.0003777,0.000388072,0.000387361,0.000397549,0.000404273,0.000394819,0.000402552,0.00040207,0.000410445,0.000405902,0.00040799,0.000414621,0.000414094,0.00040682,0.000410285,0.000410239,0.000426852,0.000415126,0.000424947,0.000430638,0.000424121,0.000420863,0.000419027,0.000435044,0.000429927,0.000429009,0.000439243,0.000438509,0.000441538,0.000447022,0.000456866,0.000449271,0.000453447,0.000465586,0.000479285,0.000481534,0.000489358,0.000491974,0.000501222,0.00051554,0.000509138,0.00052722,0.000540529,0.000540392,0.000555628,0.000569671,0.000572287,0.000581672,0.000601957,0.00062238,0.000627887,0.000652417,0.000676189,0.000695143,0.000711091,0.000735323,0.000772404,0.000796567,0.000818251,0.000873071,0.000907789,0.000960428,0.001020961,0.001071008,0.001136337,0.001202538,0.001280464,0.00137762,0.001502587,0.001620853,0.001786826,0.001959407,0.002111612,0.002310742,0.00254996,0.002805011,0.003049828,0.003298018,0.003606741,0.003882031,0.004183663,0.004441124,0.004711159,0.004996889,0.005151389,0.005361786,0.005526588,0.00566351,0.005782167,0.005769271,0.005850662,0.005842034,0.00583554,0.005843021,0.005768766,0.00577799,0.005708302,0.005651303,0.005567341,0.005515688,0.005423535,0.005353869,0.005246663,0.005154532,0.005061278,0.00500811,0.004910381,0.0048448,0.004790806,0.004709208,0.004640965,0.004597298,0.004512006,0.004462303,0.004437338,0.004381417,0.00430037,0.004225885,0.004181506,0.004148119,0.004066269,0.004066131,0.003992427,0.003966268,0.003940086,0.003888157,0.003897015,0.003887676,0.003875101,0.003892999,0.003920627,0.003897336,0.003885725,0.003870443,0.003873472,0.003883155,0.003865922,0.003866909,0.003847542,0.003841232,0.003831411,0.00382907,0.003832535,0.003816036,0.003803668,0.003797817,0.003791139,0.003785173,0.003779391,0.003791002,0.003795591,0.003772599,0.003774824,0.003744627,0.003784393,0.003740955,0.003764154,0.003741414,0.003755733,0.003736527,0.003760965,0.003763351,0.003754838,0.003725742,0.003730629,0.00373235,0.003757752,0.003750111,0.003742837,0.003762594,0.003761561,0.003758739,0.00376381,0.003747679,0.003793778,0.003743961,0.003743915,0.003756834,0.003748413,0.003743296,0.00375431,0.003738523,0.003748596,0.003742355,0.003753025,0.003747495,0.003753346,0.003758234,0.003750432,0.003776913,0.003764292,0.003792057,0.003795912,0.003801695,0.00381996,0.003806605,0.003811332,0.00382572,0.003831411,0.003857455,0.003843251,0.00388584,0.003868355,0.003881136,0.003870076,0.003873449,0.00387891,0.00389355,0.00390266,0.003903325,0.003909291,0.003907088,0.003917116,0.003929874,0.003963468,0.003942862,0.003974069,0.004020605,0.004052547,0.004118816,0.004125838,0.004185774,0.004225518,0.004310099,0.004345437,0.00440457,0.00448245,0.00452559,0.004576256,0.004631993,0.004686491,0.004750948,0.004801591,0.004875181,0.004939867,0.005033007,0.005135624,0.005221422,0.005297237,0.005406141,0.005518878,0.005589989,0.00565245,0.005749307,0.005806559,0.005846876,0.005902797,0.005969021,0.005994193,0.006023404,0.006018195,0.006053625,0.005978314,0.00592478,0.005849515,0.005747724,0.005641504,0.00546158,0.005281863,0.005084041,0.00485072,0.004587477,0.004306014,0.004019068,0.003740152,0.003465482,0.003205704,0.002925021,0.002671095,0.002442914,0.00222857,0.002028889,0.0018497,0.001677348,0.0015463,0.001427276,0.001326357,0.001239665,0.001170894,0.001104212,0.001026331,0.000978625,0.000911116,0.000877431,0.000834199,0.000788903,0.000759164,0.000735047,0.000703519,0.000694042,0.000667217,0.000655262,0.000638855,0.000617079,0.000599433,0.000585918,0.000573733,0.000563522,0.000550442,0.000534173,0.000535068,0.000512695,0.000517216,0.00051678,0.000507004,0.000496931,0.000493833,0.000473984,0.000476118,0.000462144,0.000461616,0.000447894,0.00045565,0.000453034,0.000440689,0.000439128,0.000440941,0.000434608,0.000435939,0.000432657,0.000432749,0.000431143,0.000425406,0.000420565,0.000410606,0.000418614,0.000408747,0.000419899,0.000420335,0.000411822,0.000404571,0.000409711,0.000413795,0.00040503,0.000406911,0.000409481,0.000397549,0.000392501,0.00039179,0.000390115,0.0003886,0.000381097,0.000384378,0.00038821,0.000376897,0.000374465,0.000379766,0.000369554,0.000371298,0.000362189,0.000358104,0.000358081,0.000368728,0.000341376,0.000342753,0.000332519,0.000331119,0.000330476,0.000318705,0.000313955,0.000305924,0.000301357,0.000301174,0.000289471,0.000285088,0.000278319,0.000278617,0.000275955,0.000270724,0.000260352,0.000255625,0.000258952,0.000248672,0.000249131,0.000247112,0.000240824,0.000238002,0.000236809,0.000227079,0.000223683,0.000230521,0.000214918,0.000215835,0.000209456,0.000213587,0.000203857,0.000206863,0.000205968,0.000204316,0.000204982,0.000204247,0.000198304,0.000198121,0.00018869,0.000188827,0.000184399,0.000186211,0.000182219,0.00017818,0.000179649,0.000187359,0.000185156,0.000178662,0.0001869,0.000183986,0.000177606,0.00017499,0.000172099,0.000176298,0.000176413,0.000163678,0.000169277,0.000160213,0.000168634,0.00016175,0.000163655,0.000165422,0.000164389,0.00016159,0.000177423,0.000165353,0.000162026,0.000165238,0.000160534,0.000173797,0.000180612,0.000158561,0.000155348,0.000148969,0.00015996,0.000160328,0.000152342,0.000154729,0.000141167,0.000140846,0.000142383,0.000152732,0.000133526,0.000137955,0.000151631,0.000136991,0.000132195,0.000127308,0.000125128,0.00011868,0.000126436,0.00011829,0.000121823,0.000116247,0.00011845,0.00011136,0.00010996,0.000110327,0.000105049,0.000101745,9.64E-05,0.000103948,9.21E-05,9.12E-05,8.91E-05,8.88E-05,8.86E-05,9.39E-05,8.46E-05,8.12E-05,8.63E-05,8.42E-05,7.93E-05,7.32E-05,7.43E-05,7.51E-05,7.09E-05
,HNGK068,#N/A,7.69E-05,7.12E-05,7.87E-05,7.76E-05,7.65E-05,7.78E-05,8.63E-05,8.74E-05,8.61E-05,9.30E-05,9.44E-05,9.41E-05,0.000100795,0.000103582,9.97E-05,0.000105494,0.000101508,0.000113597,0.000116676,0.000108897,0.000120889,0.000122477,0.000120759,0.000121083,0.000119981,0.000119268,0.000124195,0.000124097,0.000128764,0.000134339,0.000124259,0.000131941,0.000132103,0.000138714,0.000136964,0.000143803,0.000136802,0.000140691,0.000139784,0.0001474,0.000157836,0.000150025,0.00015265,0.00014753,0.000147983,0.000144645,0.000150933,0.000151905,0.000153201,0.00015547,0.000163086,0.000153039,0.000153234,0.000161207,0.000149831,0.000156248,0.000159035,0.000155794,0.000164059,0.000170055,0.000178578,0.000171772,0.000168434,0.000160332,0.000159586,0.000168467,0.000168531,0.00016542,0.000173036,0.000165161,0.000177476,0.000176245,0.000173425,0.000174948,0.000176763,0.000178708,0.000184671,0.000179875,0.000188723,0.000191575,0.000187232,0.00019501,0.000190797,0.000193487,0.000197117,0.000203502,0.000208979,0.000204798,0.000216368,0.000216757,0.000215915,0.000221133,0.000227161,0.000221003,0.000234194,0.000245796,0.000248162,0.000247773,0.000248875,0.000253542,0.000248908,0.0002562,0.000274836,0.000273053,0.00027584,0.000281609,0.000279438,0.000287249,0.000285272,0.00029856,0.00030193,0.000306208,0.000312366,0.000313468,0.000317033,0.000319626,0.000324228,0.00033729,0.000350448,0.000351582,0.000355083,0.000353203,0.000358032,0.000355342,0.000364806,0.000362991,0.000369408,0.000389243,0.000379552,0.000377089,0.000390669,0.00038639,0.000400878,0.000396405,0.000394752,0.000399225,0.000399387,0.00040467,0.000397539,0.000400359,0.000407457,0.000403406,0.000402887,0.000407878,0.000404086,0.000414619,0.000411119,0.000419027,0.000417569,0.000417634,0.000410601,0.000418023,0.000430371,0.000421231,0.000429236,0.000430468,0.00042888,0.000432575,0.000443335,0.000448747,0.00045685,0.000458891,0.000465341,0.000468614,0.000473281,0.000474805,0.000486894,0.000506696,0.000507603,0.00051227,0.000522674,0.000527017,0.000530744,0.000562214,0.000567238,0.000583183,0.000573071,0.000606162,0.000623242,0.000629918,0.00065912,0.000673348,0.00069127,0.000718138,0.000734602,0.000774272,0.000811057,0.000841458,0.000872182,0.000910166,0.000967273,0.001028041,0.001073058,0.001138494,0.001217153,0.00131691,0.001422988,0.001547215,0.001664895,0.001821176,0.002013399,0.002201343,0.002381769,0.002614861,0.002859264,0.003145216,0.003424848,0.003713394,0.004000739,0.004262579,0.004608911,0.004853443,0.005086178,0.005295481,0.005490006,0.005660579,0.005796797,0.005897981,0.005895485,0.005958652,0.00594611,0.005946499,0.005900088,0.005898337,0.005860191,0.005741409,0.005698595,0.00559806,0.005569961,0.005442006,0.005377965,0.005253932,0.005185223,0.005078627,0.004981559,0.00491755,0.00483377,0.004768367,0.004675805,0.004640348,0.004552031,0.004489351,0.004460376,0.004384505,0.00432944,0.00424861,0.004215455,0.004138838,0.004083482,0.004021417,0.004025695,0.003950115,0.003917932,0.003884129,0.003852788,0.003836195,0.003828384,0.00381192,0.003846242,0.003849483,0.003840764,0.003822096,0.003806604,0.003800317,0.003806248,0.003811595,0.003789103,0.00379001,0.00379001,0.003780385,0.003778148,0.003774259,0.003766124,0.003728237,0.003750017,0.003752739,0.00371657,0.003725969,0.003702796,0.003717963,0.003715208,0.003714204,0.00370192,0.003734784,0.003670839,0.003719746,0.003684289,0.003716408,0.00369022,0.003722339,0.003702504,0.003697966,0.003692424,0.003678456,0.003680206,0.003705874,0.003671196,0.003691906,0.003686753,0.003696216,0.003706555,0.003698388,0.003701305,0.003752934,0.003690123,0.003698193,0.003714625,0.003693559,0.003700851,0.003705064,0.00370111,0.003681016,0.003675409,0.003681891,0.003694596,0.003695601,0.003713912,0.00371025,0.003726617,0.003706296,0.003715014,0.003735789,0.003733552,0.003735432,0.003766675,0.003768296,0.003767162,0.003773903,0.003806248,0.003801581,0.00379928,0.003802359,0.003804822,0.003829842,0.00382524,0.003816781,0.003806377,0.003874017,0.003857455,0.00383331,0.003867308,0.003861831,0.003885198,0.003926326,0.00390607,0.003906362,0.003958931,0.003995813,0.004064684,0.004082477,0.004157474,0.004186383,0.004267602,0.004316833,0.004369045,0.004468544,0.004494731,0.004566292,0.00461173,0.004652664,0.00472954,0.004777604,0.004866893,0.004931421,0.005045861,0.005164384,0.005227777,0.005346819,0.005433839,0.005576799,0.005632674,0.005716032,0.005799098,0.005894999,0.005944489,0.006000818,0.006049886,0.006092732,0.006111335,0.006183447,0.006172882,0.006115937,0.006044247,0.005997414,0.00592433,0.005809178,0.005619872,0.005415204,0.005225509,0.00497861,0.004717127,0.004446926,0.004152223,0.003861021,0.003550372,0.003296538,0.003025202,0.00275257,0.002505964,0.002304115,0.002082075,0.001884569,0.001715001,0.001579754,0.001451282,0.001344815,0.001277597,0.001186266,0.001115483,0.001050436,0.000966754,0.000919241,0.000888063,0.000836661,0.000788208,0.000778031,0.000744714,0.000719402,0.000690298,0.000677496,0.000646512,0.00063209,0.000615528,0.000610116,0.000584156,0.000574044,0.000549801,0.000542541,0.000530226,0.000529221,0.000508608,0.000513405,0.000507409,0.000495806,0.000496876,0.000488028,0.000472439,0.000473054,0.000459831,0.00045685,0.00045497,0.000447904,0.000439964,0.00043682,0.000437922,0.000432477,0.000434292,0.00042444,0.000419902,0.000424991,0.000424602,0.000413453,0.000415624,0.000407262,0.000412092,0.000414879,0.000411281,0.000415592,0.000398415,0.000402498,0.000401915,0.000410277,0.000394299,0.000406355,0.000403341,0.000397604,0.000393294,0.000389372,0.000388659,0.000382372,0.000380848,0.000380686,0.00038477,0.000383214,0.000385872,0.000373524,0.000365583,0.000370574,0.000355212,0.0003568,0.000345262,0.000358972,0.000339007,0.000343058,0.000329219,0.000328506,0.000331553,0.000311426,0.000306176,0.000304329,0.00030031,0.000292596,0.000296583,0.000288351,0.000283846,0.000281091,0.000274188,0.000267446,0.000262099,0.00025526,0.000251533,0.000250723,0.00024907,0.000241356,0.000241,0.000244208,0.000235652,0.000224957,0.000220744,0.000222623,0.000213711,0.000212965,0.000206159,0.000210437,0.000205381,0.000200293,0.000205479,0.000209108,0.00020308,0.000204085,0.000194135,0.000191996,0.000190051,0.000186422,0.000186227,0.000184023,0.000182079,0.000180264,0.000185741,0.00018169,0.000185935,0.000180361,0.000184445,0.000184542,0.000172485,0.000174495,0.000170411,0.000173198,0.000171675,0.000163637,0.000162471,0.000162373,0.00016704,0.000161855,0.000164837,0.000169925,0.000164901,0.000161239,0.000179,0.000167462,0.000163346,0.000168791,0.000167656,0.000173911,0.000180426,0.000160818,0.000150123,0.000152294,0.00016367,0.000158484,0.000144905,0.000153558,0.000141307,0.000143349,0.000140659,0.000154692,0.000138163,0.000136219,0.000149442,0.000140756,0.000133205,0.000128116,0.000127857,0.000121407,0.000125523,0.000118588,0.000122185,0.00011525,0.000119204,0.000112689,0.00011162,0.000107568,0.000111652,0.000107212,0.000102383,0.000102253,9.75E-05,9.07E-05,9.20E-05,8.86E-05,8.99E-05,9.71E-05,8.89E-05,8.57E-05,8.79E-05,8.32E-05,8.15E-05,7.71E-05,7.57E-05,7.24E-05,7.01E-05
,HNGK069,#N/A,7.61E-05,7.04E-05,8.34E-05,7.64E-05,8.02E-05,8.26E-05,8.68E-05,8.43E-05,8.75E-05,9.37E-05,9.32E-05,9.14E-05,9.92E-05,0.000104882,9.70E-05,0.000106049,0.000102628,0.000113474,0.000117089,0.000111841,0.000118488,0.000117711,0.000121326,0.00011499,0.000116234,0.000115145,0.000119538,0.000123037,0.000133533,0.000132483,0.000125875,0.000135088,0.000132172,0.000133144,0.000137653,0.000136526,0.000134854,0.000140763,0.000142124,0.000147022,0.000151726,0.000150637,0.00015297,0.000148111,0.000152115,0.000151415,0.000148033,0.000149044,0.000151726,0.00015744,0.000160822,0.000156041,0.000149082,0.000165099,0.000150054,0.000155963,0.000164632,0.000161406,0.000165759,0.000169375,0.00017334,0.000167898,0.000161133,0.000161872,0.000158412,0.000168053,0.000171863,0.000171824,0.000179987,0.000172796,0.000173379,0.000172562,0.000173301,0.000177344,0.000183797,0.000176217,0.000183097,0.000188345,0.000186052,0.000193399,0.000193438,0.000194526,0.000186246,0.000202146,0.000200241,0.000202029,0.000212564,0.000208443,0.000220766,0.000218589,0.000214119,0.000217034,0.000224226,0.000225548,0.000237288,0.000244208,0.000243702,0.000249222,0.000252138,0.000261584,0.000254004,0.000257813,0.000269787,0.000267377,0.000284792,0.000282032,0.000280283,0.000280749,0.000286852,0.000297465,0.000301897,0.000303257,0.000317058,0.000312626,0.000321373,0.000323589,0.000327631,0.000335445,0.000350645,0.00035912,0.000351967,0.000357292,0.000365612,0.000353638,0.000361413,0.000376185,0.000377624,0.000392823,0.000380112,0.000387187,0.000388858,0.000399588,0.0003964,0.000402192,0.000388197,0.000397138,0.000399393,0.000402464,0.000412533,0.000402464,0.000412883,0.000415137,0.00040297,0.000411133,0.000411677,0.000420113,0.000410589,0.000421707,0.000415681,0.000431698,0.000427383,0.000424506,0.000432047,0.000428743,0.000436363,0.000434652,0.000442816,0.000443826,0.000442194,0.000457549,0.000460309,0.000466373,0.000464857,0.000470611,0.000492108,0.000480213,0.00049343,0.00050964,0.000517143,0.000515044,0.000521575,0.000535686,0.000548398,0.000563831,0.000573977,0.000584823,0.000600178,0.000608769,0.000634737,0.000630578,0.000655691,0.000676294,0.00069713,0.000726286,0.00073822,0.00077208,0.000810954,0.000832646,0.000891696,0.000919685,0.000982,0.001019436,0.001084784,0.001144378,0.001220454,0.001303412,0.001409266,0.001527677,0.0016712,0.001825803,0.001986314,0.002170695,0.002361644,0.002617981,0.002867903,0.003110788,0.003359972,0.003668983,0.003919138,0.004235185,0.004497624,0.004791396,0.005025458,0.00521668,0.005388931,0.005525768,0.005711703,0.005741598,0.005804185,0.005818296,0.005846402,0.005827004,0.005835829,0.005787158,0.005728847,0.005666065,0.005589716,0.005553447,0.005454356,0.005368367,0.005305196,0.00521909,0.005143946,0.005021765,0.004958089,0.004886016,0.004807879,0.004741404,0.004713726,0.004638232,0.004588668,0.004529773,0.004469285,0.004408836,0.004370234,0.004294896,0.004245292,0.00417493,0.004139321,0.004076423,0.004041203,0.003993815,0.003950159,0.003921859,0.003918088,0.003902344,0.003876959,0.003881741,0.003896513,0.00390662,0.003896202,0.003864559,0.003871672,0.00386864,0.003850564,0.003847104,0.003857445,0.003850253,0.003824635,0.003812662,0.003812234,0.0038279,0.003803759,0.003753456,0.003757033,0.003774098,0.003768034,0.003768967,0.003750813,0.003754428,0.003756838,0.003744437,0.003743232,0.003747003,0.003741366,0.003725117,0.003717731,0.003727566,0.00374226,0.003754545,0.003740822,0.00374401,0.003735224,0.003730054,0.003726516,0.003707002,0.00367703,0.003721968,0.003722629,0.003731415,0.003732814,0.003738762,0.003739617,0.003756449,0.003722979,0.003720957,0.003722862,0.003708362,0.00374055,0.00374502,0.003753884,0.003725195,0.003742455,0.003729937,0.003719713,0.003735341,0.003723057,0.00375159,0.003758082,0.003753728,0.003763602,0.003755439,0.003769939,0.003792019,0.003783739,0.003778647,0.003831243,0.003825218,0.00384139,0.003844927,0.00384862,0.003848737,0.003885123,0.003861798,0.003844111,0.003902228,0.003897874,0.003902772,0.003932277,0.003887844,0.003905571,0.003922986,0.003923297,0.003971501,0.003986779,0.003984835,0.004002484,0.0040344,0.004094577,0.004149856,0.004194095,0.004211316,0.004281212,0.004340806,0.004416455,0.004457195,0.004496769,0.004571058,0.004620117,0.004657203,0.004725893,0.004770832,0.004852584,0.004930255,0.005006992,0.005101651,0.005181887,0.005308423,0.005373304,0.005458011,0.005536731,0.005610242,0.005698642,0.005764533,0.005845508,0.005882516,0.005985066,0.005955639,0.006032882,0.006037508,0.006084701,0.005997662,0.005930448,0.005882205,0.005775224,0.005661828,0.005525885,0.005316936,0.005138115,0.004914472,0.004642158,0.004397679,0.004100836,0.003827239,0.003516363,0.003262203,0.002993039,0.002735614,0.002480055,0.002300651,0.00207969,0.001894105,0.001725585,0.00158626,0.001456187,0.001353754,0.001265548,0.001182785,0.001122103,0.001054539,0.000977763,0.000919024,0.00089084,0.000835289,0.000811498,0.000782537,0.000743274,0.000715168,0.000699346,0.000675944,0.000654874,0.000636292,0.000623308,0.000611685,0.000576193,0.000577631,0.000570634,0.000555045,0.000540545,0.000542955,0.000509563,0.000514461,0.000511973,0.000497395,0.000498172,0.000499222,0.000481146,0.000479085,0.000461592,0.000467462,0.000447636,0.000457316,0.000449502,0.000453934,0.000450007,0.000434497,0.000440367,0.000428627,0.000435002,0.000428121,0.000422057,0.000429404,0.000428199,0.000409034,0.000420735,0.000415448,0.000417003,0.000423106,0.000406235,0.000402931,0.000412844,0.000408567,0.000399899,0.000407751,0.000405885,0.000398849,0.000390646,0.000391268,0.000383533,0.000382794,0.000380034,0.000389675,0.000386487,0.000381511,0.000374086,0.000371559,0.000367477,0.000371909,0.00036188,0.000353677,0.000347224,0.000357487,0.000338361,0.000335562,0.000326815,0.000330392,0.000325416,0.000320284,0.000314958,0.000308194,0.000300653,0.000303063,0.000293617,0.00028211,0.000285297,0.000285181,0.000272314,0.000274568,0.000264655,0.000257736,0.000254548,0.000252021,0.000249805,0.00024895,0.000245218,0.000243547,0.000238765,0.000227142,0.000221933,0.000224654,0.000221971,0.000212992,0.000210154,0.00021789,0.000209221,0.000202807,0.000207938,0.000201796,0.000205994,0.00020129,0.000200474,0.000199386,0.000193671,0.00018578,0.00019025,0.000186324,0.000181892,0.000184924,0.000179521,0.000179949,0.00017991,0.000181853,0.000182009,0.000180298,0.000170619,0.000170619,0.000172096,0.000173068,0.000171863,0.000165487,0.000168209,0.000165099,0.000165215,0.000156546,0.000161678,0.000169103,0.000170347,0.000155574,0.000183525,0.000164321,0.000159267,0.000165565,0.000161755,0.000168481,0.000178394,0.000162261,0.000160239,0.000154408,0.000164982,0.000160162,0.000150637,0.000153009,0.000138042,0.000140375,0.000139208,0.00015262,0.000131123,0.000134699,0.000149121,0.000132328,0.000135438,0.000130539,0.000127779,0.000124086,0.000124708,0.000118527,0.000118294,0.00011394,0.000116933,0.000109586,0.000113979,0.000110791,0.000106476,0.000106982,9.84E-05,0.000107837,9.69E-05,8.80E-05,8.79E-05,8.57E-05,9.22E-05,9.73E-05,8.95E-05,8.45E-05,8.78E-05,8.38E-05,7.99E-05,7.60E-05,7.56E-05,7.58E-05,6.93E-05
,HNGK070,#N/A,7.48E-05,7.07E-05,7.88E-05,7.36E-05,7.66E-05,7.75E-05,8.45E-05,8.67E-05,8.65E-05,8.92E-05,9.08E-05,9.24E-05,9.60E-05,0.000101992,0.000100634,9.82E-05,0.000103628,0.00010725,0.000112926,0.000108678,0.000119263,0.000117035,0.000119646,0.000118114,0.000121457,0.000117662,0.000122328,0.000123303,0.000127899,0.00012957,0.000126402,0.000135769,0.0001326,0.000136361,0.000138972,0.000144613,0.000137266,0.000138415,0.000139251,0.000149384,0.000148896,0.0001521,0.00015102,0.000149314,0.000153388,0.000152657,0.000150533,0.000145762,0.00014921,0.000160353,0.000161745,0.00015701,0.000154154,0.000159656,0.000153075,0.000156801,0.000165402,0.000158228,0.00016662,0.000172958,0.000178042,0.000172227,0.000169267,0.000161815,0.000163452,0.000169336,0.000172714,0.000169545,0.000180758,0.000173794,0.00017442,0.000180828,0.000181907,0.00018034,0.000181106,0.000177554,0.000185111,0.000185424,0.00018915,0.000198238,0.000198134,0.000196462,0.000195278,0.000203844,0.000204471,0.000209381,0.000214117,0.000211923,0.000220907,0.000220907,0.000217355,0.000216972,0.000231179,0.000228777,0.000237691,0.000243541,0.000249774,0.000253152,0.000253291,0.000255171,0.000256669,0.000263877,0.000271398,0.000275402,0.000284386,0.000284909,0.000283725,0.000294485,0.000290271,0.000295877,0.000303051,0.000304722,0.000320148,0.000314368,0.000325336,0.000321541,0.000334634,0.0003393,0.00034515,0.000356223,0.000354134,0.00035866,0.000367261,0.000366182,0.000364685,0.000371579,0.000375584,0.000391184,0.000382304,0.000394596,0.00038805,0.00038899,0.000395153,0.000405565,0.000395223,0.000410823,0.00040365,0.000412076,0.000413156,0.000412251,0.000424299,0.000416185,0.000407724,0.000415419,0.000417683,0.000425657,0.000427085,0.000425448,0.000432377,0.000425309,0.000434432,0.00043962,0.000441361,0.000432586,0.000440003,0.000434258,0.000446759,0.000441013,0.000456126,0.000453932,0.000462707,0.000463856,0.000476322,0.000483774,0.000481406,0.00049429,0.000500105,0.000521067,0.000515844,0.000518874,0.000520928,0.000541717,0.000552825,0.000570827,0.000576956,0.000590258,0.000606484,0.000605788,0.000628004,0.000628387,0.000658299,0.000676475,0.000701373,0.00072331,0.000733304,0.000765374,0.000807369,0.000817676,0.000875375,0.000914793,0.000961314,0.001007139,0.001058257,0.001119996,0.001191937,0.001274463,0.00136291,0.001481825,0.001610107,0.00173818,0.001921341,0.002084931,0.002269659,0.002497008,0.002734838,0.002984786,0.003242743,0.003513758,0.00380295,0.004090714,0.004329136,0.004606419,0.004833907,0.005032528,0.005211754,0.005396656,0.005548164,0.00562484,0.005684315,0.00574776,0.005753575,0.005758241,0.005751834,0.005739333,0.005716177,0.005652071,0.005608126,0.005566271,0.005457315,0.00540759,0.005337738,0.005224986,0.005190687,0.005067245,0.005023928,0.004948504,0.004898362,0.004799225,0.004748978,0.004698939,0.004650398,0.004568115,0.004519261,0.004477893,0.00439568,0.004341115,0.004273491,0.00424459,0.004203431,0.004131246,0.004108717,0.004031343,0.004034443,0.003981514,0.003960412,0.003969013,0.003955746,0.003929978,0.003939519,0.003928063,0.003949618,0.003930152,0.003928829,0.003912951,0.003928237,0.003885198,0.003911523,0.003895819,0.003902191,0.00388088,0.003858211,0.003852953,0.003846894,0.00385062,0.003847939,0.003841671,0.003818167,0.003829101,0.003789509,0.003824539,0.003797413,0.0037971,0.003791389,0.003804203,0.003763114,0.003776172,0.003774953,0.003785992,0.003772168,0.003778505,0.003767258,0.003747201,0.00374351,0.003753155,0.003765726,0.003748071,0.003739575,0.003761721,0.003749778,0.003775685,0.003769521,0.003762139,0.003744868,0.003799189,0.00373369,0.003780943,0.003761095,0.003762104,0.003769939,0.003786619,0.003770287,0.003763671,0.003772516,0.003781778,0.003786514,0.003780351,0.003756603,0.003792086,0.003774257,0.003792434,0.003823251,0.003810297,0.003831225,0.003850655,0.003863852,0.0038517,0.003858211,0.003853336,0.003879801,0.003867474,0.003906787,0.003907693,0.003904733,0.003906021,0.003916398,0.003913786,0.003934993,0.003933426,0.003933565,0.003960134,0.003962362,0.003976952,0.004008814,0.004022743,0.004025041,0.004053838,0.004047884,0.00410029,0.004158616,0.004201098,0.004241595,0.00429522,0.004341463,0.004393138,0.00444342,0.004526399,0.004557773,0.00459834,0.00466666,0.004720772,0.004795429,0.004830251,0.004906092,0.004971103,0.005059411,0.00511791,0.005204233,0.0053189,0.005408983,0.005494713,0.005553526,0.005632223,0.005684176,0.005770673,0.005801977,0.005863924,0.005904526,0.005889727,0.005939347,0.005903655,0.005901845,0.005851284,0.005782721,0.005733135,0.00563661,0.005480332,0.005352015,0.005145002,0.004942828,0.004715514,0.004448957,0.004198695,0.003888611,0.003655446,0.003383491,0.003108402,0.002851142,0.002623862,0.002383212,0.002210881,0.001988999,0.00181813,0.001660842,0.001527267,0.001400691,0.001313742,0.001237379,0.00113765,0.00110739,0.001022043,0.000952365,0.000899681,0.000875131,0.000826138,0.000798211,0.000770841,0.000732155,0.000713804,0.000686783,0.000673829,0.0006591,0.000637858,0.000629153,0.00060255,0.000598719,0.000589561,0.000571524,0.000565291,0.000539941,0.000544607,0.000527614,0.000517307,0.000511492,0.000503448,0.000512432,0.000494673,0.000484784,0.00048548,0.000477924,0.000466955,0.000457518,0.000462184,0.000452226,0.00045811,0.000452365,0.000443381,0.000447699,0.000438332,0.00044655,0.000432482,0.000432377,0.000426179,0.00043088,0.000419285,0.000427642,0.000419354,0.000425831,0.000419424,0.000407236,0.000410649,0.000405565,0.000414096,0.000405495,0.00041145,0.000408768,0.000404903,0.000394248,0.000389443,0.000397173,0.000392994,0.00038415,0.000388851,0.000394561,0.000385821,0.000386901,0.00036942,0.000374017,0.000371231,0.000367435,0.000363083,0.000347727,0.000361968,0.000346194,0.000338708,0.000329445,0.00033143,0.000331639,0.000325824,0.000312,0.000306394,0.000306498,0.000305279,0.000297096,0.000291943,0.000288426,0.000282715,0.000278188,0.000273731,0.000268856,0.000257226,0.000255241,0.000254962,0.000257539,0.000252107,0.000250784,0.000243506,0.000243332,0.000230901,0.000227244,0.0002301,0.000215719,0.000211018,0.000214883,0.000214117,0.000208336,0.000207292,0.000212202,0.000209346,0.000207257,0.000210704,0.000199074,0.000201163,0.000197751,0.000200641,0.00019103,0.000190682,0.000188628,0.000184205,0.000184936,0.00018713,0.00018518,0.000184867,0.00019016,0.000191657,0.000178216,0.000175709,0.000175395,0.000174943,0.000176614,0.000166864,0.000172505,0.00016763,0.000171147,0.00016192,0.000167978,0.000173132,0.000164357,0.000161606,0.000177415,0.000169476,0.000160736,0.000172679,0.000166028,0.000174664,0.000182603,0.000161676,0.000156592,0.000151369,0.000158368,0.000158403,0.00014921,0.000156905,0.000142176,0.000144161,0.000139947,0.000148687,0.000136744,0.000135908,0.0001521,0.000135386,0.000134167,0.000136639,0.000125044,0.000122084,0.000122989,0.00011599,0.000117557,0.000115642,0.000117592,0.000115537,0.000109722,0.000106971,0.000104395,0.000102897,9.93E-05,9.99E-05,9.69E-05,9.25E-05,9.03E-05,8.74E-05,8.80E-05,9.16E-05,8.80E-05,8.43E-05,8.63E-05,8.34E-05,7.89E-05,7.71E-05,7.47E-05,7.85E-05,6.80E-05
,HNGK071,#N/A,7.24E-05,7.51E-05,8.04E-05,7.63E-05,7.65E-05,7.75E-05,8.52E-05,8.76E-05,8.27E-05,9.04E-05,9.04E-05,9.47E-05,9.25E-05,0.000101436,9.44E-05,9.71E-05,0.000101853,0.000107938,0.000118398,0.000108104,0.000112355,0.000111397,0.000114689,0.000114356,0.000112147,0.000114897,0.000115731,0.000120273,0.0001279,0.000131067,0.000120732,0.000125274,0.000131984,0.000132567,0.000136277,0.000140361,0.000131276,0.000137277,0.000138819,0.00014382,0.000150238,0.00014632,0.000151154,0.000144153,0.000148696,0.000147237,0.00014507,0.000149988,0.000145695,0.000153113,0.000156405,0.000149737,0.000150988,0.000153363,0.000157697,0.000151613,0.00016099,0.000154697,0.000162865,0.000165449,0.000168908,0.000167574,0.000161073,0.000157447,0.00016249,0.000163532,0.000164199,0.000167991,0.000169658,0.000172492,0.0001732,0.000175951,0.000174117,0.00017991,0.000177326,0.00017966,0.000182702,0.000182494,0.000189412,0.000189579,0.000189078,0.000196622,0.000188787,0.000197872,0.00019858,0.00020629,0.000207665,0.000209749,0.000215917,0.000219959,0.000218167,0.000224919,0.000231545,0.000225044,0.000235421,0.000237004,0.000245256,0.000246881,0.000246465,0.000260259,0.000259175,0.000263926,0.000270803,0.000268469,0.000277387,0.00028193,0.000281388,0.00028318,0.000289723,0.000296433,0.000298933,0.000306893,0.000316937,0.000314019,0.000321438,0.000321729,0.000330898,0.000335357,0.000346692,0.000356611,0.000351943,0.000355736,0.000358486,0.000365905,0.000368738,0.000372864,0.000373364,0.000383741,0.000381032,0.00039316,0.000385492,0.000389076,0.000391451,0.000402203,0.000396702,0.000398869,0.000404787,0.00040162,0.000403912,0.000412247,0.000417206,0.000416831,0.000410997,0.000413997,0.000409163,0.00041854,0.000417415,0.000428667,0.000422332,0.000426708,0.000422374,0.000429625,0.000434501,0.000431251,0.000440377,0.00043646,0.000444336,0.000440919,0.000448212,0.00045313,0.000458839,0.000462132,0.000475259,0.0004693,0.000473926,0.000495055,0.000493804,0.000502014,0.0005136,0.000520726,0.00052927,0.000538188,0.000545814,0.000556442,0.000568319,0.000583655,0.000589615,0.000602325,0.000619287,0.000631248,0.000656878,0.000676006,0.000694343,0.000707471,0.000736643,0.000776359,0.000797113,0.000826911,0.000870003,0.000898967,0.00097794,0.00101799,0.001069541,0.00114043,0.0011994,0.001306963,0.00140444,0.001500625,0.001640652,0.001799392,0.001976051,0.002156003,0.002332329,0.002558289,0.002810713,0.003100103,0.00333269,0.003594908,0.003875462,0.00414614,0.004403857,0.004668158,0.004892118,0.005066694,0.005260773,0.005462896,0.005548913,0.005645723,0.005660226,0.005710486,0.005702609,0.005689148,0.005668936,0.005667019,0.00563893,0.005552913,0.005510197,0.005464813,0.005372462,0.005308824,0.005257356,0.005132207,0.005039272,0.004989429,0.004915789,0.004848443,0.004777638,0.004705915,0.00465278,0.004637235,0.004578766,0.004503418,0.004456658,0.004411441,0.004337844,0.004317131,0.004229156,0.004220946,0.004149099,0.004115717,0.004046037,0.004041619,0.003995902,0.003965605,0.003950643,0.003949893,0.0039421,0.003920262,0.003938724,0.003970856,0.003950185,0.003920221,0.003947268,0.003932682,0.003904051,0.003920513,0.003946559,0.003912428,0.003914636,0.003908719,0.003878671,0.003881047,0.003892424,0.003850541,0.003878421,0.003860418,0.003802948,0.003864168,0.003858917,0.003858417,0.003839372,0.003814784,0.003841289,0.003855917,0.003798822,0.003817951,0.003799822,0.003804698,0.003823827,0.003849874,0.003801698,0.003814617,0.003801531,0.003788445,0.00378086,0.003808074,0.003784861,0.003805073,0.003827453,0.003812408,0.003851999,0.003846165,0.003808824,0.003870253,0.003831579,0.003812992,0.003830662,0.003803698,0.003795488,0.003823535,0.003819159,0.003806865,0.003808991,0.003829995,0.00378782,0.003805824,0.003821827,0.003826953,0.003827911,0.003818368,0.003848832,0.003851582,0.003847998,0.003869711,0.00387342,0.003895966,0.003884714,0.003884547,0.003925222,0.003915845,0.003922346,0.003932348,0.003946101,0.003925222,0.003931806,0.003934349,0.003942225,0.003965855,0.003949018,0.003941558,0.003973398,0.003991151,0.004002862,0.00402545,0.00399957,0.004025908,0.004025825,0.004089837,0.004142639,0.004142139,0.004204401,0.004246993,0.004311005,0.004357598,0.004401231,0.004471578,0.004492082,0.004536257,0.004586767,0.004657781,0.004673451,0.004742964,0.004821063,0.004891326,0.004990346,0.005031187,0.005129414,0.005208763,0.00529453,0.00537092,0.005449143,0.005544703,0.005596088,0.005676021,0.005712028,0.005833051,0.005852263,0.005862265,0.005895397,0.005888604,0.005887937,0.005871267,0.005803504,0.005755828,0.00566356,0.005565249,0.005411969,0.005218515,0.005033312,0.004796683,0.004577099,0.004312047,0.00401849,0.003776068,0.003470258,0.003213708,0.002962201,0.00267327,0.002458311,0.00226469,0.00205565,0.00187028,0.001701206,0.001565388,0.001443906,0.001337677,0.001251077,0.001186564,0.001109299,0.001037702,0.000978399,0.000916637,0.000882838,0.000844873,0.000799656,0.000773275,0.000750271,0.000710138,0.000692343,0.000662587,0.000651877,0.000634957,0.000626247,0.000599033,0.000594532,0.000587448,0.000559942,0.000555316,0.000532895,0.000529936,0.000513642,0.000518142,0.000511641,0.000509099,0.000493888,0.000503806,0.000486636,0.000471883,0.000473342,0.000465882,0.000457714,0.000451713,0.000450838,0.000453171,0.000439669,0.000441211,0.000440336,0.000435668,0.000440294,0.000433543,0.000431751,0.000427625,0.00042825,0.000412372,0.000422207,0.000417331,0.00042204,0.000418498,0.000413664,0.000411872,0.000412038,0.000405954,0.000402828,0.000413914,0.00041133,0.000390451,0.00040412,0.000397952,0.000388576,0.000386117,0.000391118,0.000393827,0.000385283,0.000382783,0.000383825,0.000380157,0.000371531,0.000365363,0.000364321,0.000363946,0.000346692,0.000362654,0.0003439,0.000339649,0.000334565,0.000330148,0.000330481,0.000312311,0.000315936,0.000311269,0.000305268,0.000294057,0.000295474,0.000279804,0.000281388,0.000278804,0.000276637,0.000273928,0.000261426,0.000257883,0.000254174,0.000251841,0.000249465,0.000244006,0.000241755,0.000241797,0.000237713,0.000227919,0.000226752,0.000224252,0.00021225,0.000217001,0.000210249,0.00021425,0.000216375,0.00020404,0.000209666,0.000204873,0.000208207,0.000203873,0.000192496,0.000193954,0.000196622,0.000189745,0.000183494,0.000186911,0.000182077,0.000179202,0.00017816,0.00018016,0.000176284,0.000179202,0.000182452,0.000183952,0.000173659,0.000166032,0.000173284,0.000172534,0.00017195,0.000163073,0.000164532,0.000161781,0.000164282,0.000154197,0.000158072,0.000160948,0.000160698,0.000154572,0.00017891,0.000165824,0.000154155,0.000165491,0.000160448,0.000169575,0.000179285,0.000155947,0.000148862,0.00015253,0.000155447,0.00015628,0.000141528,0.000150738,0.000135943,0.000140402,0.000136818,0.000140361,0.000128817,0.000131359,0.000143361,0.000134735,0.000131817,0.00012915,0.000125191,0.000117314,0.000123982,0.000115981,0.000118856,0.000112188,0.000117856,0.000111605,0.000110438,0.000108396,0.000102478,9.95E-05,9.80E-05,9.88E-05,9.22E-05,9.03E-05,8.61E-05,8.48E-05,9.06E-05,8.58E-05,8.47E-05,8.27E-05,8.65E-05,8.04E-05,7.94E-05,7.26E-05,7.54E-05,7.68E-05,6.68E-05
,HNGK072,#N/A,7.29E-05,7.23E-05,8.03E-05,7.86E-05,7.78E-05,8.07E-05,8.74E-05,8.90E-05,8.64E-05,9.35E-05,9.37E-05,9.45E-05,9.67E-05,0.000101488,9.86E-05,9.87E-05,0.00010082,0.000110596,0.000112847,0.000108451,0.000118087,0.000113867,0.000117383,0.000115906,0.000119774,0.000121392,0.000120443,0.000124311,0.000133419,0.000130535,0.000126561,0.000133102,0.000134228,0.00013254,0.000136549,0.000143863,0.000137322,0.000138764,0.000145973,0.000145867,0.000154729,0.000155046,0.000148716,0.000154272,0.000151353,0.000152549,0.000151142,0.00015814,0.000150439,0.00016127,0.000160778,0.000160918,0.000153323,0.000158879,0.000154061,0.000155327,0.000160954,0.000160954,0.000164013,0.000172629,0.000173648,0.000168163,0.000162571,0.000161551,0.000161446,0.000169956,0.000173437,0.00017073,0.000175231,0.000170378,0.000174914,0.000176602,0.000182756,0.000183424,0.000183249,0.000175899,0.000183249,0.000187293,0.00019299,0.000193798,0.000192216,0.000200163,0.000196119,0.000199741,0.000206071,0.000212507,0.000218379,0.000214335,0.000219294,0.000220032,0.000225869,0.000222669,0.000232094,0.000227522,0.000238599,0.000244964,0.000250872,0.000254494,0.000249571,0.000263884,0.000249431,0.000263532,0.000271374,0.000277071,0.000281889,0.000286284,0.000288113,0.000291172,0.000290821,0.000306505,0.00030668,0.000313538,0.000318531,0.000316562,0.000325353,0.000332492,0.00033833,0.000338259,0.00034807,0.000352255,0.000358585,0.000358761,0.000364352,0.000364352,0.000372475,0.000368045,0.000376062,0.000396845,0.000391641,0.00038408,0.000392625,0.000387421,0.000397689,0.000395474,0.00039681,0.000401874,0.000402542,0.000412142,0.000417277,0.000410173,0.000412564,0.000413619,0.000407043,0.000414428,0.000412529,0.000416608,0.000416011,0.000423677,0.000423431,0.000423571,0.000420301,0.000427053,0.000438024,0.000428424,0.000434086,0.000436055,0.00043922,0.00043915,0.000449418,0.000453427,0.000456803,0.000464715,0.00046461,0.000469357,0.000471854,0.000490034,0.000496153,0.000510712,0.000514545,0.0005124,0.000536207,0.00052418,0.000543697,0.000556111,0.000573061,0.000582169,0.000583786,0.000616526,0.000622433,0.000629642,0.000658092,0.000674795,0.00069913,0.000717803,0.000741505,0.000765769,0.000807722,0.0008233,0.000883434,0.000919303,0.000972297,0.001021389,0.001083069,0.00115006,0.001225139,0.001305176,0.001396924,0.001518773,0.001663163,0.001812829,0.001987954,0.002171308,0.002351779,0.002597482,0.002837945,0.003105732,0.003381291,0.003676859,0.003954703,0.004253928,0.004539228,0.00475293,0.005045157,0.005248661,0.005410881,0.005587624,0.005735847,0.005810575,0.005819085,0.005876299,0.005866101,0.005882981,0.005836984,0.005789475,0.005757228,0.005718194,0.005644909,0.005562515,0.005484799,0.00542231,0.005362282,0.005222709,0.005147384,0.005079971,0.005022159,0.004880968,0.004844994,0.004745369,0.004692761,0.004649367,0.004561171,0.004518058,0.004433379,0.004413932,0.004325139,0.004265357,0.004226429,0.004159227,0.004125644,0.004053167,0.00401772,0.0039828,0.00393283,0.0039041,0.003895097,0.003876072,0.003873576,0.003864819,0.003868019,0.00385005,0.00385652,0.00385849,0.003854129,0.00383106,0.003845795,0.003836441,0.003813688,0.003835351,0.003802717,0.003809011,0.003789987,0.003793468,0.003802576,0.003764703,0.003768149,0.003746416,0.003766848,0.003745186,0.003730697,0.003755489,0.003738399,0.003747401,0.003730451,0.003758338,0.003711989,0.003732667,0.003755032,0.003694863,0.003710055,0.003738399,0.003710266,0.003711637,0.003713114,0.003704323,0.003710829,0.003701299,0.003707945,0.003724156,0.00371438,0.003728306,0.003725493,0.003705483,0.003739876,0.003755841,0.003710547,0.003717475,0.00370696,0.003712024,0.003727357,0.003734355,0.003728482,0.003713431,0.00371846,0.003719022,0.003697677,0.003706081,0.003716596,0.003747577,0.003724121,0.003743462,0.003749792,0.003744799,0.003782461,0.003762839,0.003764808,0.003794101,0.00379062,0.003814392,0.003806726,0.003820933,0.003870798,0.003840872,0.003841645,0.0038427,0.003843685,0.003841751,0.003855149,0.003882297,0.003869813,0.003867773,0.003883633,0.003899669,0.003901321,0.0039329,0.003936347,0.003964901,0.003965991,0.004021342,0.004057985,0.004125222,0.004150963,0.004213945,0.004280619,0.004317227,0.004378591,0.004440799,0.004495482,0.004557866,0.00462672,0.004662624,0.004745299,0.004755849,0.004849636,0.004941981,0.005015864,0.005101247,0.005221619,0.005323142,0.00542653,0.005497599,0.005562058,0.005658799,0.005729025,0.005819964,0.005849538,0.005927114,0.005996742,0.006030958,0.006040101,0.006063592,0.006073016,0.006061904,0.005993085,0.005925355,0.005828228,0.00569087,0.005554462,0.005378915,0.005176185,0.004901611,0.004667196,0.004410627,0.004111824,0.003813126,0.003550262,0.003270835,0.002969605,0.002729986,0.002485936,0.002272023,0.002072774,0.001878624,0.001715068,0.001573772,0.00144278,0.001341959,0.001273527,0.001173164,0.0011214,0.001055675,0.000981405,0.000927109,0.000893245,0.000841164,0.000802025,0.000772415,0.000743157,0.000713196,0.000697266,0.000669239,0.000658689,0.000635234,0.000618952,0.00060573,0.000586142,0.000580094,0.000570845,0.000551188,0.00053691,0.000532585,0.000523723,0.000521156,0.000506492,0.000507934,0.000497876,0.000490175,0.000474948,0.000484021,0.000464399,0.000458913,0.000453005,0.000448363,0.000447519,0.000443897,0.000453251,0.000438833,0.00044024,0.000431941,0.000438763,0.000428705,0.000426455,0.000421145,0.000418156,0.000416433,0.000417874,0.000409927,0.000422411,0.000418156,0.000409399,0.000402577,0.000403597,0.000404125,0.000400467,0.00040729,0.0004043,0.000399237,0.000398498,0.000391922,0.000394489,0.000390726,0.000387632,0.000383412,0.000388265,0.000380212,0.00038714,0.000379614,0.000378313,0.000370576,0.000363262,0.000361117,0.000355631,0.000360976,0.000346277,0.000346277,0.000332633,0.00033622,0.000331648,0.00032669,0.000318566,0.000310935,0.000305239,0.000306258,0.000306469,0.000293845,0.000287937,0.000290082,0.000274328,0.000270917,0.000260508,0.00025773,0.000256745,0.000256218,0.000254635,0.000249782,0.000243136,0.000240815,0.000239514,0.000228859,0.000226643,0.000230195,0.000219891,0.000212085,0.000209412,0.00021437,0.000210537,0.000201781,0.000211944,0.000210397,0.000202977,0.00019619,0.000196787,0.00020157,0.000191864,0.000190563,0.000188734,0.000186027,0.000180857,0.000181947,0.000185218,0.000184726,0.000185288,0.000181772,0.000190669,0.000189719,0.000172382,0.000177903,0.000171257,0.000174387,0.000175125,0.000161622,0.000167248,0.000164892,0.000169815,0.000158246,0.000167811,0.000163837,0.00016236,0.000158457,0.00019204,0.000167952,0.000159969,0.000170132,0.00016331,0.000177552,0.00018469,0.000160954,0.000158879,0.000153358,0.000162536,0.000162114,0.00014963,0.000153569,0.000143406,0.000143511,0.000142632,0.000150615,0.000138272,0.000137955,0.000151248,0.000137709,0.000136654,0.000130008,0.000127827,0.000119423,0.000121251,0.000117102,0.000124803,0.000115695,0.000120407,0.000114359,0.00010933,0.000106587,0.000107642,0.000103809,0.00010184,0.000105673,9.82E-05,9.10E-05,8.93E-05,8.97E-05,8.69E-05,9.11E-05,8.87E-05,8.22E-05,9.01E-05,8.38E-05,7.87E-05,7.27E-05,7.46E-05,7.44E-05,7.36E-05
,HNGK073,#N/A,7.36E-05,7.30E-05,8.35E-05,7.64E-05,7.60E-05,7.98E-05,8.90E-05,8.92E-05,8.76E-05,9.41E-05,9.46E-05,9.74E-05,1.00E-04,0.000107603,0.000104862,0.000103658,0.000103402,0.000116055,0.000113776,0.000108525,0.000116875,0.000115543,0.000118104,0.000118694,0.000120077,0.000120179,0.000122075,0.000129272,0.000133985,0.000138621,0.000130168,0.00013022,0.000133985,0.000140107,0.000136188,0.000145588,0.000136367,0.000142822,0.000140414,0.00014692,0.000155372,0.000152888,0.000150301,0.00014756,0.000152222,0.000154297,0.000148431,0.00015258,0.000147765,0.000160597,0.000157831,0.000154834,0.00015381,0.000160341,0.000154168,0.000156038,0.000166258,0.00015737,0.000164235,0.000170997,0.000182958,0.000172866,0.000169485,0.000165182,0.000157114,0.000163953,0.000170203,0.000171534,0.000175351,0.000172764,0.000173686,0.000173917,0.000177221,0.000177964,0.000184572,0.000178399,0.000183701,0.000183009,0.000193511,0.000191155,0.00019054,0.00020181,0.000193767,0.000203423,0.000207112,0.000208444,0.000213182,0.000212696,0.000220918,0.000225272,0.000219791,0.000224939,0.000233315,0.000227705,0.000238104,0.000241921,0.000247735,0.000255086,0.00025839,0.000260337,0.000252909,0.000260721,0.000277319,0.000270864,0.000287154,0.000288281,0.000281776,0.000286821,0.000296375,0.000300576,0.000300422,0.000311692,0.000319991,0.00031451,0.000327778,0.000322552,0.000335769,0.000339637,0.000352623,0.00035772,0.000364251,0.000355235,0.000358949,0.000370527,0.000368247,0.000366019,0.000379978,0.000391248,0.000381028,0.000388021,0.000400392,0.000391658,0.000401084,0.000405643,0.0003955,0.000404695,0.000405208,0.000410817,0.000412533,0.000403517,0.000416503,0.000421191,0.000413378,0.000410843,0.000423265,0.000430283,0.000419526,0.00042849,0.000422932,0.000424572,0.000418988,0.000425186,0.000435073,0.000433255,0.000438172,0.000442322,0.000437558,0.00043889,0.000445062,0.000454335,0.000459176,0.000462198,0.000469165,0.00047772,0.000481664,0.000483637,0.000501054,0.000512785,0.000519547,0.000510505,0.000530612,0.000533788,0.000536657,0.000557071,0.000572695,0.000577869,0.000581711,0.000607069,0.000618646,0.000633553,0.000660268,0.00066931,0.000702787,0.000726889,0.000726403,0.000757882,0.000801963,0.000832136,0.000877241,0.000907209,0.000960639,0.001020165,0.00107503,0.001136528,0.001203226,0.001297202,0.001394611,0.00151187,0.001634303,0.001797129,0.001966871,0.00213692,0.002335374,0.002567075,0.002817371,0.003081141,0.003360534,0.003628325,0.003898036,0.004198049,0.00446566,0.004726407,0.004982082,0.00518279,0.005369616,0.005499426,0.005637509,0.005732638,0.00575715,0.005810914,0.005793471,0.005806636,0.005771417,0.005745829,0.005704976,0.005665326,0.00557847,0.005495302,0.005449633,0.005374227,0.00529987,0.005211119,0.005122547,0.005043273,0.004954932,0.004890641,0.004830526,0.004759781,0.004671158,0.004610454,0.004552413,0.004534176,0.004450241,0.004408183,0.004351065,0.004284879,0.004232192,0.004164162,0.004160192,0.004066676,0.004045443,0.004013989,0.003961276,0.003917579,0.003914455,0.003895603,0.003890864,0.00389673,0.003895603,0.003896884,0.003899266,0.003903236,0.003889661,0.003869708,0.003886664,0.003881797,0.003856209,0.003855313,0.003849575,0.00384353,0.003846758,0.003833925,0.003828572,0.003792047,0.003811437,0.003798937,0.003799321,0.003797938,0.003774143,0.003800423,0.00376377,0.003771428,0.003778113,0.003783671,0.003763872,0.003780879,0.003759082,0.003746071,0.003749861,0.003757545,0.003744534,0.003757597,0.003749221,0.003748504,0.003740359,0.003757315,0.003740359,0.00371723,0.00375898,0.003765767,0.003750041,0.003764871,0.003745866,0.003804572,0.003740436,0.003752039,0.003764231,0.003757776,0.003740231,0.003743996,0.003773631,0.003745661,0.003747556,0.003768559,0.003753345,0.00375314,0.003743637,0.003770071,0.003785977,0.00377965,0.003792201,0.003803496,0.003793968,0.00382222,0.003832568,0.003812051,0.003835949,0.003834975,0.003871526,0.00384645,0.003863663,0.003881285,0.003887663,0.003883974,0.003885204,0.003883846,0.003877597,0.003903287,0.003922907,0.003906847,0.003921088,0.003926237,0.003931641,0.00395746,0.00396061,0.0039915,0.004016627,0.004036734,0.004112525,0.004137165,0.004175842,0.004215184,0.004284828,0.004339001,0.004399987,0.00446443,0.004497677,0.004557434,0.004586684,0.004678509,0.004727764,0.004751559,0.004838133,0.004896507,0.005000447,0.005118423,0.005164886,0.005255328,0.005367721,0.005476656,0.005529855,0.005630184,0.005673804,0.005774619,0.005794649,0.005887498,0.005926252,0.005955784,0.005984958,0.00601864,0.006013031,0.00596188,0.00590197,0.005834452,0.00576714,0.005644143,0.005495251,0.005305787,0.005090402,0.004849839,0.004612836,0.004344354,0.004058121,0.00378987,0.003484222,0.003233567,0.002971873,0.002722063,0.002454734,0.00228553,0.002062538,0.001872946,0.00170241,0.001562073,0.00143193,0.001340618,0.001259704,0.001178765,0.001117958,0.001037224,0.000978748,0.000908054,0.000887948,0.000836413,0.000791436,0.000769997,0.000741822,0.000713186,0.000690262,0.000673587,0.000649152,0.000646334,0.000628328,0.000612499,0.000584631,0.0005823,0.000557814,0.000554535,0.000533455,0.000537989,0.000520571,0.000517037,0.000512273,0.000507816,0.000501822,0.000491705,0.000481357,0.000480128,0.00046896,0.000464119,0.000457921,0.000457844,0.000449161,0.000441502,0.000446036,0.000444806,0.000443602,0.00043684,0.0004341,0.000431795,0.000425442,0.000421319,0.000427056,0.000412687,0.000423188,0.000414301,0.000415709,0.000422343,0.000413711,0.000403363,0.000411381,0.000410484,0.000401519,0.000405874,0.000406207,0.000400085,0.000393938,0.000389788,0.000387662,0.000388175,0.000385178,0.000386202,0.000389225,0.000380132,0.000381233,0.000381541,0.00037483,0.000361767,0.00036356,0.000361588,0.000354518,0.000369682,0.000341737,0.000345144,0.000330441,0.000337588,0.000332106,0.000321528,0.000320196,0.000305135,0.000308286,0.00030324,0.000293788,0.00028946,0.000285233,0.000282621,0.000272375,0.000269558,0.000262053,0.000258032,0.000248555,0.000252602,0.000250015,0.000244405,0.000249041,0.000244661,0.00023895,0.000229165,0.000223428,0.000229114,0.000223325,0.000210979,0.000212824,0.000218638,0.000211056,0.00020683,0.000207701,0.000206062,0.000208777,0.000206164,0.000199761,0.000205447,0.00019661,0.000191257,0.000190053,0.00018785,0.000185801,0.000184726,0.00018785,0.000179833,0.000183214,0.000183624,0.000194254,0.000185571,0.000174659,0.000177169,0.000177246,0.000178245,0.000172559,0.000164286,0.00016987,0.000164516,0.0001701,0.000161084,0.000168282,0.00016654,0.000164798,0.000157652,0.000188875,0.000166309,0.000160802,0.000173942,0.000168717,0.000179347,0.00018826,0.000161776,0.000157806,0.000156551,0.000161494,0.000157754,0.00014838,0.000154476,0.000138749,0.000138852,0.000138467,0.000154168,0.000137059,0.00013588,0.000146664,0.000139927,0.000134446,0.000129579,0.000130015,0.000123381,0.000125993,0.000114058,0.000119257,0.000115569,0.000120794,0.000112034,0.000110779,0.000108576,0.000108294,0.000104862,0.000100201,0.000110446,9.46E-05,9.06E-05,9.14E-05,9.21E-05,9.23E-05,9.90E-05,9.22E-05,8.65E-05,8.93E-05,8.63E-05,8.23E-05,7.71E-05,7.75E-05,7.33E-05,7.10E-05
,HNGK074,#N/A,6.97E-05,7.16E-05,7.91E-05,7.16E-05,7.51E-05,7.71E-05,8.47E-05,8.55E-05,8.30E-05,9.37E-05,9.11E-05,9.49E-05,8.96E-05,0.000101936,9.61E-05,9.85E-05,0.000103114,0.000108105,0.000106865,0.000106276,0.00011198,0.000111298,0.000113747,0.000108756,0.000114895,0.000118739,0.000115391,0.000120134,0.000127823,0.000126117,0.000124846,0.0001299,0.000131109,0.000134643,0.00013238,0.000140037,0.00012928,0.00013393,0.000137805,0.000142983,0.000152314,0.000147633,0.000145122,0.000141092,0.000149648,0.000147571,0.000144719,0.000149431,0.00014413,0.00015343,0.000156438,0.000151942,0.00014847,0.000154454,0.000152159,0.000150051,0.000160499,0.000155725,0.000161305,0.000165335,0.000175845,0.000167971,0.000164591,0.000154795,0.000162235,0.000162824,0.000166637,0.000164157,0.000171536,0.000170296,0.000172683,0.000172962,0.000176093,0.00017724,0.000179596,0.000176341,0.000179627,0.000182294,0.000187161,0.000184371,0.000187223,0.000192245,0.00019271,0.000198849,0.000200089,0.000208894,0.00020384,0.000209669,0.000213885,0.000216799,0.000216179,0.000219279,0.000223465,0.000223682,0.0002292,0.000236982,0.000248453,0.000247988,0.000247677,0.00025301,0.000253103,0.000263365,0.00026848,0.000273688,0.000279765,0.00028364,0.000279083,0.000279703,0.000291794,0.000303978,0.000297622,0.00030035,0.000311449,0.000312844,0.000318084,0.000329152,0.000332469,0.000334732,0.000340808,0.000349117,0.000353426,0.000351938,0.000357705,0.000364463,0.0003653,0.000363626,0.000367563,0.000385173,0.000380088,0.000386816,0.00038139,0.00039252,0.000390629,0.00039993,0.000397729,0.000407928,0.00039807,0.000402193,0.000409045,0.000403216,0.00041168,0.000411277,0.000407711,0.000409262,0.000404766,0.000420856,0.000417322,0.000417322,0.000418066,0.000418903,0.000417725,0.000422252,0.000428886,0.000421724,0.000439644,0.000438652,0.000441473,0.000437536,0.000447456,0.000456819,0.000451487,0.000467887,0.000464756,0.000469437,0.000478676,0.000489279,0.000496688,0.000504873,0.000510639,0.000510577,0.000529272,0.000529365,0.00053603,0.000551252,0.00056604,0.000578906,0.000580983,0.000605568,0.000617597,0.000633222,0.000651607,0.000672037,0.000695165,0.000708806,0.000737514,0.000759371,0.000796883,0.000823856,0.000864872,0.000910321,0.000948516,0.001021402,0.001059411,0.001124361,0.001219104,0.001287464,0.001385431,0.001498497,0.001651896,0.001773797,0.00196781,0.002134509,0.002315532,0.002553258,0.002809895,0.003066346,0.003320317,0.003597633,0.003882854,0.004189932,0.004437113,0.004695952,0.004920253,0.005128434,0.005330662,0.005481581,0.005584478,0.005701171,0.005739707,0.005801897,0.00578187,0.005759238,0.005746217,0.005753286,0.005700489,0.005673982,0.005577657,0.005533479,0.005430179,0.005392047,0.005279322,0.005239205,0.005128372,0.005052385,0.004958758,0.004887453,0.00482303,0.004754484,0.004706957,0.004650502,0.004594977,0.004525315,0.004477943,0.004406483,0.004369032,0.004323738,0.004241365,0.004187514,0.00414625,0.004112674,0.004071565,0.004040532,0.003986712,0.003972079,0.003917266,0.003940487,0.003930318,0.003902292,0.003917949,0.003943711,0.003929791,0.003915871,0.00388366,0.003907811,0.00390499,0.003905145,0.003912244,0.003884962,0.003878762,0.003876033,0.003878886,0.003882265,0.003836536,0.003830119,0.003812851,0.003832754,0.003813657,0.003812045,0.003803364,0.003807177,0.003799737,0.003805286,0.003808417,0.003814835,0.003785383,0.00377261,0.003774284,0.003799427,0.003783802,0.003798869,0.00379704,0.003802341,0.003783398,0.003783367,0.003788483,0.003796853,0.003773168,0.003790126,0.003789072,0.003775431,0.003776423,0.003801628,0.003764363,0.003839637,0.003780205,0.003770564,0.003781848,0.003771091,0.003779089,0.003792792,0.00377447,0.003769509,0.003766006,0.003794218,0.003790994,0.003782561,0.003775493,0.003807549,0.003800636,0.003806588,0.003820105,0.003822895,0.003831886,0.003849588,0.003873522,0.003867632,0.003869058,0.003855386,0.003898262,0.003871662,0.003913825,0.003894356,0.00389944,0.003922165,0.003903718,0.003913112,0.00393531,0.003934783,0.003931404,0.003925451,0.00394644,0.003951524,0.003958624,0.003973815,0.003978062,0.0039975,0.004029929,0.004072743,0.004141134,0.004172261,0.004190397,0.004234172,0.004305694,0.004358863,0.004421147,0.004474967,0.004525315,0.004561464,0.004608184,0.004659493,0.004741742,0.004767102,0.004846623,0.004926857,0.005009633,0.005115599,0.005157018,0.005260287,0.005362811,0.005464747,0.005536331,0.005608443,0.005654233,0.005782304,0.005784288,0.005846975,0.005919055,0.005942524,0.00594674,0.005962427,0.005983044,0.005942307,0.005864801,0.005780816,0.00574197,0.005589283,0.005440131,0.005254582,0.005071204,0.004800956,0.004575973,0.004324637,0.004016288,0.00374725,0.00347446,0.003191688,0.002912171,0.002680305,0.002438766,0.00223474,0.002030838,0.001854651,0.001687115,0.001544411,0.001418015,0.001321009,0.001228591,0.001153689,0.001103806,0.001027448,0.000960886,0.000907717,0.000884062,0.000833063,0.000794124,0.000757697,0.000737328,0.000708279,0.000686484,0.000660349,0.000652413,0.000622154,0.000614838,0.000594314,0.000578348,0.000565048,0.000564149,0.000557918,0.000534077,0.000532775,0.000511631,0.000517336,0.000505338,0.000502424,0.000488069,0.000484101,0.000480629,0.000476692,0.000471142,0.000462245,0.000454773,0.000453285,0.00045065,0.00044231,0.000446712,0.000440419,0.000438528,0.000434032,0.000433598,0.000432203,0.000429103,0.000422872,0.000419306,0.000416485,0.000414191,0.000414997,0.000423027,0.000413509,0.000408859,0.000408269,0.000405417,0.000406347,0.00039807,0.000409634,0.000409882,0.000397295,0.000389389,0.000390877,0.000389761,0.000387963,0.000391125,0.000382724,0.000379437,0.000379654,0.000381111,0.000375593,0.000371005,0.000368059,0.000363564,0.000354511,0.000353643,0.000359503,0.000343816,0.000338266,0.000327012,0.000333089,0.000328346,0.000317774,0.000309093,0.000302242,0.000299389,0.000296692,0.000297343,0.000291546,0.000285407,0.000285097,0.000276355,0.00027189,0.00026507,0.000258342,0.00025239,0.000250902,0.000251553,0.000247988,0.00024219,0.000236114,0.000237478,0.000227743,0.000218659,0.000223713,0.000214381,0.000213389,0.000209049,0.000209545,0.000204677,0.000199624,0.000208367,0.000207002,0.000203995,0.000199872,0.000195346,0.000193578,0.000195191,0.000190974,0.000186665,0.000184371,0.0001893,0.000177426,0.000182139,0.000181085,0.000185394,0.000181829,0.000181736,0.0001831,0.000172869,0.000171908,0.000168839,0.000171753,0.00016425,0.000167847,0.000162266,0.000158205,0.000165583,0.000156128,0.000158515,0.000163227,0.000162266,0.0001565,0.000169428,0.000160096,0.000155229,0.000161925,0.000155973,0.000169056,0.00017321,0.000156748,0.000150392,0.000151167,0.000160716,0.000153337,0.000147602,0.000152159,0.000137433,0.000136782,0.000136038,0.000145773,0.000131853,0.000134147,0.000146486,0.000130024,0.000129962,0.000124567,0.000124629,0.00011691,0.000120227,0.000112011,0.000112352,0.000111081,0.000114523,0.000110306,0.000110058,0.000107733,0.000103455,0.000103889,9.93E-05,9.91E-05,8.99E-05,8.94E-05,8.70E-05,8.66E-05,9.00E-05,8.96E-05,8.42E-05,8.18E-05,8.56E-05,8.25E-05,7.84E-05,7.02E-05,7.26E-05,7.28E-05,6.56E-05
,HNGK075,#N/A,7.27E-05,7.23E-05,7.80E-05,7.22E-05,7.63E-05,7.98E-05,8.36E-05,8.71E-05,8.46E-05,8.94E-05,9.06E-05,9.43E-05,9.59E-05,9.43E-05,9.32E-05,9.61E-05,0.000101798,0.000109069,0.000111655,0.000103478,0.000115694,0.000114272,0.000118118,0.000115694,0.00011382,0.00010894,0.00011828,0.000120703,0.000124711,0.000124387,0.00012135,0.000127587,0.000126359,0.0001293,0.000133081,0.000139867,0.000130075,0.000136571,0.000133145,0.000144262,0.000151049,0.000144973,0.00014255,0.000140675,0.000149207,0.000144133,0.000144715,0.000148528,0.00014688,0.000155315,0.000156123,0.000153279,0.000154313,0.000157027,0.000150176,0.000153699,0.000154087,0.000154184,0.000156284,0.000159225,0.000168015,0.000162037,0.000160712,0.000152826,0.000157383,0.000164202,0.000167563,0.000166141,0.000170277,0.00017296,0.000166852,0.000170342,0.000174123,0.000170342,0.00017729,0.000178292,0.000179811,0.000184917,0.000181039,0.000191477,0.00018873,0.000191413,0.000192156,0.00019542,0.000201916,0.000205018,0.000203273,0.000201948,0.000211643,0.000221047,0.000215586,0.000216684,0.000225087,0.000231938,0.00023811,0.000236721,0.000243152,0.000242958,0.000251974,0.000251942,0.000248516,0.000263641,0.000267874,0.000260571,0.000275145,0.000276277,0.00027912,0.00028051,0.000290754,0.000293404,0.000300062,0.000304295,0.000314443,0.000310662,0.000318999,0.000327822,0.000331215,0.000335998,0.000343172,0.00034537,0.000352512,0.000343463,0.000356713,0.000361334,0.000365083,0.000369834,0.000370222,0.000395978,0.000378656,0.000384215,0.000393005,0.000383278,0.000395041,0.000399598,0.000395784,0.000395784,0.000392843,0.000398531,0.000404671,0.000406966,0.000410488,0.000409002,0.000402538,0.000416693,0.000409939,0.00042041,0.000415465,0.000418923,0.000410876,0.000423512,0.000420797,0.000422963,0.00043702,0.000428263,0.000434241,0.000436859,0.000442191,0.000443451,0.000440608,0.000459771,0.000464425,0.000455829,0.00047189,0.000469563,0.000484591,0.00048918,0.000494997,0.000501266,0.000507213,0.000510574,0.000534811,0.000539465,0.000538301,0.000547285,0.000570166,0.000590235,0.000598992,0.000600608,0.000627722,0.000626914,0.000653382,0.000676294,0.000706414,0.00071711,0.000740475,0.000770304,0.000815871,0.000841401,0.000884576,0.000922839,0.000978844,0.001031618,0.001078768,0.001145017,0.001223192,0.001314616,0.001429115,0.001542224,0.001667225,0.001817789,0.002030111,0.002171174,0.002356414,0.002604736,0.002852994,0.003107748,0.003373133,0.003675813,0.003951766,0.004251925,0.004505289,0.004767281,0.005000092,0.005203009,0.005359972,0.005546796,0.005677679,0.005740535,0.005764191,0.005820842,0.005796249,0.005820131,0.005783419,0.0057533,0.005719303,0.005637541,0.005589066,0.005534321,0.005434139,0.005405086,0.005311691,0.005197774,0.005112684,0.005026301,0.004948514,0.004880326,0.004819699,0.004751285,0.00468022,0.004620272,0.004595227,0.004502154,0.004441592,0.004407951,0.004330907,0.004296134,0.004220125,0.004169776,0.004142371,0.004087465,0.004045582,0.003988317,0.003966955,0.003929888,0.003907428,0.003891301,0.003905973,0.003884095,0.003900286,0.003894468,0.003889783,0.003898799,0.003871911,0.0038532,0.003880249,0.003871717,0.003857886,0.003860051,0.003860568,0.003839595,0.003843505,0.003839207,0.003807375,0.003796452,0.003793995,0.003793737,0.003765104,0.003770437,0.003778548,0.003777902,0.003802301,0.003756799,0.003765524,0.003791895,0.003742741,0.003755183,0.003777902,0.003741028,0.003753373,0.003758156,0.003746231,0.003760289,0.003736795,0.003740705,0.003750691,0.003736601,0.003730428,0.003759901,0.003759352,0.003743807,0.003750465,0.003752856,0.00377913,0.003814484,0.003743937,0.003756993,0.003747912,0.003737376,0.003758027,0.003750917,0.003774573,0.003730493,0.003753082,0.003751402,0.003740156,0.003740996,0.003748299,0.003791733,0.003777999,0.003771406,0.003770857,0.003791055,0.003799425,0.003808086,0.003829609,0.003820786,0.003841889,0.003848643,0.003849128,0.003839595,0.003870845,0.003866224,0.003869003,0.003892691,0.003869132,0.00388891,0.003893337,0.003893467,0.003914957,0.00390439,0.003919159,0.003960395,0.003947533,0.003990159,0.003953931,0.003986539,0.004004346,0.004044063,0.004101716,0.004133969,0.004159499,0.004230919,0.004292127,0.004358377,0.004401358,0.004459237,0.004501282,0.004541968,0.004621145,0.004678087,0.004719388,0.004761626,0.004813236,0.004895547,0.005006167,0.005083372,0.005150365,0.005279535,0.00536999,0.005480384,0.005521556,0.005619702,0.005678681,0.005781416,0.005824526,0.005896205,0.005935696,0.00597787,0.005994707,0.006002657,0.006016682,0.005989601,0.005927068,0.005861594,0.005775243,0.00566863,0.005525822,0.005321159,0.005116206,0.004909669,0.004646901,0.004372725,0.004106402,0.003832453,0.003531647,0.003250847,0.002989048,0.002734618,0.002508691,0.002294883,0.002075516,0.001887787,0.001730114,0.001593026,0.001442946,0.001353073,0.001266917,0.001183959,0.001107401,0.001051072,0.000983627,0.000919123,0.000883801,0.000838395,0.000820298,0.000775539,0.000745775,0.000716076,0.000698496,0.000681917,0.000662592,0.000632957,0.000623779,0.000602062,0.000591947,0.000575918,0.000570037,0.000563379,0.000540499,0.000539174,0.000517005,0.000516714,0.000507116,0.000503496,0.000490214,0.000485722,0.000475833,0.000476835,0.000466784,0.000466429,0.000451822,0.000450238,0.000442934,0.000440672,0.000442547,0.000427907,0.000443451,0.000431139,0.000436309,0.000423577,0.000427713,0.000420668,0.00042613,0.000417598,0.000418955,0.000408065,0.000418309,0.000422575,0.000409907,0.000408743,0.000402959,0.000404187,0.000399856,0.000408646,0.00040409,0.000396075,0.00039307,0.000383439,0.000393102,0.00038234,0.00038819,0.000388707,0.000385863,0.000372096,0.000386024,0.00037355,0.000370965,0.000367507,0.000363564,0.000356745,0.000356131,0.000359913,0.000344303,0.000342526,0.000327369,0.000326368,0.000322974,0.000316414,0.000314766,0.000306784,0.000304198,0.000298898,0.000295861,0.0002872,0.000283774,0.000278086,0.000268456,0.000270492,0.000257436,0.000254689,0.000253461,0.000249001,0.000246319,0.000238337,0.000244606,0.000238272,0.000237399,0.000225927,0.000222921,0.000223794,0.000213291,0.000211901,0.000209251,0.000205406,0.00020783,0.000203887,0.000205341,0.000201431,0.000203725,0.000196099,0.000195161,0.000194967,0.00018928,0.000189247,0.00018482,0.000183269,0.000174866,0.000178518,0.000183463,0.000177581,0.000183657,0.000179585,0.000180877,0.000181814,0.000175254,0.00017506,0.000167175,0.000168048,0.000166044,0.000161713,0.000163588,0.000155218,0.000160647,0.000154862,0.000160647,0.000159839,0.000159387,0.000152406,0.000172346,0.000159516,0.000156575,0.000164913,0.00016013,0.000166626,0.000178518,0.000152988,0.000149465,0.000147753,0.000155379,0.000152697,0.000145749,0.000156769,0.000138284,0.000138025,0.000138865,0.000146104,0.000131239,0.000132047,0.000143196,0.000132951,0.000129461,0.000129881,0.00012177,0.000123353,0.000121253,0.000113949,0.000117342,0.000115048,0.000117892,0.000110233,0.000105935,0.000106904,0.000103705,0.000101346,9.97E-05,0.000100182,9.45E-05,9.25E-05,9.37E-05,8.71E-05,9.04E-05,9.09E-05,8.79E-05,8.32E-05,9.06E-05,8.70E-05,8.04E-05,7.85E-05,7.31E-05,7.34E-05,7.14E-05
,,,,,,,,,,,,,,,,,,,,,,,,,,,,,,,,,,,,,,,,,,,,,,,,,,,,,,,,,,,,,,,,,,,,,,,,,,,,,,,,,,,,,,,,,,,,,,,,,,,,,,,,,,,,,,,,,,,,,,,,,,,,,,,,,,,,,,,,,,,,,,,,,,,,,,,,,,,,,,,,,,,,,,,,,,,,,,,,,,,,,,,,,,,,,,,,,,,,,,,,,,,,,,,,,,,,,,,,,,,,,,,,,,,,,,,,,,,,,,,,,,,,,,,,,,,,,,,,,,,,,,,,,,,,,,,,,,,,,,,,,,,,,,,,,,,,,,,,,,,,,,,,,,,,,,,,,,,,,,,,,,,,,,,,,,,,,,,,,,,,,,,,,,,,,,,,,,,,,,,,,,,,,,,,,,,,,,,,,,,,,,,,,,,,,,,,,,,,,,,,,,,,,,,,,,,,,,,,,,,,,,,,,,,,,,,,,,,,,,,,,,,,,,,,,,,,,,,,,,,,,,,,,,,,,,,,,,,,,,,,,,,,,,,,,,,,,,,,,,,,,,,,,,,,,,,,,,,,,,,,,,,,,,,,,,,,,,,,,,,,,,,,,,,,,,,,,,,,,,,,,,,,,,,,,,,,,,,,,,,,,,,,,,,,,,,,,,,,,,,,,,,
,,60,,,,,,,,,,,,,,,,,,,,,,,,,,,,,,,,,,,,,,,,,,,,,,,,,,,,,,,,,,,,,,,,,,,,,,,,,,,,,,,,,,,,,,,,,,,,,,,,,,,,,,,,,,,,,,,,,,,,,,,,,,,,,,,,,,,,,,,,,,,,,,,,,,,,,,,,,,,,,,,,,,,,,,,,,,,,,,,,,,,,,,,,,,,,,,,,,,,,,,,,,,,,,,,,,,,,,,,,,,,,,,,,,,,,,,,,,,,,,,,,,,,,,,,,,,,,,,,,,,,,,,,,,,,,,,,,,,,,,,,,,,,,,,,,,,,,,,,,,,,,,,,,,,,,,,,,,,,,,,,,,,,,,,,,,,,,,,,,,,,,,,,,,,,,,,,,,,,,,,,,,,,,,,,,,,,,,,,,,,,,,,,,,,,,,,,,,,,,,,,,,,,,,,,,,,,,,,,,,,,,,,,,,,,,,,,,,,,,,,,,,,,,,,,,,,,,,,,,,,,,,,,,,,,,,,,,,,,,,,,,,,,,,,,,,,,,,,,,,,,,,,,,,,,,,,,,,,,,,,,,,,,,,,,,,,,,,,,,,,,,,,,,,,,,,,,,,,,,,,,,,,,,,,,,,,,,,,,,,,,,,,,,,,,,,,,,,,,,,,,,,
